1.01 1.8 207360 8 20736 960 192 0.9 0.7 1 12 7 0.03214285714285715 0.004166666666666667 10 0.005 10
1 [2073599, 0, 1, 0, 0, 0, 0, 0] 0
2 [2073599, 0, 1, 0, 0, 0, 0, 0] 0
3 [2073599, 0, 1, 0, 0, 0, 0, 0] 0
4 [2073598, 0, 1, 0, 0, 0, 0, 1] 0
5 [2073598, 0, 2, 0, 0, 0, 0, 0] 0
6 [2073598, 0, 2, 0, 0, 0, 0, 0] 0
7 [2073598, 0, 2, 0, 0, 0, 0, 0] 0
8 [2073597, 0, 2, 0, 0, 0, 0, 1] 0
9 [2073596, 0, 2, 0, 0, 0, 1, 1] 0
10 [2073596, 0, 3, 0, 0, 0, 1, 0] 0
11 [2073596, 0, 3, 0, 0, 0, 1, 0] 0
12 [2073595, 0, 3, 0, 0, 0, 1, 1] 0
13 [2073594, 0, 3, 0, 0, 0, 2, 1] 0
14 [2073594, 0, 4, 0, 0, 0, 2, 0] 0
15 [2073593, 0, 4, 0, 0, 0, 2, 1] 0
16 [2073592, 0, 5, 0, 0, 0, 2, 1] 0
17 [2073592, 0, 5, 0, 0, 0, 3, 0] 0
18 [2073590, 0, 4, 0, 0, 0, 4, 2] 0
19 [2073590, 0, 6, 0, 0, 0, 4, 0] 0
20 [2073589, 0, 6, 0, 0, 0, 4, 1] 0
21 [2073588, 0, 6, 0, 0, 0, 5, 1] 0
22 [2073586, 0, 6, 0, 0, 0, 6, 2] 0
23 [2073586, 2, 6, 0, 0, 0, 6, 0] 0
24 [2073585, 2, 5, 0, 0, 0, 7, 1] 0
25 [2073585, 2, 5, 0, 0, 0, 8, 0] 0
26 [2073585, 2, 5, 0, 0, 0, 8, 0] 0
27 [2073582, 2, 3, 0, 0, 0, 10, 3] 0
28 [2073582, 2, 6, 0, 0, 0, 10, 0] 0
29 [2073578, 2, 5, 0, 0, 0, 11, 4] 0
30 [2073578, 2, 8, 0, 0, 0, 12, 0] 0
31 [2073574, 2, 8, 0, 0, 0, 12, 4] 0
32 [2073572, 3, 11, 0, 0, 0, 12, 2] 0
33 [2073568, 5, 10, 0, 0, 0, 13, 4] 0
34 [2073566, 6, 13, 0, 0, 0, 13, 2] 0
35 [2073561, 7, 14, 0, 0, 0, 13, 5] 0
36 [2073557, 7, 14, 0, 0, 0, 18, 4] 0
37 [2073550, 7, 18, 0, 0, 0, 18, 7] 0
38 [2073544, 9, 19, 0, 0, 0, 22, 6] 0
39 [2073538, 12, 22, 0, 0, 0, 22, 6] 0
40 [2073530, 13, 24, 0, 0, 0, 25, 8] 0
41 [2073521, 14, 31, 0, 0, 0, 25, 9] 0
42 [2073509, 17, 34, 0, 0, 0, 28, 12] 0
43 [2073498, 18, 44, 0, 0, 0, 29, 11] 0
44 [2073491, 20, 50, 0, 0, 0, 32, 7] 0
45 [2073468, 23, 49, 0, 0, 0, 37, 23] 0
46 [2073443, 32, 56, 0, 0, 0, 44, 25] 0
47 [2073429, 37, 72, 0, 0, 0, 48, 14] 0
48 [2073393, 37, 78, 2, 0, 0, 54, 36] 0
49 [2073367, 54, 89, 2, 0, 0, 62, 26] 0
50 [2073336, 64, 99, 2, 0, 0, 68, 31] 0
51 [2073297, 74, 107, 2, 0, 0, 81, 39] 0
52 [2073256, 80, 128, 2, 0, 0, 93, 41] 0
53 [2073211, 88, 156, 3, 0, 0, 97, 45] 0
54 [2073151, 98, 178, 3, 0, 0, 110, 60] 0
55 [2073078, 109, 204, 4, 0, 0, 132, 73] 0
56 [2073007, 130, 243, 5, 0, 0, 144, 71] 0
57 [2072923, 148, 277, 5, 0, 0, 163, 84] 0
58 [2072828, 166, 321, 7, 0, 0, 183, 95] 0
59 [2072707, 181, 371, 8, 0, 0, 212, 121] 0
60 [2072574, 216, 421, 6, 0, 2, 248, 133] 0
61 [2072427, 251, 484, 7, 0, 2, 282, 147] 0
62 [2072256, 273, 555, 10, 0, 2, 333, 171] 0
63 [2072068, 321, 624, 10, 0, 2, 387, 188] 0
64 [2071847, 371, 701, 9, 0, 3, 448, 221] 0
65 [2071634, 438, 794, 9, 0, 3, 509, 213] 0
66 [2071330, 484, 891, 8, 0, 4, 579, 304] 0
67 [2071020, 562, 1038, 6, 1, 5, 658, 310] 1
68 [2070644, 648, 1167, 7, 0, 5, 752, 376] 1
69 [2070203, 745, 1327, 8, 0, 7, 868, 441] 1
70 [2069724, 866, 1518, 12, 0, 8, 992, 479] 1
71 [2069156, 978, 1746, 15, 0, 6, 1130, 568] 1
72 [2068527, 1117, 2019, 17, 0, 7, 1283, 629] 1
73 [2067809, 1250, 2324, 20, 1, 9, 1468, 718] 2
74 [2066996, 1406, 2689, 23, 1, 9, 1661, 813] 3
75 [2066069, 1596, 3040, 37, 0, 8, 1920, 927] 3
76 [2064973, 1823, 3469, 44, 0, 8, 2184, 1096] 3
77 [2063807, 2074, 3992, 52, 0, 7, 2499, 1166] 3
78 [2062399, 2351, 4505, 60, 0, 6, 2868, 1408] 3
79 [2060834, 2705, 5156, 67, 0, 7, 3263, 1565] 3
80 [2059055, 3083, 5853, 72, 0, 8, 3747, 1779] 3
81 [2056899, 3509, 6649, 78, 1, 11, 4294, 2156] 4
82 [2054511, 4032, 7629, 91, 0, 14, 4931, 2388] 4
83 [2051830, 4586, 8747, 104, 0, 15, 5633, 2681] 4
84 [2048834, 5248, 9985, 110, 1, 19, 6403, 2996] 5
85 [2045360, 5990, 11288, 122, 1, 23, 7337, 3474] 6
86 [2041370, 6855, 12892, 132, 1, 37, 8317, 3990] 7
87 [2036910, 7790, 14731, 161, 0, 44, 9497, 4460] 7
88 [2031827, 8846, 16753, 202, 0, 52, 10830, 5083] 7
89 [2025914, 10046, 19072, 233, 1, 60, 12354, 5913] 8
90 [2019383, 11479, 21722, 253, 3, 67, 14154, 6531] 11
91 [2011841, 13006, 24644, 300, 2, 70, 16184, 7542] 13
92 [2003315, 14850, 28032, 332, 0, 76, 18456, 8526] 13
93 [1993827, 16876, 31931, 393, 0, 87, 20985, 9488] 13
94 [1983083, 19064, 36230, 457, 1, 99, 23909, 10744] 14
95 [1971084, 21613, 40911, 507, 1, 106, 27365, 11999] 15
96 [1957703, 24520, 46127, 568, 3, 119, 31164, 13381] 18
97 [1942796, 27651, 51947, 639, 4, 130, 35508, 14907] 22
98 [1925874, 31153, 58221, 714, 2, 159, 40533, 16922] 24
99 [1907272, 35045, 65498, 801, 5, 197, 46156, 18602] 29
100 [1886386, 39283, 73337, 932, 1, 228, 52518, 20886] 30
101 [1863411, 43907, 82188, 1068, 1, 250, 59770, 22975] 31
102 [1838041, 49228, 91499, 1188, 2, 299, 67942, 25370] 33
103 [1810377, 55135, 101578, 1347, 8, 328, 77130, 27664] 41
104 [1779910, 61352, 112618, 1497, 13, 388, 87314, 30467] 54
105 [1746823, 67985, 124635, 1686, 5, 451, 98874, 33087] 59
106 [1710771, 75270, 137315, 1901, 6, 499, 111727, 36052] 65
107 [1672377, 83100, 150711, 2121, 9, 558, 126265, 38394] 74
108 [1630950, 91286, 164446, 2338, 8, 626, 142445, 41427] 82
109 [1587125, 99847, 178621, 2613, 8, 695, 160784, 43825] 90
110 [1541258, 108997, 193074, 2891, 17, 778, 180628, 45867] 107
111 [1492087, 117945, 207686, 3157, 13, 902, 202532, 49171] 120
112 [1441325, 127425, 222791, 3448, 13, 1025, 226691, 50762] 133
113 [1388815, 137065, 236761, 3791, 15, 1136, 253374, 52510] 148
114 [1334761, 146449, 250432, 4182, 15, 1295, 282264, 54054] 163
115 [1279262, 155632, 262858, 4503, 14, 1452, 314217, 55499] 177
116 [1223109, 164433, 274704, 4832, 21, 1633, 348538, 56153] 198
117 [1166583, 172802, 284909, 5234, 15, 1841, 385492, 56526] 213
118 [1110119, 180551, 293961, 5557, 18, 2064, 424653, 56464] 231
119 [1054312, 187405, 301169, 5930, 27, 2282, 466437, 55807] 258
120 [999347, 193355, 305522, 6312, 14, 2541, 511286, 54965] 272
121 [945749, 198287, 308489, 6608, 26, 2816, 557755, 53598] 298
122 [894016, 201651, 309336, 6957, 24, 3079, 606506, 51733] 322
123 [843857, 203533, 308028, 7261, 28, 3364, 657048, 50159] 350
124 [796282, 204898, 304376, 7515, 40, 3699, 708865, 47575] 390
125 [750823, 204390, 298456, 7700, 26, 4072, 762284, 45459] 416
126 [708001, 202577, 290750, 7925, 33, 4384, 816692, 42822] 449
127 [667550, 199684, 281320, 8098, 22, 4710, 871316, 40451] 471
128 [630558, 195515, 270832, 8146, 37, 5108, 925941, 36992] 508
129 [596174, 189828, 258440, 8224, 37, 5432, 980573, 34384] 545
130 [564402, 183378, 244832, 8217, 32, 5799, 1034623, 31772] 577
131 [535521, 176001, 230627, 8183, 31, 6161, 1087618, 28881] 608
132 [508849, 167796, 215743, 8161, 38, 6446, 1139287, 26672] 646
133 [485113, 158964, 201159, 8013, 19, 6791, 1189159, 23736] 665
134 [463510, 149720, 185954, 7836, 29, 7089, 1237194, 21603] 694
135 [444028, 140460, 171170, 7534, 32, 7348, 1282852, 19482] 726
136 [426969, 131240, 156475, 7250, 22, 7523, 1326336, 17059] 748
137 [411578, 121371, 142554, 6943, 24, 7757, 1367234, 15391] 772
138 [398199, 111937, 129307, 6607, 28, 7918, 1405453, 13379] 800
139 [386252, 102550, 116504, 6263, 21, 7976, 1441287, 11947] 821
140 [375894, 93472, 104767, 5928, 23, 8058, 1474279, 10358] 844
141 [366824, 84705, 93302, 5573, 23, 8059, 1505200, 9070] 867
142 [358861, 76709, 82934, 5139, 21, 8028, 1533078, 7963] 888
143 [351801, 68982, 73319, 4686, 16, 8017, 1558831, 7060] 904
144 [345642, 61801, 64548, 4311, 22, 7863, 1582350, 6159] 926
145 [340457, 55077, 56845, 3976, 17, 7685, 1603432, 5185] 943
146 [335897, 48859, 49720, 3666, 21, 7396, 1622538, 4560] 964
147 [332038, 43269, 43560, 3336, 14, 7113, 1639447, 3859] 978
148 [328523, 38157, 37861, 3002, 10, 6814, 1654740, 3515] 988
149 [325552, 33570, 33051, 2700, 12, 6487, 1668269, 2971] 1000
150 [322966, 29501, 28928, 2428, 7, 6137, 1680047, 2586] 1007
151 [320676, 25806, 25125, 2153, 4, 5806, 1690733, 2290] 1011
152 [318753, 22560, 21867, 1910, 7, 5463, 1700106, 1923] 1018
153 [317104, 19706, 18910, 1690, 9, 5044, 1708470, 1649] 1027
154 [315695, 17127, 16419, 1532, 8, 4594, 1715789, 1409] 1035
155 [314480, 14800, 14192, 1328, 8, 4231, 1722311, 1215] 1043
156 [313382, 12861, 12326, 1141, 2, 3904, 1727843, 1098] 1045
157 [312519, 11056, 10676, 1017, 4, 3603, 1732817, 863] 1049
158 [311745, 9496, 9184, 916, 2, 3281, 1737153, 774] 1051
159 [311117, 8213, 7957, 792, 3, 2952, 1740887, 628] 1054
160 [310520, 7097, 6781, 692, 1, 2657, 1744201, 597] 1055
161 [310001, 6159, 5834, 606, 1, 2389, 1747036, 519] 1056
162 [309592, 5277, 5034, 520, 1, 2116, 1749595, 409] 1057
163 [309200, 4576, 4321, 439, 2, 1876, 1751737, 392] 1059
164 [308922, 3915, 3750, 388, 3, 1663, 1753622, 278] 1062
165 [308673, 3331, 3177, 328, 0, 1507, 1755273, 249] 1062
166 [308458, 2879, 2708, 279, 1, 1310, 1756688, 215] 1063
167 [308287, 2457, 2314, 234, 3, 1125, 1757946, 171] 1066
168 [308116, 2104, 1991, 195, 0, 1004, 1758953, 171] 1066
169 [307967, 1798, 1690, 158, 1, 904, 1759867, 149] 1067
170 [307824, 1533, 1440, 139, 0, 783, 1760671, 143] 1067
171 [307724, 1346, 1254, 121, 0, 684, 1761304, 100] 1067
172 [307632, 1151, 1051, 109, 0, 597, 1761901, 92] 1067
173 [307560, 1001, 903, 100, 0, 511, 1762386, 72] 1067
174 [307499, 856, 787, 84, 0, 432, 1762814, 61] 1067
175 [307440, 704, 675, 75, 0, 383, 1763197, 59] 1067
176 [307394, 604, 595, 63, 1, 323, 1763507, 46] 1068
177 [307355, 506, 510, 53, 1, 275, 1763793, 39] 1069
178 [307317, 451, 436, 48, 1, 233, 1764007, 38] 1070
179 [307281, 383, 354, 40, 0, 193, 1764243, 36] 1070
180 [307252, 335, 311, 36, 0, 157, 1764410, 29] 1070
181 [307230, 303, 267, 28, 0, 138, 1764542, 22] 1070
182 [307214, 258, 231, 26, 0, 119, 1764666, 16] 1070
183 [307202, 216, 196, 20, 0, 106, 1764778, 12] 1070
184 [307184, 182, 161, 15, 0, 97, 1764873, 18] 1070
185 [307170, 161, 139, 15, 0, 81, 1764950, 14] 1070
186 [307158, 140, 116, 10, 0, 72, 1765022, 12] 1070
187 [307152, 118, 105, 9, 0, 61, 1765079, 6] 1070
188 [307147, 107, 79, 10, 0, 52, 1765130, 5] 1070
189 [307142, 92, 67, 10, 0, 48, 1765166, 5] 1070
190 [307138, 81, 58, 10, 0, 40, 1765199, 4] 1070
191 [307137, 72, 49, 9, 0, 36, 1765226, 1] 1070
192 [307135, 58, 42, 8, 0, 28, 1765257, 2] 1070
193 [307130, 52, 32, 5, 0, 26, 1765280, 5] 1070
194 [307128, 42, 30, 4, 0, 20, 1765304, 2] 1070
195 [307122, 33, 21, 3, 0, 15, 1765330, 6] 1070
196 [307121, 28, 24, 3, 0, 15, 1765338, 1] 1070
197 [307119, 24, 20, 3, 0, 10, 1765352, 2] 1070
198 [307118, 20, 16, 3, 0, 9, 1765363, 1] 1070
199 [307118, 13, 14, 2, 0, 10, 1765373, 0] 1070
200 [307116, 12, 14, 2, 0, 10, 1765374, 2] 1070
201 [307116, 9, 15, 1, 0, 10, 1765379, 0] 1070
202 [307114, 8, 11, 1, 0, 9, 1765385, 2] 1070
203 [307114, 9, 9, 1, 0, 8, 1765389, 0] 1070
204 [307113, 8, 3, 1, 0, 5, 1765399, 1] 1070
205 [307113, 7, 4, 1, 0, 4, 1765401, 0] 1070
206 [307113, 6, 4, 1, 0, 3, 1765403, 0] 1070
207 [307112, 5, 3, 0, 0, 3, 1765406, 1] 1070
208 [307112, 5, 4, 0, 0, 3, 1765406, 0] 1070
209 [307112, 5, 2, 0, 0, 3, 1765408, 0] 1070
210 [307112, 4, 2, 0, 0, 2, 1765410, 0] 1070
211 [307111, 2, 2, 0, 0, 2, 1765412, 1] 1070
212 [307111, 2, 3, 0, 0, 1, 1765413, 0] 1070
213 [307111, 2, 2, 0, 0, 1, 1765414, 0] 1070
214 [307110, 2, 2, 0, 0, 1, 1765414, 1] 1070
215 [307110, 2, 3, 0, 0, 1, 1765414, 0] 1070
216 [307110, 0, 2, 0, 0, 1, 1765417, 0] 1070
217 [307110, 0, 2, 0, 0, 1, 1765417, 0] 1070
218 [307110, 0, 2, 0, 0, 0, 1765418, 0] 1070
219 [307110, 0, 2, 0, 0, 0, 1765418, 0] 1070
220 [307110, 0, 1, 0, 0, 0, 1765419, 0] 1070
221 [307109, 0, 1, 0, 0, 0, 1765419, 1] 1070
222 [307109, 0, 2, 0, 0, 0, 1765419, 0] 1070
223 [307109, 0, 1, 0, 0, 0, 1765420, 0] 1070
224 [307109, 0, 1, 0, 0, 0, 1765420, 0] 1070
225 [307109, 0, 1, 0, 0, 0, 1765420, 0] 1070
226 [307109, 0, 1, 0, 0, 0, 1765420, 0] 1070
227 [307109, 0, 1, 0, 0, 0, 1765420, 0] 1070
228 [307109, 0, 1, 0, 0, 0, 1765420, 0] 1070
229 [307109, 0, 1, 0, 0, 0, 1765420, 0] 1070
230 [307109, 0, 0, 0, 0, 0, 1765421, 0] 1070
[307109, 0, 0, 0, 0, 0, 1765421, 0] 0.8513797260802469 1070
