1.0 2.0 207360 8 2073 960 192 0.9 0.5 1 12 7 0.03571428571428571 0.004166666666666667 10 0.005 10
1 [2073599, 0, 1, 0, 0, 0, 0, 0] 0
2 [2073599, 0, 1, 0, 0, 0, 0, 0] 0
3 [2073598, 0, 1, 0, 0, 0, 0, 1] 0
4 [2073596, 1, 1, 0, 0, 0, 0, 2] 0
5 [2073595, 1, 3, 0, 0, 0, 0, 1] 0
6 [2073593, 2, 3, 0, 0, 0, 0, 2] 0
7 [2073593, 3, 4, 0, 0, 0, 0, 0] 0
8 [2073592, 3, 4, 0, 0, 0, 0, 1] 0
9 [2073589, 3, 4, 0, 0, 0, 1, 3] 0
10 [2073587, 3, 7, 0, 0, 0, 1, 2] 0
11 [2073585, 5, 7, 0, 0, 0, 1, 2] 0
12 [2073581, 6, 8, 0, 0, 0, 1, 4] 0
13 [2073576, 7, 9, 0, 0, 0, 3, 5] 0
14 [2073574, 10, 11, 0, 0, 0, 3, 2] 0
15 [2073572, 12, 10, 0, 0, 0, 4, 2] 0
16 [2073570, 14, 10, 0, 0, 0, 4, 2] 0
17 [2073568, 13, 11, 0, 0, 0, 6, 2] 0
18 [2073564, 13, 10, 0, 0, 0, 9, 4] 0
19 [2073556, 14, 12, 0, 0, 0, 10, 8] 0
20 [2073549, 17, 15, 0, 0, 0, 12, 7] 0
21 [2073543, 22, 14, 0, 0, 0, 15, 6] 0
22 [2073532, 23, 17, 0, 0, 0, 17, 11] 0
23 [2073521, 27, 24, 0, 0, 0, 17, 11] 0
24 [2073507, 31, 29, 0, 0, 0, 19, 14] 0
25 [2073487, 36, 35, 0, 0, 0, 22, 20] 0
26 [2073473, 46, 42, 0, 0, 0, 25, 14] 0
27 [2073450, 50, 47, 0, 0, 0, 30, 23] 0
28 [2073420, 59, 55, 0, 0, 0, 36, 30] 0
29 [2073394, 65, 75, 0, 0, 0, 40, 26] 0
30 [2073365, 81, 80, 0, 0, 0, 45, 29] 0
31 [2073328, 100, 82, 1, 0, 0, 52, 37] 0
32 [2073287, 119, 93, 1, 0, 0, 59, 41] 0
33 [2073220, 136, 105, 1, 0, 0, 71, 67] 0
34 [2073168, 169, 124, 2, 0, 0, 85, 52] 0
35 [2073082, 193, 143, 4, 0, 0, 92, 86] 0
36 [2072994, 226, 179, 5, 0, 0, 108, 88] 0
37 [2072907, 258, 207, 5, 0, 0, 136, 87] 0
38 [2072773, 293, 241, 7, 0, 0, 152, 134] 0
39 [2072629, 359, 290, 7, 0, 0, 171, 144] 0
40 [2072467, 410, 357, 10, 0, 0, 194, 162] 0
41 [2072250, 469, 429, 11, 0, 0, 224, 217] 0
42 [2072032, 571, 506, 13, 0, 0, 260, 218] 0
43 [2071733, 659, 589, 18, 0, 1, 301, 299] 0
44 [2071377, 794, 684, 19, 0, 1, 369, 356] 0
45 [2070986, 951, 813, 19, 0, 2, 438, 391] 0
46 [2070523, 1135, 955, 20, 0, 4, 500, 463] 0
47 [2069993, 1319, 1139, 22, 0, 5, 592, 530] 0
48 [2069413, 1531, 1344, 26, 0, 5, 701, 580] 0
49 [2068728, 1768, 1556, 29, 0, 7, 827, 685] 0
50 [2067837, 2068, 1792, 35, 0, 7, 970, 891] 0
51 [2066855, 2471, 2120, 40, 0, 10, 1122, 982] 0
52 [2065743, 2882, 2466, 48, 0, 11, 1338, 1112] 0
53 [2064312, 3360, 2850, 60, 0, 13, 1574, 1431] 0
54 [2062720, 3991, 3377, 72, 0, 18, 1830, 1592] 0
55 [2060826, 4669, 3918, 93, 0, 19, 2181, 1894] 0
56 [2058708, 5506, 4569, 106, 0, 19, 2574, 2118] 0
57 [2056168, 6370, 5357, 120, 1, 20, 3024, 2540] 1
58 [2053271, 7434, 6302, 135, 2, 22, 3536, 2897] 3
59 [2049800, 8682, 7289, 159, 0, 26, 4170, 3471] 3
60 [2045887, 10140, 8569, 190, 0, 29, 4869, 3913] 3
61 [2041384, 11859, 9935, 222, 2, 35, 5657, 4503] 5
62 [2036115, 13830, 11433, 269, 2, 39, 6638, 5269] 7
63 [2029920, 16058, 13308, 312, 2, 47, 7751, 6195] 9
64 [2022818, 18661, 15457, 363, 2, 59, 9129, 7102] 11
65 [2014578, 21689, 17906, 407, 0, 71, 10698, 8240] 11
66 [2005394, 25263, 20687, 462, 1, 91, 12507, 9184] 12
67 [1994707, 29054, 23872, 548, 2, 104, 14614, 10687] 14
68 [1982479, 33526, 27401, 674, 0, 117, 17161, 12228] 14
69 [1968705, 38580, 31614, 773, 7, 133, 20000, 13774] 21
70 [1953163, 44278, 36336, 909, 3, 155, 23193, 15542] 24
71 [1935527, 50765, 41356, 1056, 3, 184, 27049, 17636] 27
72 [1915813, 57890, 47152, 1252, 4, 215, 31533, 19714] 31
73 [1893749, 66054, 53306, 1420, 2, 264, 36710, 22064] 33
74 [1869430, 74966, 60240, 1634, 4, 306, 42668, 24319] 37
75 [1842938, 84893, 67566, 1843, 2, 356, 49473, 26492] 39
76 [1813164, 95312, 75507, 2131, 7, 397, 57269, 29774] 46
77 [1781218, 106862, 84218, 2464, 8, 449, 66389, 31946] 54
78 [1747146, 119020, 93254, 2793, 10, 532, 76719, 34072] 64
79 [1710213, 131596, 102638, 3139, 23, 620, 88374, 36933] 87
80 [1671241, 145207, 112154, 3578, 30, 694, 101637, 38972] 117
81 [1630238, 158934, 121972, 4052, 26, 767, 116491, 41003] 143
82 [1587716, 172924, 131594, 4533, 39, 825, 133304, 42522] 182
83 [1543377, 187197, 140711, 5079, 53, 885, 151777, 44339] 235
84 [1497464, 201293, 149533, 5644, 69, 916, 172533, 45913] 304
85 [1450566, 215219, 157534, 6308, 57, 930, 195784, 46898] 361
86 [1403049, 228289, 165065, 7017, 78, 921, 221303, 47517] 439
87 [1355673, 240649, 171740, 7763, 75, 938, 248947, 47376] 514
88 [1307554, 251747, 176914, 8515, 94, 919, 279224, 48119] 608
89 [1259623, 262226, 181432, 9340, 96, 867, 311477, 47931] 704
90 [1212261, 270839, 184920, 10230, 107, 805, 346372, 47362] 811
91 [1164869, 278288, 187558, 11115, 129, 752, 382686, 47392] 940
92 [1118231, 284602, 189325, 12024, 134, 690, 421016, 46638] 1074
93 [1072476, 289038, 189852, 12976, 136, 651, 461642, 45755] 1210
94 [1027745, 292256, 189230, 13911, 163, 589, 503765, 44731] 1373
95 [983420, 293986, 188019, 14848, 164, 522, 546943, 44325] 1537
96 [939832, 294642, 186573, 15787, 157, 494, 590990, 43588] 1694
97 [896835, 294137, 184327, 16696, 197, 471, 636246, 42997] 1891
98 [854232, 292495, 181753, 17617, 194, 418, 682397, 42603] 2085
99 [812489, 290227, 179471, 18578, 182, 391, 728434, 41743] 2267
100 [771512, 287305, 176564, 19497, 182, 366, 774930, 40977] 2449
101 [731114, 284173, 173598, 20313, 234, 346, 820975, 40398] 2683
102 [691431, 280228, 171038, 21156, 226, 329, 866826, 39683] 2909
103 [652830, 276286, 168338, 22000, 231, 310, 912095, 38601] 3140
104 [614632, 272029, 165545, 22740, 244, 277, 956795, 38198] 3384
105 [577777, 267644, 162909, 23495, 265, 254, 1001017, 36855] 3649
106 [542194, 262932, 159791, 24217, 252, 251, 1044731, 35583] 3901
107 [507639, 257953, 156195, 24951, 261, 225, 1087920, 34555] 4162
108 [474975, 253163, 152537, 25647, 258, 206, 1129988, 32664] 4420
109 [443439, 247583, 148290, 26273, 297, 201, 1171561, 31536] 4717
110 [414226, 241613, 143814, 26908, 286, 193, 1212630, 29213] 5003
111 [386635, 234693, 138802, 27547, 285, 193, 1252851, 27591] 5288
112 [361200, 227416, 133259, 28103, 315, 179, 1292405, 25435] 5603
113 [337893, 219466, 126790, 28663, 313, 164, 1331401, 23307] 5916
114 [316872, 210676, 120097, 29183, 311, 158, 1369366, 21021] 6227
115 [297687, 201364, 112747, 29607, 318, 148, 1406317, 19185] 6545
116 [280965, 191399, 105012, 29962, 350, 146, 1442499, 16722] 6895
117 [265986, 180648, 97261, 30362, 346, 141, 1476982, 14979] 7241
118 [252889, 169419, 88888, 30666, 343, 138, 1510919, 13097] 7584
119 [241384, 157766, 80637, 30915, 342, 136, 1543331, 11505] 7926
120 [231605, 146019, 72577, 31120, 363, 130, 1574081, 9779] 8289
121 [223053, 133837, 64857, 31312, 343, 120, 1603237, 8552] 8632
122 [215802, 121947, 57387, 31451, 362, 106, 1630662, 7251] 8994
123 [209554, 110217, 50544, 31518, 371, 107, 1656047, 6248] 9365
124 [204384, 99254, 44122, 31549, 367, 111, 1679278, 5170] 9732
125 [199889, 88317, 38310, 31521, 358, 109, 1700869, 4495] 10090
126 [196019, 78100, 33090, 31421, 390, 108, 1720512, 3870] 10480
127 [192797, 68652, 28512, 31326, 379, 102, 1738130, 3222] 10859
128 [190169, 60024, 24320, 31205, 362, 99, 1753934, 2628] 11221
129 [187912, 51958, 20660, 31075, 332, 98, 1768087, 2257] 11553
130 [185992, 45067, 17505, 30866, 377, 98, 1780222, 1920] 11930
131 [184426, 38711, 14873, 30618, 383, 94, 1790999, 1566] 12313
132 [183090, 33109, 12577, 30349, 402, 94, 1800330, 1336] 12715
133 [181975, 28157, 10638, 30070, 386, 99, 1808445, 1115] 13101
134 [181030, 24030, 8948, 29748, 414, 98, 1815286, 945] 13515
135 [180232, 20332, 7425, 29471, 367, 91, 1821369, 798] 13882
136 [179506, 17198, 6295, 29115, 414, 91, 1826373, 726] 14296
137 [179012, 14531, 5344, 28806, 346, 92, 1830679, 494] 14642
138 [178534, 12277, 4508, 28414, 427, 104, 1834216, 478] 15069
139 [178160, 10363, 3748, 28114, 325, 103, 1837344, 374] 15394
140 [177852, 8716, 3115, 27766, 376, 102, 1839971, 308] 15770
141 [177570, 7256, 2599, 27395, 386, 98, 1842244, 282] 16156
142 [177348, 6089, 2190, 27060, 359, 95, 1844081, 222] 16515
143 [177147, 5096, 1828, 26677, 382, 97, 1845657, 201] 16897
144 [176991, 4288, 1520, 26266, 416, 94, 1846972, 156] 17313
145 [176868, 3628, 1251, 25909, 362, 94, 1848052, 123] 17675
146 [176767, 3032, 1054, 25557, 357, 97, 1848960, 101] 18032
147 [176667, 2534, 881, 25186, 368, 100, 1849732, 100] 18400
148 [176621, 2117, 754, 24820, 370, 95, 1850377, 46] 18770
149 [176564, 1762, 628, 24447, 366, 90, 1850916, 57] 19136
150 [176518, 1432, 502, 24047, 399, 87, 1851433, 46] 19535
151 [176468, 1224, 429, 23630, 407, 95, 1851762, 50] 19942
152 [176438, 1005, 353, 23194, 425, 104, 1852109, 30] 20367
153 [176404, 829, 287, 22806, 379, 109, 1852385, 34] 20746
154 [176386, 684, 237, 22394, 404, 112, 1852619, 18] 21150
155 [176363, 566, 190, 22011, 375, 116, 1852806, 23] 21525
156 [176341, 456, 151, 21656, 345, 124, 1852980, 22] 21870
157 [176329, 374, 139, 21257, 378, 138, 1853103, 12] 22248
158 [176322, 308, 120, 20853, 387, 145, 1853210, 7] 22635
159 [176315, 260, 96, 20429, 400, 164, 1853294, 7] 23035
160 [176306, 219, 71, 20056, 364, 163, 1853377, 9] 23399
161 [176298, 176, 61, 19662, 371, 181, 1853444, 8] 23770
162 [176292, 159, 48, 19272, 366, 191, 1853496, 6] 24136
163 [176287, 133, 43, 18895, 354, 198, 1853549, 5] 24490
164 [176285, 116, 35, 18520, 341, 222, 1853589, 2] 24831
165 [176284, 97, 24, 18127, 377, 224, 1853635, 1] 25208
166 [176282, 82, 19, 17742, 364, 233, 1853668, 2] 25572
167 [176280, 66, 18, 17360, 354, 245, 1853703, 2] 25926
168 [176278, 55, 18, 16977, 345, 262, 1853737, 2] 26271
169 [176276, 46, 14, 16576, 353, 290, 1853772, 2] 26624
170 [176276, 38, 9, 16178, 358, 306, 1853811, 0] 26982
171 [176274, 30, 7, 15754, 376, 345, 1853830, 2] 27358
172 [176273, 27, 4, 15369, 354, 354, 1853860, 1] 27712
173 [176272, 21, 4, 15023, 298, 378, 1853891, 1] 28010
174 [176271, 15, 5, 14641, 329, 409, 1853919, 1] 28339
175 [176270, 14, 3, 14270, 321, 425, 1853957, 1] 28660
176 [176270, 10, 3, 13873, 333, 473, 1853978, 0] 28993
177 [176269, 9, 3, 13535, 276, 514, 1854000, 1] 29269
178 [176268, 8, 4, 13144, 314, 563, 1854029, 1] 29583
179 [176268, 7, 5, 12786, 278, 604, 1854069, 0] 29861
180 [176267, 7, 5, 12410, 280, 652, 1854117, 1] 30141
181 [176267, 6, 5, 12017, 298, 707, 1854159, 0] 30439
182 [176267, 4, 4, 11641, 268, 766, 1854211, 0] 30707
183 [176267, 2, 4, 11251, 295, 829, 1854245, 0] 31002
184 [176267, 2, 3, 10854, 286, 892, 1854294, 0] 31288
185 [176267, 1, 3, 10474, 243, 975, 1854349, 0] 31531
186 [176267, 1, 2, 10106, 220, 1073, 1854400, 0] 31751
187 [176267, 1, 1, 9704, 257, 1154, 1854465, 0] 32008
188 [176267, 0, 1, 9291, 251, 1254, 1854528, 0] 32259
189 [176267, 0, 0, 8897, 218, 1353, 1854606, 0] 32477
190 [176267, 0, 0, 8449, 246, 1475, 1854686, 0] 32723
191 [176267, 0, 0, 8020, 206, 1602, 1854782, 0] 32929
192 [176267, 0, 0, 7592, 205, 1730, 1854877, 0] 33134
193 [176267, 0, 0, 7177, 189, 1848, 1854985, 0] 33323
194 [176267, 0, 0, 6742, 173, 2015, 1855080, 0] 33496
195 [176267, 0, 0, 6267, 174, 2205, 1855191, 0] 33670
196 [176267, 0, 0, 5815, 156, 2364, 1855328, 0] 33826
197 [176267, 0, 0, 5319, 148, 2564, 1855476, 0] 33974
198 [176267, 0, 0, 4865, 133, 2740, 1855621, 0] 34107
199 [176267, 0, 0, 4355, 104, 2984, 1855783, 0] 34211
200 [176267, 0, 0, 3873, 94, 3196, 1855959, 0] 34305
201 [176267, 0, 0, 3289, 91, 3487, 1856161, 0] 34396
202 [176267, 0, 0, 2727, 66, 3760, 1856384, 0] 34462
203 [176267, 0, 0, 2133, 54, 4077, 1856607, 0] 34516
204 [176267, 0, 0, 1547, 23, 4414, 1856833, 0] 34539
205 [176267, 0, 0, 954, 4, 4741, 1857095, 0] 34543
206 [176267, 0, 0, 522, 3, 4869, 1857396, 0] 34546
207 [176267, 0, 0, 252, 0, 4843, 1857692, 0] 34546
208 [176267, 0, 0, 117, 1, 4629, 1858040, 0] 34547
209 [176267, 0, 0, 48, 1, 4376, 1858361, 0] 34548
210 [176267, 0, 0, 14, 0, 4004, 1858767, 0] 34548
211 [176267, 0, 0, 1, 0, 3629, 1859155, 0] 34548
212 [176267, 0, 0, 0, 0, 3137, 1859648, 0] 34548
213 [176267, 0, 0, 0, 0, 2641, 1860144, 0] 34548
214 [176267, 0, 0, 0, 0, 2101, 1860684, 0] 34548
215 [176267, 0, 0, 0, 0, 1538, 1861247, 0] 34548
216 [176267, 0, 0, 0, 0, 949, 1861836, 0] 34548
217 [176267, 0, 0, 0, 0, 520, 1862265, 0] 34548
218 [176267, 0, 0, 0, 0, 250, 1862535, 0] 34548
219 [176267, 0, 0, 0, 0, 116, 1862669, 0] 34548
220 [176267, 0, 0, 0, 0, 48, 1862737, 0] 34548
221 [176267, 0, 0, 0, 0, 14, 1862771, 0] 34548
222 [176267, 0, 0, 0, 0, 1, 1862784, 0] 34548
223 [176267, 0, 0, 0, 0, 0, 1862785, 0] 34548
[176267, 0, 0, 0, 0, 0, 1862785, 0] 0.8983338155864198 34548
