1 [2073599, 1, 0, 0, 0, 0, 0, 0] 0
2 [2073599, 1, 0, 0, 0, 0, 0, 0] 0
3 [2073599, 1, 0, 0, 0, 0, 0, 0] 0
4 [2073599, 1, 0, 0, 0, 0, 0, 0] 0
5 [2073598, 1, 0, 0, 0, 0, 0, 1] 0
6 [2073598, 1, 1, 0, 0, 0, 0, 0] 0
7 [2073598, 1, 1, 0, 0, 0, 0, 0] 0
8 [2073598, 1, 1, 0, 0, 0, 0, 0] 0
9 [2073598, 1, 1, 0, 0, 0, 0, 0] 0
10 [2073598, 1, 1, 0, 0, 0, 0, 0] 0
11 [2073598, 1, 1, 0, 0, 0, 0, 0] 0
12 [2073598, 1, 1, 0, 0, 0, 0, 0] 0
13 [2073598, 1, 1, 0, 0, 0, 0, 0] 0
14 [2073598, 0, 0, 0, 0, 0, 2, 0] 0
[2073598, 0, 0, 0, 0, 0, 2, 0] 9.645061728395062e-07 0
