1.0 2.0 207360 8 2073 960 192 0.9 0.5 1 12 7 0.020833333333333332 0.008333333333333333 10 0.01 10
1 [2073599, 1, 0, 0, 0, 0, 0, 0] 0
2 [2073599, 1, 0, 0, 0, 0, 0, 0] 0
3 [2073599, 1, 0, 0, 0, 0, 0, 0] 0
4 [2073599, 1, 0, 0, 0, 0, 0, 0] 0
5 [2073599, 1, 0, 0, 0, 0, 0, 0] 0
6 [2073599, 0, 0, 1, 0, 0, 0, 0] 0
7 [2073599, 0, 0, 1, 0, 0, 0, 0] 0
8 [2073599, 0, 0, 1, 0, 0, 0, 0] 0
9 [2073599, 0, 0, 1, 0, 0, 0, 0] 0
10 [2073599, 0, 0, 1, 0, 0, 0, 0] 0
11 [2073599, 0, 0, 1, 0, 0, 0, 0] 0
12 [2073599, 0, 0, 1, 0, 0, 0, 0] 0
13 [2073599, 0, 0, 1, 0, 0, 0, 0] 0
14 [2073599, 0, 0, 1, 0, 0, 0, 0] 0
15 [2073599, 0, 0, 1, 0, 0, 0, 0] 0
16 [2073599, 0, 0, 1, 0, 0, 0, 0] 0
17 [2073599, 0, 0, 1, 0, 0, 0, 0] 0
18 [2073599, 0, 0, 0, 0, 1, 0, 0] 0
19 [2073599, 0, 0, 0, 0, 1, 0, 0] 0
20 [2073599, 0, 0, 0, 0, 1, 0, 0] 0
21 [2073599, 0, 0, 0, 0, 1, 0, 0] 0
22 [2073599, 0, 0, 0, 0, 1, 0, 0] 0
23 [2073599, 0, 0, 0, 0, 1, 0, 0] 0
24 [2073599, 0, 0, 0, 0, 1, 0, 0] 0
25 [2073599, 0, 0, 0, 0, 1, 0, 0] 0
26 [2073599, 0, 0, 0, 0, 1, 0, 0] 0
27 [2073599, 0, 0, 0, 0, 1, 0, 0] 0
28 [2073599, 0, 0, 0, 0, 1, 0, 0] 0
29 [2073599, 0, 0, 0, 0, 0, 1, 0] 0
[2073599, 0, 0, 0, 0, 0, 1, 0] 4.822530864197531e-07 0
