1.11 1.8 15 207360 8 2073 960 192 0.9 0.9 0.9 0 120 False 0.7 5 7 7 0.03214285714285715 0.0071428571428571435 20 0.0025 1 False False 1000 0.05 False
1 [2073585, 5, 10, 0, 0, 0, 0, 0, 0] 0 [0, 0, 0, 0, 0] 0 
2 [2073580, 5, 10, 0, 0, 0, 0, 5, 0] 0 [0, 0, 0, 0, 0] 0 
3 [2073576, 5, 10, 0, 0, 0, 0, 9, 0] 0 [0, 0, 0, 0, 0] 0 
4 [2073574, 5, 10, 0, 0, 0, 0, 11, 0] 0 [0, 0, 0, 0, 0] 0 
5 [2073569, 5, 10, 0, 0, 0, 0, 16, 0] 0 [0, 0, 0, 0, 0] 0 
6 [2073566, 5, 10, 0, 0, 0, 0, 19, 0] 0 [0, 0, 0, 0, 0] 0 
7 [2073560, 6, 14, 0, 0, 0, 0, 20, 0] 0 [0, 0, 0, 0, 0] 0 
8 [2073554, 2, 7, 0, 0, 0, 15, 22, 29] 0 [0, 0, 0, 0, 0] 0 
9 [2073551, 3, 8, 0, 0, 0, 15, 23, 29] 0 [0, 0, 0, 0, 0] 0 
10 [2073547, 6, 10, 0, 0, 0, 15, 22, 29] 0 [0, 0, 0, 0, 0] 0 
11 [2073544, 7, 12, 0, 0, 0, 15, 22, 29] 0 [0, 0, 0, 0, 0] 0 
12 [2073542, 11, 14, 0, 0, 0, 15, 18, 29] 0 [0, 0, 0, 0, 0] 0 
13 [2073536, 14, 17, 0, 0, 0, 15, 18, 29] 0 [0, 0, 0, 0, 0] 0 
14 [2073530, 14, 15, 0, 0, 0, 20, 21, 39] 0 [0, 0, 0, 0, 0] 0 
15 [2073524, 14, 15, 0, 0, 0, 24, 23, 45] 0 [0, 0, 0, 0, 0] 0 
16 [2073520, 13, 17, 0, 0, 0, 26, 24, 48] 0 [0, 0, 0, 0, 0] 0 
17 [2073511, 12, 15, 0, 0, 0, 31, 31, 57] 0 [0, 0, 0, 0, 0] 0 
18 [2073508, 13, 17, 0, 0, 0, 34, 28, 62] 0 [1, 0, 0, 0, 0] 0 
19 [2073502, 9, 21, 0, 0, 0, 40, 28, 69] 0 [1, 0, 0, 0, 0] 0 
20 [2073493, 8, 22, 0, 0, 0, 46, 31, 80] 0 [2, 0, 0, 0, 0] 0 
21 [2073482, 8, 23, 0, 0, 0, 49, 38, 82] 0 [2, 0, 0, 0, 0] 0 
22 [2073478, 8, 28, 0, 0, 0, 53, 33, 87] 0 [2, 0, 0, 0, 0] 0 
23 [2073472, 9, 27, 0, 0, 0, 56, 36, 91] 0 [2, 0, 0, 0, 0] 0 
24 [2073469, 8, 32, 0, 0, 0, 58, 33, 96] 0 [2, 0, 0, 0, 0] 0 
25 [2073463, 7, 36, 0, 0, 0, 64, 30, 101] 0 [1, 0, 0, 0, 1] 0 
26 [2073445, 12, 36, 0, 0, 0, 70, 37, 107] 0 [1, 0, 0, 0, 1] 0 
27 [2073435, 12, 34, 0, 0, 0, 76, 43, 123] 0 [0, 0, 0, 0, 2] 0 
28 [2073426, 13, 35, 0, 0, 0, 80, 46, 130] 0 [0, 0, 0, 0, 2] 0 
29 [2073415, 12, 30, 0, 0, 0, 89, 54, 145] 0 [0, 0, 0, 0, 2] 0 
30 [2073407, 12, 33, 0, 0, 0, 92, 56, 149] 0 [0, 0, 0, 0, 2] 0 
31 [2073403, 14, 43, 0, 0, 0, 98, 42, 158] 0 [1, 0, 0, 0, 2] 0 
32 [2073387, 18, 39, 1, 0, 0, 107, 48, 171] 0 [1, 0, 0, 0, 2] 0 
33 [2073370, 15, 41, 1, 0, 0, 117, 56, 180] 0 [1, 0, 0, 0, 3] 0 
34 [2073351, 18, 44, 2, 0, 0, 121, 64, 185] 0 [1, 0, 0, 0, 4] 0 
35 [2073332, 20, 44, 2, 0, 0, 127, 75, 198] 0 [1, 0, 0, 0, 4] 0 
36 [2073326, 22, 43, 2, 0, 0, 130, 77, 202] 0 [1, 0, 0, 0, 4] 0 
37 [2073314, 29, 46, 2, 0, 0, 136, 73, 212] 0 [3, 0, 0, 0, 4] 0 
38 [2073297, 33, 41, 2, 0, 0, 154, 73, 244] 0 [4, 0, 0, 0, 5] 0 
39 [2073278, 34, 50, 2, 0, 0, 163, 73, 257] 0 [4, 0, 0, 0, 5] 0 
40 [2073261, 37, 55, 4, 0, 0, 172, 71, 276] 0 [4, 1, 0, 0, 5] 0 
41 [2073243, 33, 54, 4, 0, 0, 183, 83, 294] 0 [4, 1, 0, 0, 5] 0 
42 [2073222, 31, 61, 4, 0, 0, 190, 92, 309] 0 [4, 1, 0, 0, 5] 0 
43 [2073194, 34, 71, 4, 0, 0, 194, 103, 317] 0 [4, 1, 0, 0, 5] 0 
44 [2073163, 30, 79, 4, 0, 0, 209, 115, 337] 0 [3, 1, 0, 0, 6] 0 
45 [2073135, 28, 80, 5, 0, 0, 226, 126, 377] 0 [1, 1, 0, 0, 8] 0 
46 [2073113, 27, 80, 5, 0, 0, 245, 130, 406] 0 [2, 1, 0, 0, 8] 0 
47 [2073083, 31, 78, 5, 0, 0, 264, 139, 430] 0 [4, 1, 0, 0, 10] 0 
48 [2073065, 36, 95, 5, 0, 0, 270, 129, 439] 0 [4, 1, 0, 0, 10] 0 
49 [2073039, 43, 106, 6, 0, 0, 282, 124, 460] 0 [3, 2, 0, 0, 10] 0 
50 [2073000, 43, 117, 6, 0, 0, 299, 135, 489] 0 [3, 2, 0, 0, 11] 0 
51 [2072950, 50, 114, 6, 0, 0, 317, 163, 515] 0 [4, 2, 0, 0, 11] 0 
52 [2072910, 52, 125, 6, 0, 0, 334, 173, 540] 0 [5, 2, 0, 0, 12] 0 
53 [2072869, 52, 125, 5, 0, 1, 352, 196, 573] 0 [4, 2, 0, 0, 14] 0 
54 [2072824, 54, 129, 4, 0, 1, 373, 215, 601] 0 [4, 2, 0, 0, 17] 0 
55 [2072773, 60, 134, 4, 0, 0, 402, 227, 660] 0 [5, 2, 0, 0, 17] 0 
56 [2072718, 61, 152, 4, 0, 0, 433, 232, 717] 0 [5, 2, 0, 0, 20] 0 
57 [2072664, 62, 163, 4, 0, 0, 461, 246, 769] 0 [5, 2, 0, 0, 22] 0 
58 [2072616, 66, 178, 4, 0, 0, 483, 253, 808] 0 [5, 2, 0, 0, 24] 0 
59 [2072567, 70, 189, 4, 0, 0, 513, 257, 868] 0 [8, 2, 0, 0, 25] 0 
60 [2072519, 82, 209, 3, 0, 2, 531, 254, 897] 0 [8, 1, 0, 1, 25] 0 
61 [2072440, 88, 232, 3, 0, 0, 559, 278, 937] 0 [8, 1, 0, 0, 29] 0 
62 [2072368, 91, 244, 4, 0, 0, 597, 296, 983] 0 [8, 1, 0, 0, 31] 0 
63 [2072289, 90, 242, 5, 0, 0, 647, 327, 1066] 0 [8, 1, 0, 0, 35] 0 
64 [2072217, 98, 243, 5, 0, 0, 687, 350, 1127] 0 [8, 1, 0, 0, 38] 0 
65 [2072138, 97, 251, 4, 0, 1, 728, 381, 1201] 0 [8, 1, 0, 0, 41] 0 
66 [2072033, 104, 278, 5, 0, 0, 773, 407, 1270] 0 [4, 1, 0, 0, 46] 0 
67 [2071938, 111, 291, 7, 0, 0, 823, 430, 1360] 0 [10, 1, 0, 0, 47] 0 
68 [2071833, 116, 309, 9, 0, 0, 877, 456, 1456] 0 [10, 2, 0, 0, 54] 0 
69 [2071723, 121, 322, 9, 0, 1, 930, 494, 1550] 0 [10, 1, 0, 1, 60] 0 
70 [2071595, 128, 347, 8, 1, 0, 978, 543, 1642] 1 [12, 1, 0, 0, 61] 0 
71 [2071483, 146, 384, 10, 0, 0, 1026, 550, 1724] 1 [12, 1, 0, 0, 62] 0 
72 [2071363, 156, 418, 13, 0, 0, 1074, 575, 1806] 1 [14, 2, 0, 0, 64] 0 
73 [2071239, 173, 428, 13, 0, 0, 1152, 594, 1943] 1 [19, 2, 0, 0, 70] 0 
74 [2071091, 189, 449, 16, 0, 0, 1222, 632, 2049] 1 [19, 3, 0, 0, 79] 0 
75 [2070953, 199, 486, 19, 0, 0, 1300, 642, 2195] 1 [19, 4, 0, 0, 87] 0 
76 [2070795, 206, 518, 21, 0, 0, 1371, 688, 2302] 1 [21, 4, 0, 0, 91] 0 
77 [2070615, 234, 531, 24, 0, 0, 1447, 748, 2424] 1 [26, 5, 0, 0, 93] 0 
78 [2070427, 249, 537, 26, 0, 0, 1548, 812, 2588] 1 [33, 5, 0, 0, 97] 0 
79 [2070232, 271, 569, 26, 0, 0, 1642, 859, 2748] 1 [33, 5, 0, 0, 103] 0 
80 [2070038, 275, 599, 27, 0, 1, 1744, 915, 2907] 1 [34, 5, 0, 0, 116] 0 
81 [2069854, 281, 641, 30, 0, 0, 1852, 941, 3109] 1 [35, 5, 0, 0, 126] 0 
82 [2069644, 286, 686, 32, 0, 1, 1979, 971, 3324] 1 [40, 5, 0, 0, 136] 0 
83 [2069413, 317, 733, 31, 1, 1, 2089, 1014, 3493] 2 [50, 5, 0, 0, 144] 0 
84 [2069160, 325, 797, 35, 0, 0, 2209, 1072, 3678] 2 [52, 6, 0, 0, 158] 0 
85 [2068918, 339, 852, 34, 2, 0, 2333, 1120, 3865] 4 [53, 5, 1, 0, 169] 1 
86 [2068624, 355, 872, 37, 0, 1, 2477, 1230, 4117] 4 [59, 5, 0, 0, 181] 1 
87 [2068328, 367, 932, 38, 0, 1, 2614, 1316, 4339] 4 [62, 6, 0, 0, 197] 1 
88 [2068015, 401, 973, 38, 0, 1, 2770, 1398, 4610] 4 [67, 5, 0, 1, 211] 1 
89 [2067713, 430, 1015, 41, 0, 0, 2950, 1447, 4877] 4 [68, 5, 0, 0, 234] 1 
90 [2067398, 442, 1055, 44, 0, 0, 3137, 1520, 5164] 4 [67, 5, 0, 0, 260] 1 
91 [2067073, 462, 1135, 46, 0, 2, 3327, 1551, 5466] 4 [73, 6, 0, 0, 280] 1 
92 [2066683, 486, 1215, 44, 1, 2, 3520, 1645, 5805] 5 [80, 7, 0, 0, 297] 1 
93 [2066251, 493, 1336, 47, 0, 0, 3704, 1764, 6088] 5 [75, 7, 0, 0, 317] 1 
94 [2065775, 522, 1398, 48, 0, 3, 3911, 1938, 6424] 5 [76, 7, 0, 1, 343] 1 
95 [2065312, 551, 1453, 45, 2, 3, 4143, 2086, 6819] 7 [83, 6, 0, 1, 376] 1 
96 [2064828, 586, 1490, 46, 0, 2, 4396, 2245, 7259] 7 [97, 6, 0, 0, 400] 1 
97 [2064317, 648, 1574, 47, 0, 3, 4638, 2366, 7665] 7 [105, 6, 0, 1, 431] 1 
98 [2063763, 706, 1650, 50, 2, 2, 4932, 2488, 8187] 9 [105, 8, 0, 0, 473] 1 
99 [2063192, 779, 1759, 53, 2, 0, 5223, 2583, 8667] 11 [113, 10, 0, 0, 510] 1 
100 [2062578, 849, 1842, 53, 1, 1, 5531, 2734, 9197] 12 [139, 11, 0, 0, 536] 1 
101 [2061963, 908, 1962, 56, 0, 2, 5832, 2865, 9715] 12 [148, 13, 0, 0, 560] 1 
102 [2061305, 954, 2110, 57, 1, 2, 6147, 3012, 10227] 13 [153, 13, 0, 0, 609] 1 
103 [2060558, 1006, 2285, 59, 1, 1, 6472, 3205, 10743] 14 [160, 13, 0, 0, 663] 1 
104 [2059754, 1050, 2424, 60, 0, 3, 6857, 3438, 11370] 14 [178, 12, 0, 1, 719] 1 
105 [2058884, 1096, 2554, 70, 0, 1, 7287, 3694, 12105] 14 [189, 14, 0, 0, 777] 1 
106 [2058023, 1151, 2640, 71, 0, 4, 7757, 3940, 12852] 14 [213, 15, 0, 0, 844] 1 
107 [2057131, 1214, 2769, 76, 0, 2, 8220, 4174, 13653] 14 [216, 16, 0, 1, 901] 1 
108 [2056172, 1294, 2953, 82, 0, 1, 8698, 4386, 14466] 14 [238, 17, 0, 0, 965] 1 
109 [2055197, 1374, 3162, 86, 1, 2, 9207, 4557, 15344] 15 [265, 20, 0, 0, 1028] 1 
110 [2054118, 1492, 3361, 88, 0, 3, 9757, 4766, 16245] 15 [291, 20, 0, 0, 1106] 1 
111 [2052938, 1582, 3563, 92, 0, 3, 10322, 5085, 17188] 15 [304, 20, 0, 1, 1194] 1 
112 [2051766, 1666, 3758, 98, 0, 1, 10931, 5365, 18173] 15 [320, 21, 0, 1, 1269] 1 
113 [2050488, 1740, 4028, 104, 0, 2, 11539, 5684, 19174] 15 [332, 23, 0, 0, 1378] 1 
114 [2049117, 1845, 4240, 106, 1, 4, 12192, 6080, 20231] 16 [350, 23, 0, 1, 1476] 1 
115 [2047617, 1936, 4483, 108, 0, 2, 12937, 6501, 21507] 16 [373, 23, 0, 0, 1603] 1 
116 [2046056, 2006, 4779, 117, 2, 3, 13739, 6882, 22789] 18 [382, 25, 0, 0, 1735] 1 
117 [2044491, 2088, 4998, 126, 0, 3, 14601, 7275, 24225] 18 [416, 25, 0, 1, 1864] 1 
118 [2042824, 2172, 5320, 139, 0, 6, 15457, 7664, 25653] 18 [439, 27, 0, 2, 1988] 1 
119 [2040951, 2321, 5644, 148, 3, 4, 16345, 8166, 27153] 21 [460, 27, 2, 2, 2121] 3 
120 [2039080, 2490, 6005, 165, 0, 2, 17300, 8537, 28776] 21 [487, 28, 0, 1, 2275] 3 
121 [2037079, 2640, 6435, 174, 3, 5, 18266, 8977, 30438] 24 [531, 28, 1, 2, 2420] 4 
122 [2034920, 2805, 6748, 191, 0, 3, 19338, 9571, 32163] 24 [567, 33, 0, 0, 2626] 4 
123 [2032577, 3006, 7038, 200, 3, 4, 20501, 10247, 34136] 27 [626, 34, 0, 0, 2805] 4 
124 [2030183, 3159, 7586, 216, 1, 4, 21656, 10768, 36034] 28 [653, 37, 0, 0, 3016] 4 
125 [2027683, 3382, 7969, 218, 2, 9, 22912, 11397, 38097] 30 [703, 38, 0, 2, 3228] 4 
126 [2024954, 3564, 8421, 226, 2, 4, 24274, 12125, 40322] 32 [766, 39, 1, 1, 3451] 5 
127 [2022144, 3734, 8899, 243, 1, 6, 25765, 12776, 42781] 33 [801, 41, 0, 1, 3718] 5 
128 [2019243, 4005, 9402, 263, 1, 6, 27313, 13334, 45365] 34 [877, 42, 0, 1, 3983] 5 
129 [2016117, 4251, 9978, 281, 4, 6, 28863, 14066, 47920] 38 [926, 48, 0, 2, 4267] 5 
130 [2012729, 4524, 10534, 302, 0, 4, 30515, 14954, 50642] 38 [988, 51, 0, 0, 4573] 5 
131 [2009275, 4833, 11066, 327, 2, 7, 32373, 15679, 53633] 40 [1036, 57, 1, 1, 4887] 6 
132 [2005561, 5073, 11764, 346, 3, 6, 34224, 16583, 56680] 43 [1097, 59, 1, 2, 5215] 7 
133 [2001587, 5322, 12402, 377, 2, 6, 36205, 17656, 59959] 45 [1127, 67, 1, 1, 5572] 8 
134 [1997503, 5643, 13048, 397, 2, 7, 38341, 18614, 63522] 47 [1215, 74, 1, 1, 5958] 9 
135 [1993225, 5896, 13839, 417, 3, 4, 40665, 19504, 67297] 50 [1258, 76, 1, 0, 6391] 10 
136 [1988680, 6143, 14627, 456, 4, 11, 43034, 20595, 71009] 54 [1349, 87, 1, 1, 6817] 11 
137 [1983949, 6441, 15531, 486, 2, 11, 45514, 21612, 75009] 56 [1409, 95, 0, 1, 7304] 11 
138 [1978909, 6801, 16422, 501, 4, 13, 48216, 22678, 79409] 60 [1503, 100, 1, 3, 7768] 12 
139 [1973612, 7171, 17332, 522, 5, 16, 50991, 23891, 83780] 65 [1596, 104, 0, 4, 8329] 12 
140 [1967967, 7597, 18269, 558, 6, 16, 53864, 25258, 88364] 71 [1718, 117, 2, 1, 8857] 14 
141 [1962164, 7987, 19283, 601, 1, 11, 56966, 26516, 93280] 72 [1801, 126, 0, 1, 9456] 14 
142 [1955995, 8384, 20217, 635, 3, 18, 60322, 27954, 98637] 75 [1927, 132, 0, 5, 10089] 14 
143 [1949666, 8897, 21286, 662, 5, 13, 63753, 29243, 104001] 80 [2010, 143, 0, 0, 10843] 14 
144 [1942907, 9419, 22346, 689, 6, 19, 67429, 30705, 109830] 86 [2199, 146, 0, 3, 11528] 14 
145 [1935705, 9877, 23557, 726, 5, 11, 71371, 32262, 116048] 91 [2368, 149, 2, 3, 12317] 16 
146 [1928386, 10439, 24694, 775, 8, 14, 75415, 33778, 122271] 99 [2529, 165, 0, 3, 13137] 16 
147 [1920499, 10982, 26029, 823, 5, 18, 79649, 35496, 128932] 104 [2676, 179, 1, 3, 14023] 17 
148 [1912368, 11433, 27344, 866, 5, 25, 84157, 37298, 136019] 109 [2798, 196, 0, 2, 14920] 17 
149 [1903795, 12016, 28783, 900, 3, 26, 88856, 39112, 143244] 112 [2934, 211, 0, 7, 15909] 17 
150 [1894849, 12630, 30312, 946, 7, 23, 93865, 40856, 151163] 119 [3131, 226, 2, 3, 16914] 19 
151 [1885565, 13253, 31701, 997, 7, 29, 99108, 42821, 159119] 126 [3296, 243, 0, 6, 17984] 19 
152 [1875891, 14035, 33155, 1038, 3, 26, 104718, 44608, 167731] 129 [3486, 253, 0, 5, 19225] 19 
153 [1865680, 14668, 34857, 1073, 4, 36, 110465, 46688, 176425] 133 [3659, 261, 1, 10, 20453] 20 
154 [1855029, 15443, 36485, 1122, 9, 26, 116587, 48766, 185607] 142 [3852, 273, 1, 8, 21831] 21 
155 [1843910, 16256, 38256, 1192, 5, 23, 122877, 50939, 195143] 147 [4136, 295, 2, 2, 23173] 23 
156 [1832315, 17030, 39992, 1240, 6, 44, 129576, 53250, 205286] 153 [4376, 305, 3, 12, 24582] 26 
157 [1820276, 17703, 41778, 1289, 10, 35, 136741, 55615, 216041] 163 [4555, 312, 4, 6, 26190] 30 
158 [1807803, 18521, 43842, 1359, 5, 26, 144004, 57877, 226994] 168 [4761, 332, 0, 8, 27801] 30 
159 [1794938, 19279, 45826, 1420, 6, 38, 151834, 60091, 238461] 174 [4982, 353, 1, 7, 29549] 31 
160 [1781578, 20158, 47909, 1475, 12, 53, 159909, 62332, 250294] 186 [5196, 377, 0, 16, 31417] 31 
161 [1767654, 21051, 50025, 1541, 5, 46, 168431, 64661, 262729] 191 [5487, 395, 2, 10, 33331] 33 
162 [1753053, 21955, 52184, 1619, 6, 50, 177319, 67223, 275652] 197 [5664, 430, 1, 11, 35393] 34 
163 [1738032, 22807, 54480, 1707, 10, 42, 186554, 69771, 288921] 207 [5867, 458, 2, 11, 37513] 36 
164 [1722503, 23888, 56590, 1768, 13, 51, 196145, 72435, 302575] 220 [6201, 485, 5, 6, 39702] 41 
165 [1706997, 24808, 58807, 1848, 16, 47, 206276, 74581, 316787] 236 [6459, 506, 4, 8, 42014] 45 
166 [1690537, 25709, 61150, 1941, 12, 64, 216834, 77117, 331475] 248 [6770, 528, 3, 18, 44509] 48 
167 [1673629, 26773, 63536, 2034, 12, 62, 227882, 79424, 346787] 260 [7106, 554, 4, 16, 47054] 52 
168 [1656324, 27635, 66094, 2112, 19, 63, 239385, 81708, 362749] 279 [7363, 582, 5, 16, 49707] 57 
169 [1638563, 28588, 68596, 2225, 15, 57, 251337, 83940, 379099] 294 [7656, 595, 4, 19, 52547] 61 
170 [1620191, 29475, 70690, 2339, 17, 67, 263721, 86806, 395924] 311 [7970, 630, 2, 17, 55390] 63 
171 [1601238, 30390, 73352, 2437, 21, 74, 276478, 89299, 413150] 332 [8205, 664, 5, 22, 58432] 68 
172 [1582162, 31402, 75878, 2546, 39, 53, 289721, 91467, 430839] 371 [8530, 708, 7, 12, 61530] 75 
173 [1562709, 32471, 78164, 2661, 34, 55, 303520, 93615, 448894] 405 [8822, 747, 5, 11, 64850] 80 
174 [1542798, 33418, 80394, 2741, 50, 64, 317965, 95765, 467665] 455 [9130, 758, 16, 16, 68345] 96 
175 [1522812, 34458, 82667, 2863, 46, 55, 332865, 97379, 487030] 501 [9411, 791, 13, 15, 71949] 109 
176 [1502288, 35342, 85194, 2976, 60, 58, 348231, 98950, 506492] 561 [9711, 832, 12, 11, 75612] 121 
177 [1481383, 36314, 87761, 3046, 68, 67, 363621, 100779, 525501] 629 [9899, 871, 9, 18, 79324] 130 
178 [1460221, 37184, 89889, 3141, 69, 50, 379929, 102488, 545696] 698 [10217, 899, 20, 14, 83277] 150 
179 [1438729, 38036, 92015, 3255, 69, 42, 396687, 104069, 566251] 767 [10518, 924, 24, 14, 87376] 174 
180 [1417311, 38814, 93881, 3392, 62, 46, 413826, 105501, 587019] 829 [10771, 955, 15, 18, 91580] 189 
181 [1395930, 39598, 95840, 3502, 90, 42, 431411, 106358, 607906] 919 [11078, 982, 35, 11, 95884] 224 
182 [1374156, 40453, 97498, 3630, 79, 43, 449595, 107227, 629255] 998 [11423, 1039, 19, 7, 100512] 243 
183 [1352339, 41397, 98779, 3736, 95, 43, 468331, 107882, 651026] 1093 [11680, 1065, 28, 14, 105190] 271 
184 [1330638, 42206, 100396, 3830, 79, 41, 487226, 108091, 672322] 1172 [12002, 1081, 28, 14, 109827] 299 
185 [1308853, 42762, 101781, 3936, 109, 48, 506481, 108458, 693896] 1281 [12196, 1111, 29, 15, 114674] 328 
186 [1286934, 43078, 102887, 4083, 106, 33, 526202, 108996, 715484] 1387 [12380, 1169, 24, 12, 119762] 352 
187 [1265233, 43480, 104212, 4248, 89, 44, 545984, 108923, 737145] 1476 [12441, 1231, 27, 13, 124794] 379 
188 [1243688, 43928, 105020, 4373, 118, 33, 566313, 108651, 758953] 1594 [12578, 1275, 35, 11, 130044] 414 
189 [1222610, 44043, 105725, 4464, 126, 37, 586973, 108028, 780616] 1720 [12575, 1312, 41, 5, 135445] 455 
190 [1201495, 44172, 106181, 4611, 141, 23, 607899, 107358, 802378] 1861 [12772, 1345, 43, 3, 140807] 498 
191 [1180735, 44299, 106497, 4728, 122, 27, 629132, 106199, 824120] 1983 [12858, 1369, 46, 6, 146230] 544 
192 [1160262, 44667, 106442, 4833, 135, 29, 650278, 104971, 845280] 2118 [12972, 1388, 41, 12, 151689] 585 
193 [1140183, 44789, 106508, 4932, 144, 20, 671401, 103505, 866121] 2262 [12981, 1414, 42, 5, 157282] 627 
194 [1120307, 44633, 105949, 5059, 147, 20, 692920, 102303, 886801] 2409 [13056, 1477, 34, 8, 162746] 661 
195 [1100728, 44272, 105575, 5181, 140, 31, 714497, 100767, 907309] 2549 [12930, 1521, 44, 8, 168453] 705 
196 [1081636, 44056, 104859, 5285, 156, 22, 735938, 99099, 927554] 2705 [12974, 1557, 39, 4, 174113] 744 
197 [1063080, 43652, 103935, 5398, 145, 22, 757481, 97182, 947184] 2850 [12804, 1590, 40, 6, 179831] 784 
198 [1044994, 43094, 102641, 5480, 174, 21, 779157, 95189, 966914] 3024 [12805, 1613, 54, 5, 185563] 838 
199 [1027485, 42550, 101397, 5549, 170, 28, 800575, 92822, 986001] 3194 [12699, 1630, 48, 8, 191327] 886 
200 [1010579, 42084, 99914, 5666, 155, 15, 821844, 90149, 1004685] 3349 [12534, 1675, 36, 4, 196942] 922 
201 [994000, 41427, 98584, 5766, 163, 14, 842661, 87636, 1022529] 3512 [12361, 1724, 35, 3, 202556] 957 
202 [977835, 40683, 96798, 5842, 162, 12, 863511, 85245, 1039981] 3674 [12165, 1753, 56, 0, 208163] 1013 
203 [962194, 39889, 94957, 5891, 164, 21, 884010, 82800, 1057134] 3838 [11941, 1780, 47, 2, 213687] 1060 
204 [947051, 38913, 92960, 5951, 186, 12, 904255, 80434, 1073731] 4024 [11734, 1803, 60, 4, 219164] 1120 
205 [932472, 37965, 90746, 5987, 211, 13, 924075, 78107, 1089734] 4235 [11402, 1823, 53, 2, 224587] 1173 
206 [918413, 36916, 88501, 5996, 210, 19, 943723, 75587, 1105441] 4445 [11088, 1812, 73, 7, 229987] 1246 
207 [904894, 35960, 86077, 6039, 171, 19, 963054, 72941, 1120569] 4616 [10887, 1828, 45, 3, 235174] 1291 
208 [892017, 34924, 83703, 6062, 179, 14, 981908, 70177, 1135221] 4795 [10598, 1837, 54, 3, 240381] 1345 
209 [879618, 33974, 81245, 6081, 189, 16, 1000249, 67433, 1149402] 4984 [10304, 1829, 65, 6, 245540] 1410 
210 [867842, 32968, 78801, 6078, 179, 12, 1018106, 64630, 1162866] 5163 [10014, 1838, 47, 3, 250552] 1457 
211 [856512, 31928, 76435, 6080, 175, 11, 1035395, 61901, 1175643] 5338 [9692, 1827, 60, 3, 255388] 1517 
212 [845524, 30995, 74009, 6030, 211, 10, 1052113, 59370, 1187875] 5549 [9502, 1796, 76, 2, 260060] 1593 
213 [835348, 29771, 71513, 6032, 208, 15, 1068495, 56669, 1199690] 5757 [9162, 1804, 57, 7, 264550] 1650 
214 [825606, 28526, 69003, 6012, 191, 11, 1084482, 54012, 1211114] 5948 [8844, 1801, 41, 5, 269067] 1691 
215 [816097, 27349, 66338, 5981, 198, 12, 1099932, 51745, 1221972] 6146 [8507, 1782, 73, 2, 273436] 1764 
216 [807308, 26234, 63711, 5916, 196, 10, 1114875, 49204, 1232250] 6342 [8280, 1771, 59, 3, 277684] 1823 
217 [798964, 25187, 61201, 5864, 196, 14, 1129272, 46560, 1242102] 6538 [7970, 1757, 58, 6, 281772] 1881 
218 [790884, 24080, 58455, 5788, 220, 12, 1143159, 44464, 1251395] 6758 [7626, 1727, 77, 2, 285687] 1958 
219 [783281, 22997, 55797, 5729, 182, 14, 1156517, 42325, 1260108] 6940 [7265, 1727, 47, 2, 289607] 2005 
220 [776161, 22026, 53402, 5671, 183, 11, 1169270, 39936, 1268435] 7123 [6961, 1706, 55, 2, 293273] 2060 
221 [769381, 21022, 50807, 5615, 188, 13, 1181524, 37927, 1276551] 7311 [6670, 1684, 58, 3, 296858] 2118 
222 [762976, 20068, 48321, 5551, 189, 13, 1193183, 35988, 1284117] 7500 [6380, 1658, 57, 5, 300196] 2175 
223 [757045, 19176, 45990, 5462, 189, 15, 1204384, 33839, 1291245] 7689 [6098, 1623, 59, 9, 303517] 2234 
224 [751338, 18171, 43628, 5354, 201, 18, 1215258, 31943, 1298039] 7890 [5789, 1601, 53, 7, 306688] 2287 
225 [746116, 17297, 41479, 5271, 182, 22, 1225298, 30045, 1304253] 8072 [5592, 1574, 56, 11, 309631] 2343 
226 [741180, 16424, 39419, 5180, 178, 16, 1234930, 28201, 1310142] 8250 [5290, 1539, 59, 4, 312491] 2402 
227 [736251, 15535, 37231, 5101, 158, 20, 1244329, 26725, 1315959] 8408 [5073, 1544, 35, 4, 315179] 2437 
228 [731725, 14755, 35170, 4974, 187, 27, 1253034, 25320, 1321298] 8595 [4824, 1511, 59, 5, 317738] 2496 
229 [727389, 13917, 33398, 4874, 175, 11, 1261292, 23949, 1326293] 8770 [4587, 1491, 51, 2, 320153] 2547 
230 [723361, 12972, 31490, 4782, 168, 18, 1269284, 22755, 1331275] 8938 [4245, 1478, 43, 6, 322587] 2590 
231 [719617, 12211, 29600, 4677, 147, 28, 1276819, 21563, 1335766] 9085 [4019, 1456, 43, 6, 324829] 2633 
232 [716118, 11624, 28022, 4527, 192, 24, 1283875, 20133, 1339930] 9277 [3777, 1411, 55, 12, 326919] 2688 
233 [712877, 10960, 26435, 4403, 169, 28, 1290603, 18848, 1343842] 9446 [3597, 1382, 46, 4, 328962] 2734 
234 [709787, 10401, 24948, 4313, 139, 23, 1296941, 17602, 1347538] 9585 [3380, 1343, 47, 11, 330913] 2781 
235 [706817, 9712, 23735, 4183, 157, 33, 1302834, 16544, 1351032] 9742 [3193, 1315, 41, 5, 332786] 2822 
236 [704105, 9168, 22326, 4068, 145, 29, 1308505, 15512, 1354344] 9887 [3029, 1273, 49, 9, 334521] 2871 
237 [701543, 8741, 21035, 3920, 164, 37, 1313698, 14575, 1357391] 10051 [2902, 1212, 62, 13, 336125] 2933 
238 [699091, 8272, 19825, 3812, 133, 34, 1318596, 13786, 1360290] 10184 [2753, 1188, 31, 9, 337669] 2964 
239 [696828, 7678, 18589, 3702, 125, 41, 1323494, 12959, 1363027] 10309 [2572, 1159, 33, 17, 339127] 2997 
240 [694723, 7229, 17485, 3584, 139, 39, 1327998, 12094, 1365603] 10448 [2439, 1125, 36, 15, 340542] 3033 
241 [692663, 6708, 16393, 3460, 134, 34, 1332318, 11442, 1368079] 10582 [2301, 1073, 49, 14, 341879] 3082 
242 [690883, 6347, 15318, 3345, 118, 42, 1336305, 10660, 1370378] 10700 [2154, 1037, 41, 12, 343133] 3123 
243 [689150, 6030, 14347, 3216, 113, 56, 1340047, 9941, 1372346] 10813 [2045, 990, 39, 17, 344332] 3162 
244 [687541, 5622, 13527, 3085, 102, 62, 1343561, 9287, 1374389] 10915 [1921, 956, 25, 21, 345438] 3187 
245 [686032, 5292, 12735, 2941, 108, 65, 1346821, 8691, 1376207] 11023 [1819, 916, 25, 25, 346466] 3212 
246 [684634, 5023, 11986, 2818, 86, 67, 1349934, 8029, 1377941] 11109 [1766, 869, 29, 26, 347426] 3241 
247 [683293, 4651, 11174, 2680, 70, 99, 1352934, 7590, 1379611] 11179 [1617, 839, 19, 25, 348363] 3260 
248 [682064, 4368, 10481, 2550, 75, 84, 1355713, 7086, 1381138] 11254 [1528, 797, 28, 25, 349233] 3288 
249 [680845, 4080, 9825, 2424, 59, 93, 1358324, 6696, 1382578] 11313 [1443, 761, 17, 28, 350042] 3305 
250 [679735, 3750, 9217, 2274, 38, 136, 1360840, 6297, 1383976] 11351 [1332, 712, 16, 41, 350829] 3321 
251 [678649, 3530, 8588, 2119, 44, 128, 1363206, 5985, 1385322] 11395 [1253, 661, 14, 42, 351605] 3335 
252 [677701, 3329, 8032, 1944, 32, 159, 1365416, 5592, 1386519] 11427 [1188, 609, 14, 43, 352313] 3349 
253 [676814, 3063, 7467, 1772, 15, 179, 1367613, 5250, 1387727] 11442 [1071, 563, 2, 49, 353053] 3351 
254 [675976, 2901, 7069, 1614, 11, 168, 1369550, 4869, 1388765] 11453 [1025, 517, 4, 49, 353667] 3355 
255 [675207, 2752, 6599, 1452, 10, 171, 1371428, 4528, 1389853] 11463 [977, 469, 3, 49, 354281] 3358 
256 [674458, 2647, 6192, 1313, 10, 143, 1373183, 4191, 1390772] 11473 [933, 425, 1, 46, 354848] 3359 
257 [673809, 2494, 5777, 1165, 7, 161, 1374822, 3892, 1391598] 11480 [870, 372, 3, 57, 355383] 3362 
258 [673175, 2353, 5415, 1028, 10, 141, 1376359, 3639, 1392416] 11490 [815, 334, 0, 41, 355870] 3362 
259 [672539, 2172, 5099, 924, 3, 112, 1377824, 3437, 1393186] 11493 [739, 300, 1, 37, 356336] 3363 
260 [671988, 2040, 4776, 824, 3, 109, 1379148, 3219, 1393860] 11496 [694, 271, 1, 36, 356744] 3364 
261 [671454, 1917, 4433, 717, 3, 114, 1380462, 3004, 1394521] 11499 [653, 231, 1, 45, 357155] 3365 
262 [670935, 1754, 4138, 625, 5, 101, 1381669, 2874, 1395167] 11504 [597, 203, 2, 30, 357565] 3367 
263 [670505, 1575, 3870, 541, 2, 90, 1382843, 2670, 1395745] 11506 [547, 174, 1, 30, 357961] 3368 
264 [670079, 1487, 3647, 467, 2, 77, 1383875, 2460, 1396306] 11508 [521, 157, 0, 21, 358316] 3368 
265 [669675, 1381, 3417, 406, 4, 63, 1384833, 2313, 1396821] 11512 [490, 135, 1, 22, 358613] 3369 
266 [669293, 1305, 3193, 358, 2, 49, 1385727, 2161, 1397283] 11514 [467, 120, 1, 15, 358908] 3370 
267 [668936, 1250, 2995, 312, 4, 52, 1386538, 1999, 1397736] 11518 [446, 108, 2, 15, 359183] 3372 
268 [668612, 1121, 2810, 274, 1, 44, 1387327, 1893, 1398172] 11519 [402, 92, 1, 17, 359448] 3373 
269 [668296, 1054, 2653, 251, 0, 33, 1388011, 1783, 1398546] 11519 [372, 85, 0, 12, 359663] 3373 
270 [667978, 1001, 2469, 233, 2, 27, 1388674, 1697, 1398900] 11521 [343, 76, 0, 10, 359878] 3373 
271 [667730, 920, 2302, 217, 5, 15, 1389327, 1563, 1399264] 11526 [314, 73, 2, 4, 360105] 3375 
272 [667480, 869, 2158, 204, 2, 15, 1389890, 1456, 1399566] 11528 [297, 68, 2, 4, 360286] 3377 
273 [667244, 813, 2005, 188, 2, 20, 1390432, 1368, 1399844] 11530 [284, 64, 1, 5, 360465] 3378 
274 [667023, 749, 1870, 173, 0, 18, 1390964, 1273, 1400148] 11530 [269, 60, 0, 6, 360646] 3378 
275 [666827, 745, 1766, 155, 3, 18, 1391405, 1151, 1400360] 11533 [266, 59, 0, 4, 360792] 3378 
276 [666626, 688, 1647, 146, 0, 13, 1391843, 1104, 1400606] 11533 [260, 56, 0, 3, 360929] 3378 
277 [666443, 643, 1540, 130, 2, 17, 1392255, 1037, 1400817] 11535 [243, 52, 1, 5, 361050] 3379 
278 [666287, 607, 1432, 122, 1, 10, 1392649, 957, 1401032] 11536 [228, 52, 0, 2, 361181] 3379 
279 [666100, 558, 1343, 114, 1, 11, 1393014, 923, 1401232] 11537 [217, 48, 0, 4, 361290] 3379 
280 [665952, 520, 1252, 105, 0, 11, 1393348, 875, 1401434] 11537 [210, 41, 0, 7, 361395] 3379 
281 [665809, 504, 1156, 98, 0, 8, 1393671, 817, 1401607] 11537 [195, 36, 0, 5, 361508] 3379 
282 [665679, 449, 1078, 88, 1, 13, 1393991, 764, 1401767] 11538 [176, 33, 1, 4, 361612] 3380 
283 [665556, 423, 1006, 87, 1, 7, 1394251, 731, 1401880] 11539 [163, 35, 0, 1, 361711] 3380 
284 [665449, 402, 965, 83, 2, 4, 1394505, 651, 1402026] 11541 [160, 31, 1, 3, 361788] 3381 
285 [665327, 382, 902, 79, 0, 5, 1394739, 625, 1402158] 11541 [149, 30, 0, 1, 361879] 3381 
286 [665220, 363, 838, 80, 1, 3, 1394965, 589, 1402293] 11542 [134, 31, 0, 1, 361954] 3381 
287 [665118, 344, 793, 75, 0, 7, 1395160, 561, 1402398] 11542 [121, 27, 0, 4, 362027] 3381 
288 [665032, 302, 758, 73, 0, 5, 1395364, 524, 1402527] 11542 [111, 27, 0, 1, 362095] 3381 
289 [664954, 292, 698, 65, 0, 8, 1395546, 495, 1402653] 11542 [109, 22, 0, 5, 362171] 3381 
290 [664873, 275, 678, 59, 0, 9, 1395710, 454, 1402743] 11542 [105, 22, 0, 1, 362228] 3381 
291 [664793, 259, 615, 58, 0, 3, 1395903, 427, 1402834] 11542 [102, 20, 0, 2, 362290] 3381 
292 [664732, 235, 593, 57, 0, 3, 1396052, 386, 1402913] 11542 [91, 19, 0, 1, 362346] 3381 
293 [664672, 213, 557, 56, 0, 5, 1396195, 360, 1402993] 11542 [86, 18, 0, 2, 362386] 3381 
294 [664601, 194, 526, 55, 0, 3, 1396326, 353, 1403062] 11542 [81, 17, 0, 2, 362425] 3381 
295 [664546, 180, 498, 52, 0, 3, 1396452, 327, 1403133] 11542 [73, 14, 0, 3, 362476] 3381 
296 [664491, 160, 491, 48, 0, 4, 1396562, 302, 1403197] 11542 [62, 14, 0, 0, 362520] 3381 
297 [664439, 149, 440, 47, 1, 3, 1396686, 293, 1403263] 11543 [57, 14, 0, 2, 362575] 3381 
298 [664398, 138, 404, 46, 0, 3, 1396794, 274, 1403321] 11543 [51, 12, 0, 2, 362621] 3381 
299 [664351, 130, 382, 42, 0, 4, 1396898, 250, 1403380] 11543 [51, 12, 0, 0, 362652] 3381 
300 [664314, 123, 358, 40, 0, 2, 1396988, 232, 1403437] 11543 [48, 12, 0, 0, 362687] 3381 
301 [664278, 120, 337, 43, 0, 0, 1397066, 213, 1403475] 11543 [46, 14, 0, 0, 362716] 3381 
302 [664238, 114, 314, 40, 0, 4, 1397146, 201, 1403516] 11543 [44, 13, 0, 2, 362736] 3381 
303 [664195, 104, 286, 35, 0, 5, 1397229, 203, 1403564] 11543 [43, 11, 0, 2, 362769] 3381 
304 [664155, 95, 283, 34, 0, 2, 1397292, 196, 1403594] 11543 [42, 11, 0, 0, 362797] 3381 
305 [664126, 84, 272, 33, 0, 1, 1397353, 188, 1403626] 11543 [38, 11, 0, 0, 362814] 3381 
306 [664103, 82, 238, 29, 0, 5, 1397425, 175, 1403665] 11543 [36, 9, 0, 2, 362840] 3381 
307 [664079, 79, 227, 27, 0, 2, 1397484, 159, 1403703] 11543 [35, 9, 0, 0, 362862] 3381 
308 [664057, 87, 209, 24, 0, 3, 1397539, 138, 1403729] 11543 [36, 8, 0, 1, 362890] 3381 
309 [664034, 87, 197, 24, 0, 0, 1397594, 121, 1403761] 11543 [35, 8, 0, 0, 362906] 3381 
310 [664014, 85, 187, 21, 0, 3, 1397635, 112, 1403788] 11543 [33, 7, 0, 1, 362925] 3381 
311 [663991, 75, 172, 19, 1, 2, 1397685, 112, 1403811] 11544 [25, 8, 0, 0, 362946] 3381 
312 [663969, 72, 162, 17, 0, 2, 1397724, 110, 1403829] 11544 [26, 8, 0, 0, 362959] 3381 
313 [663954, 67, 154, 13, 0, 4, 1397761, 103, 1403842] 11544 [27, 7, 0, 1, 362972] 3381 
314 [663941, 62, 140, 13, 0, 2, 1397805, 93, 1403874] 11544 [21, 8, 0, 1, 362991] 3381 
315 [663928, 53, 128, 13, 0, 0, 1397848, 86, 1403896] 11544 [19, 8, 0, 0, 363004] 3381 
316 [663917, 43, 119, 15, 0, 0, 1397888, 74, 1403913] 11544 [16, 9, 0, 0, 363017] 3381 
317 [663911, 44, 111, 11, 1, 3, 1397917, 58, 1403929] 11545 [17, 6, 1, 2, 363029] 3382 
318 [663899, 46, 103, 10, 0, 1, 1397941, 55, 1403936] 11545 [17, 6, 0, 0, 363037] 3382 
319 [663886, 46, 92, 10, 0, 0, 1397966, 55, 1403949] 11545 [15, 6, 0, 0, 363046] 3382 
320 [663870, 41, 88, 10, 0, 0, 1397988, 58, 1403964] 11545 [13, 6, 0, 0, 363054] 3382 
321 [663863, 38, 79, 7, 0, 3, 1398011, 54, 1403977] 11545 [14, 4, 0, 2, 363059] 3382 
322 [663855, 32, 70, 7, 0, 1, 1398034, 56, 1403987] 11545 [11, 3, 0, 1, 363067] 3382 
323 [663850, 30, 61, 7, 0, 0, 1398058, 49, 1403997] 11545 [11, 3, 0, 0, 363079] 3382 
324 [663845, 25, 57, 6, 0, 1, 1398080, 41, 1404009] 11545 [8, 3, 0, 0, 363089] 3382 
325 [663839, 29, 54, 6, 0, 0, 1398096, 31, 1404013] 11545 [10, 3, 0, 0, 363095] 3382 
326 [663837, 25, 52, 6, 0, 1, 1398108, 26, 1404017] 11545 [10, 3, 0, 0, 363097] 3382 
327 [663830, 26, 46, 6, 0, 0, 1398122, 25, 1404024] 11545 [10, 3, 0, 0, 363102] 3382 
328 [663825, 23, 43, 6, 0, 0, 1398133, 25, 1404027] 11545 [10, 3, 0, 0, 363105] 3382 
329 [663820, 22, 43, 6, 0, 0, 1398139, 25, 1404031] 11545 [10, 3, 0, 0, 363106] 3382 
330 [663816, 22, 38, 6, 0, 0, 1398150, 23, 1404034] 11545 [9, 3, 0, 0, 363112] 3382 
331 [663812, 20, 29, 5, 0, 1, 1398163, 25, 1404042] 11545 [7, 2, 0, 1, 363118] 3382 
332 [663808, 14, 26, 5, 0, 0, 1398180, 22, 1404054] 11545 [6, 2, 0, 0, 363125] 3382 
333 [663806, 12, 26, 5, 0, 0, 1398187, 19, 1404055] 11545 [5, 2, 0, 0, 363129] 3382 
334 [663803, 10, 25, 4, 0, 1, 1398195, 17, 1404059] 11545 [4, 1, 0, 1, 363133] 3382 
335 [663802, 9, 25, 4, 0, 0, 1398201, 14, 1404062] 11545 [4, 1, 0, 0, 363136] 3382 
336 [663799, 9, 24, 2, 0, 2, 1398206, 13, 1404063] 11545 [4, 0, 0, 1, 363137] 3382 
337 [663796, 9, 22, 2, 0, 0, 1398214, 12, 1404069] 11545 [4, 0, 0, 0, 363140] 3382 
338 [663795, 10, 21, 2, 0, 0, 1398216, 11, 1404069] 11545 [5, 0, 0, 0, 363140] 3382 
339 [663791, 7, 20, 2, 0, 0, 1398223, 12, 1404074] 11545 [3, 0, 0, 0, 363142] 3382 
340 [663789, 7, 16, 2, 0, 0, 1398228, 13, 1404077] 11545 [3, 0, 0, 0, 363143] 3382 
341 [663787, 6, 15, 2, 0, 0, 1398233, 12, 1404079] 11545 [3, 0, 0, 0, 363147] 3382 
342 [663784, 7, 13, 1, 0, 1, 1398237, 12, 1404083] 11545 [2, 0, 0, 0, 363151] 3382 
343 [663783, 6, 11, 1, 0, 0, 1398242, 12, 1404085] 11545 [2, 0, 0, 0, 363152] 3382 
344 [663782, 7, 10, 1, 0, 0, 1398246, 9, 1404088] 11545 [3, 0, 0, 0, 363152] 3382 
345 [663780, 5, 12, 1, 0, 0, 1398248, 9, 1404089] 11545 [2, 0, 0, 0, 363153] 3382 
346 [663777, 7, 9, 0, 0, 1, 1398251, 10, 1404090] 11545 [3, 0, 0, 0, 363154] 3382 
347 [663775, 7, 11, 0, 0, 0, 1398253, 9, 1404090] 11545 [3, 0, 0, 0, 363155] 3382 
348 [663775, 6, 10, 0, 0, 0, 1398256, 8, 1404091] 11545 [2, 0, 0, 0, 363157] 3382 
349 [663775, 4, 10, 0, 0, 0, 1398259, 7, 1404093] 11545 [2, 0, 0, 0, 363158] 3382 
350 [663775, 5, 10, 0, 0, 0, 1398260, 5, 1404093] 11545 [2, 0, 0, 0, 363158] 3382 
351 [663775, 5, 9, 0, 0, 0, 1398264, 2, 1404095] 11545 [3, 0, 0, 0, 363159] 3382 
352 [663774, 6, 8, 0, 0, 0, 1398266, 1, 1404097] 11545 [3, 0, 0, 0, 363161] 3382 
353 [663774, 4, 8, 0, 0, 0, 1398268, 1, 1404098] 11545 [2, 0, 0, 0, 363162] 3382 
354 [663772, 4, 5, 0, 0, 0, 1398271, 3, 1404098] 11545 [2, 0, 0, 0, 363163] 3382 
355 [663771, 4, 4, 0, 0, 0, 1398272, 4, 1404098] 11545 [2, 0, 0, 0, 363163] 3382 
356 [663771, 4, 3, 0, 0, 0, 1398273, 4, 1404098] 11545 [2, 0, 0, 0, 363163] 3382 
357 [663771, 4, 2, 0, 0, 0, 1398275, 3, 1404098] 11545 [2, 0, 0, 0, 363163] 3382 
358 [663770, 2, 1, 0, 0, 0, 1398278, 4, 1404101] 11545 [0, 0, 0, 0, 363165] 3382 
359 [663770, 1, 2, 0, 0, 0, 1398280, 2, 1404102] 11545 [0, 0, 0, 0, 363166] 3382 
360 [663770, 2, 2, 0, 0, 0, 1398280, 1, 1404102] 11545 [0, 0, 0, 0, 363166] 3382 
361 [663770, 2, 2, 0, 0, 0, 1398280, 1, 1404102] 11545 [0, 0, 0, 0, 363166] 3382 
362 [663770, 2, 2, 0, 0, 0, 1398280, 1, 1404102] 11545 [0, 0, 0, 0, 363166] 3382 
363 [663770, 3, 2, 0, 0, 0, 1398280, 0, 1404102] 11545 [1, 0, 0, 0, 363166] 3382 
364 [663770, 2, 2, 0, 0, 0, 1398281, 0, 1404102] 11545 [1, 0, 0, 0, 363166] 3382 
365 [663770, 2, 2, 0, 0, 0, 1398281, 0, 1404102] 11545 [1, 0, 0, 0, 363166] 3382 
366 [663769, 2, 0, 0, 0, 0, 1398283, 1, 1404102] 11545 [1, 0, 0, 0, 363168] 3382 
367 [663769, 1, 0, 0, 0, 0, 1398284, 1, 1404103] 11545 [1, 0, 0, 0, 363168] 3382 
368 [663769, 1, 0, 0, 0, 0, 1398284, 1, 1404103] 11545 [1, 0, 0, 0, 363168] 3382 
369 [663769, 1, 0, 0, 0, 0, 1398284, 1, 1404103] 11545 [1, 0, 0, 0, 363168] 3382 
370 [663769, 0, 0, 0, 0, 0, 1398285, 1, 1404103] 11545 [0, 0, 0, 0, 363169] 3382 
371 [663769, 0, 1, 0, 0, 0, 1398285, 0, 1404103] 11545 [0, 0, 0, 0, 363169] 3382 
372 [663769, 0, 1, 0, 0, 0, 1398285, 0, 1404103] 11545 [0, 0, 0, 0, 363169] 3382 
373 [663769, 0, 1, 0, 0, 0, 1398285, 0, 1404103] 11545 [0, 0, 0, 0, 363169] 3382 
374 [663769, 0, 1, 0, 0, 0, 1398285, 0, 1404103] 11545 [0, 0, 0, 0, 363169] 3382 
375 [663769, 0, 1, 0, 0, 0, 1398285, 0, 1404103] 11545 [0, 0, 0, 0, 363169] 3382 
376 [663769, 0, 1, 0, 0, 0, 1398285, 0, 1404103] 11545 [0, 0, 0, 0, 363169] 3382 
377 [663768, 0, 1, 0, 0, 0, 1398285, 1, 1404103] 11545 [0, 0, 0, 0, 363169] 3382 
378 [663768, 0, 0, 0, 0, 0, 1398286, 1, 1404104] 11545 [0, 0, 0, 0, 363169] 3382 
379 [663768, 0, 0, 0, 0, 0, 1398286, 1, 1404104] 11545 [0, 0, 0, 0, 363169] 3382 
380 [663768, 0, 0, 0, 0, 0, 1398286, 1, 1404104] 11545 [0, 0, 0, 0, 363169] 3382 
381 [663768, 0, 0, 0, 0, 0, 1398286, 1, 1404104] 11545 [0, 0, 0, 0, 363169] 3382 
382 [663768, 0, 1, 0, 0, 0, 1398286, 0, 1404104] 11545 [0, 0, 0, 0, 363169] 3382 
383 [663768, 0, 1, 0, 0, 0, 1398286, 0, 1404104] 11545 [0, 0, 0, 0, 363169] 3382 
384 [663768, 0, 1, 0, 0, 0, 1398286, 0, 1404104] 11545 [0, 0, 0, 0, 363169] 3382 
385 [663768, 0, 1, 0, 0, 0, 1398286, 0, 1404104] 11545 [0, 0, 0, 0, 363169] 3382 
386 [663768, 0, 1, 0, 0, 0, 1398286, 0, 1404104] 11545 [0, 0, 0, 0, 363169] 3382 
387 [663768, 0, 1, 0, 0, 0, 1398286, 0, 1404104] 11545 [0, 0, 0, 0, 363169] 3382 
388 [663768, 0, 1, 0, 0, 0, 1398286, 0, 1404104] 11545 [0, 0, 0, 0, 363169] 3382 
389 [663768, 0, 0, 0, 0, 0, 1398287, 0, 1404104] 11545 [0, 0, 0, 0, 363169] 3382 
[663768, 0, 0, 0, 0, 0, 1398287, 0, 1404104] 0.6743282214506173 11545
879485 988067
