1.11 1.8 15 207360 8 2073 960 192 0.9 0.9 0.9 0 120 False 0.7 5 7 7 0.03214285714285715 0.0071428571428571435 20 0.0025 1 False False 1000 0.05 True
1 [2073585, 7, 8, 0, 0, 0, 0, 0, 0] 0 [0, 0, 0, 0, 0] 0 
moved_n 0
2 [2073580, 7, 8, 0, 0, 0, 0, 5, 0] 0 [0, 0, 0, 0, 0] 0 
moved_n 0
3 [2073577, 7, 8, 0, 0, 0, 0, 8, 0] 0 [0, 0, 0, 0, 0] 0 
moved_n 0
4 [2073575, 7, 8, 0, 0, 0, 0, 10, 0] 0 [0, 0, 0, 0, 0] 0 
moved_n 0
5 [2073574, 7, 8, 0, 0, 0, 0, 11, 0] 0 [0, 0, 0, 0, 0] 0 
moved_n 0
6 [2073571, 7, 8, 0, 0, 0, 0, 14, 0] 0 [0, 0, 0, 0, 0] 0 
moved_n 0
7 [2073570, 7, 13, 0, 0, 0, 0, 10, 0] 0 [0, 0, 0, 0, 0] 0 
moved_n 0
8 [2073567, 1, 7, 0, 0, 0, 15, 10, 18] 0 [0, 0, 0, 0, 0] 0 
moved_n 0
9 [2073566, 1, 9, 0, 0, 0, 15, 9, 18] 0 [0, 0, 0, 0, 0] 0 
moved_n 0
10 [2073565, 1, 10, 0, 0, 0, 15, 9, 18] 0 [0, 0, 0, 0, 0] 0 
moved_n 0
11 [2073557, 1, 13, 0, 0, 0, 15, 14, 18] 0 [0, 0, 0, 0, 0] 0 
moved_n 0
12 [2073553, 2, 13, 0, 0, 0, 15, 17, 18] 0 [0, 0, 0, 0, 0] 0 
moved_n 0
13 [2073547, 2, 16, 0, 0, 0, 15, 20, 18] 0 [0, 0, 0, 0, 0] 0 
moved_n 0
14 [2073542, 3, 11, 0, 0, 0, 20, 24, 30] 0 [0, 0, 0, 0, 0] 0 
moved_n 0
15 [2073538, 2, 10, 0, 0, 0, 23, 27, 38] 0 [0, 0, 0, 0, 0] 0 
moved_n 2
16 [2073537, 5, 13, 0, 0, 0, 25, 20, 40] 0 [1, 0, 0, 0, 0] 0 
moved_n 0
17 [2073529, 7, 14, 0, 0, 0, 26, 24, 41] 0 [1, 0, 0, 0, 0] 0 
moved_n 0
18 [2073527, 9, 15, 0, 0, 0, 29, 20, 45] 0 [1, 0, 0, 0, 0] 0 
moved_n 2
19 [2073520, 10, 18, 0, 0, 0, 30, 22, 48] 0 [1, 0, 0, 0, 0] 0 
moved_n 2
20 [2073515, 11, 18, 0, 0, 0, 33, 23, 54] 0 [1, 0, 0, 0, 0] 0 
moved_n 2
21 [2073506, 11, 18, 0, 0, 0, 34, 31, 56] 0 [1, 0, 0, 0, 0] 0 
moved_n 0
22 [2073502, 11, 25, 0, 0, 0, 35, 27, 57] 0 [1, 0, 0, 0, 0] 0 
moved_n 0
23 [2073495, 8, 22, 0, 0, 0, 43, 32, 67] 0 [0, 0, 0, 0, 1] 0 
moved_n 4
24 [2073489, 9, 24, 0, 0, 0, 47, 31, 73] 0 [1, 0, 0, 0, 1] 0 
moved_n 2
25 [2073484, 8, 24, 0, 0, 0, 53, 31, 85] 0 [1, 0, 0, 0, 1] 0 
moved_n 0
26 [2073476, 10, 26, 0, 0, 0, 58, 30, 93] 0 [1, 0, 0, 0, 1] 0 
moved_n 0
27 [2073467, 11, 25, 0, 0, 0, 62, 35, 102] 0 [2, 0, 0, 0, 1] 0 
moved_n 4
28 [2073453, 11, 30, 1, 0, 0, 63, 42, 104] 0 [1, 1, 0, 0, 1] 0 
moved_n 0
29 [2073446, 12, 27, 1, 0, 0, 71, 43, 113] 0 [2, 1, 0, 0, 1] 0 
moved_n 0
30 [2073439, 12, 30, 1, 0, 0, 73, 45, 115] 0 [2, 1, 0, 0, 2] 0 
moved_n 2
31 [2073432, 12, 32, 1, 0, 0, 79, 44, 123] 0 [2, 1, 0, 0, 2] 0 
moved_n 0
32 [2073424, 13, 35, 1, 0, 0, 84, 43, 134] 0 [3, 1, 0, 0, 2] 0 
moved_n 2
33 [2073417, 14, 39, 1, 0, 0, 93, 36, 148] 0 [3, 1, 0, 0, 2] 0 
moved_n 2
34 [2073402, 14, 42, 1, 0, 0, 97, 44, 154] 0 [2, 1, 0, 0, 3] 0 
moved_n 2
35 [2073383, 16, 40, 1, 0, 0, 104, 56, 163] 0 [3, 1, 0, 0, 3] 0 
moved_n 0
36 [2073365, 17, 40, 1, 0, 0, 110, 67, 167] 0 [2, 1, 0, 0, 4] 0 
moved_n 0
37 [2073350, 19, 41, 1, 0, 0, 115, 74, 175] 0 [2, 1, 0, 0, 4] 0 
moved_n 0
38 [2073340, 18, 40, 2, 0, 0, 123, 77, 190] 0 [2, 1, 0, 0, 4] 0 
moved_n 0
39 [2073333, 23, 41, 2, 0, 0, 132, 69, 206] 0 [1, 1, 0, 0, 5] 0 
moved_n 2
40 [2073313, 23, 46, 2, 0, 0, 146, 70, 225] 0 [2, 1, 0, 0, 8] 0 
moved_n 0
41 [2073301, 27, 54, 2, 0, 0, 152, 64, 237] 0 [2, 1, 0, 0, 8] 0 
moved_n 2
42 [2073286, 25, 63, 2, 1, 0, 159, 64, 250] 1 [1, 0, 1, 0, 9] 1 
moved_n 8
43 [2073263, 23, 68, 2, 0, 0, 166, 77, 264] 1 [1, 0, 0, 0, 9] 1 
moved_n 6
44 [2073243, 22, 67, 3, 0, 0, 174, 90, 269] 1 [1, 0, 0, 0, 9] 1 
moved_n 2
45 [2073222, 26, 76, 3, 0, 0, 181, 91, 281] 1 [2, 0, 0, 0, 9] 1 
moved_n 2
46 [2073196, 27, 74, 3, 0, 0, 194, 105, 302] 1 [2, 0, 0, 0, 9] 1 
moved_n 2
47 [2073171, 25, 72, 3, 0, 0, 213, 115, 333] 1 [1, 0, 0, 0, 13] 1 
moved_n 4
48 [2073157, 26, 76, 3, 0, 0, 231, 106, 358] 1 [3, 0, 0, 0, 13] 1 
moved_n 4
49 [2073139, 29, 78, 3, 0, 0, 246, 104, 379] 1 [4, 0, 0, 0, 14] 1 
moved_n 2
50 [2073110, 40, 78, 3, 0, 0, 256, 112, 397] 1 [5, 0, 0, 0, 15] 1 
moved_n 4
51 [2073081, 48, 89, 3, 0, 0, 263, 115, 404] 1 [6, 0, 0, 0, 17] 1 
moved_n 0
52 [2073050, 51, 91, 3, 0, 0, 283, 121, 437] 1 [7, 0, 0, 0, 21] 1 
moved_n 2
53 [2073011, 52, 92, 3, 0, 0, 295, 146, 455] 1 [9, 0, 0, 0, 23] 1 
moved_n 4
54 [2072970, 57, 90, 2, 1, 0, 310, 169, 483] 2 [10, 0, 0, 0, 25] 1 
moved_n 4
55 [2072944, 58, 95, 2, 0, 0, 333, 166, 523] 2 [8, 0, 0, 0, 27] 1 
moved_n 4
56 [2072914, 58, 104, 2, 0, 0, 353, 167, 564] 2 [8, 0, 0, 0, 31] 1 
moved_n 2
57 [2072875, 56, 115, 3, 0, 0, 374, 175, 604] 2 [10, 0, 0, 0, 33] 1 
moved_n 6
58 [2072838, 56, 128, 2, 0, 1, 400, 173, 638] 2 [11, 0, 0, 0, 37] 1 
moved_n 4
59 [2072795, 61, 139, 2, 0, 0, 426, 175, 675] 2 [14, 0, 0, 0, 43] 1 
moved_n 4
60 [2072750, 63, 149, 2, 0, 0, 440, 194, 694] 2 [12, 0, 0, 0, 46] 1 
moved_n 2
61 [2072696, 65, 159, 2, 0, 0, 458, 218, 715] 2 [12, 0, 0, 0, 47] 1 
moved_n 8
62 [2072630, 66, 168, 2, 0, 0, 487, 245, 759] 2 [12, 0, 0, 0, 50] 1 
moved_n 4
63 [2072583, 74, 169, 2, 0, 0, 515, 255, 805] 2 [14, 0, 0, 0, 54] 1 
moved_n 4
64 [2072524, 75, 179, 2, 0, 1, 546, 271, 862] 2 [11, 0, 0, 0, 59] 1 
moved_n 6
65 [2072473, 77, 181, 4, 0, 0, 586, 277, 932] 2 [10, 0, 0, 0, 63] 1 
moved_n 0
66 [2072407, 75, 195, 5, 0, 0, 627, 289, 994] 2 [6, 1, 0, 0, 71] 1 
moved_n 4
67 [2072347, 86, 225, 5, 0, 0, 652, 283, 1034] 2 [10, 1, 0, 0, 73] 1 
moved_n 8
68 [2072285, 91, 237, 6, 0, 0, 681, 298, 1081] 2 [13, 1, 0, 0, 74] 1 
moved_n 13
69 [2072216, 99, 248, 7, 0, 0, 720, 308, 1136] 2 [15, 1, 0, 0, 76] 1 
moved_n 8
70 [2072136, 103, 260, 7, 0, 0, 755, 337, 1183] 2 [15, 1, 0, 0, 82] 1 
moved_n 10
71 [2072045, 113, 274, 8, 0, 0, 796, 362, 1245] 2 [17, 1, 0, 0, 83] 1 
moved_n 10
72 [2071960, 112, 290, 8, 0, 0, 841, 387, 1325] 2 [18, 1, 0, 0, 86] 1 
moved_n 6
73 [2071863, 116, 294, 8, 0, 0, 895, 422, 1401] 2 [19, 1, 0, 0, 89] 1 
moved_n 10
74 [2071773, 114, 299, 9, 0, 0, 960, 443, 1488] 2 [17, 1, 0, 0, 100] 1 
moved_n 12
75 [2071684, 117, 328, 10, 0, 0, 1007, 452, 1552] 2 [15, 1, 0, 0, 112] 1 
moved_n 16
76 [2071582, 123, 354, 10, 0, 0, 1066, 463, 1649] 2 [15, 1, 0, 0, 119] 1 
moved_n 21
77 [2071474, 134, 377, 9, 0, 1, 1117, 486, 1737] 2 [15, 1, 0, 0, 124] 1 
moved_n 14
78 [2071366, 141, 402, 9, 0, 0, 1183, 497, 1861] 2 [18, 1, 0, 0, 129] 1 
moved_n 10
79 [2071238, 150, 422, 10, 0, 0, 1243, 535, 1949] 2 [18, 1, 0, 0, 134] 1 
moved_n 6
80 [2071118, 167, 433, 10, 0, 0, 1304, 566, 2042] 2 [20, 1, 0, 0, 142] 1 
moved_n 28
81 [2070976, 189, 445, 10, 0, 0, 1372, 606, 2134] 2 [24, 1, 0, 0, 148] 1 
moved_n 12
82 [2070824, 198, 463, 11, 0, 0, 1452, 650, 2264] 2 [26, 1, 0, 0, 159] 1 
moved_n 10
83 [2070656, 209, 467, 12, 1, 0, 1543, 710, 2416] 3 [30, 1, 0, 0, 170] 1 
moved_n 16
84 [2070502, 220, 499, 12, 0, 1, 1627, 736, 2532] 3 [30, 1, 0, 0, 181] 1 
moved_n 24
85 [2070321, 229, 511, 12, 0, 2, 1725, 797, 2693] 3 [31, 1, 0, 0, 197] 1 
moved_n 20
86 [2070140, 251, 542, 11, 0, 1, 1816, 836, 2856] 3 [37, 0, 0, 1, 206] 1 
moved_n 24
87 [2069962, 264, 591, 13, 0, 0, 1905, 862, 3013] 3 [39, 0, 0, 0, 219] 1 
moved_n 22
88 [2069763, 272, 649, 14, 0, 1, 2005, 893, 3178] 3 [38, 0, 0, 0, 235] 1 
moved_n 18
89 [2069546, 282, 683, 15, 0, 1, 2114, 956, 3342] 3 [43, 0, 0, 0, 243] 1 
moved_n 24
90 [2069305, 289, 750, 15, 0, 0, 2222, 1016, 3524] 3 [46, 0, 0, 0, 260] 1 
moved_n 12
91 [2069057, 307, 786, 16, 0, 1, 2347, 1083, 3741] 3 [52, 0, 0, 0, 276] 1 
moved_n 22
92 [2068770, 328, 824, 17, 0, 0, 2466, 1192, 3920] 3 [58, 0, 0, 0, 297] 1 
moved_n 48
93 [2068496, 344, 863, 20, 0, 0, 2607, 1267, 4131] 3 [61, 1, 0, 0, 318] 1 
moved_n 32
94 [2068225, 370, 897, 24, 0, 1, 2759, 1321, 4390] 3 [73, 1, 0, 0, 345] 1 
moved_n 30
95 [2067931, 388, 953, 25, 0, 1, 2925, 1374, 4656] 3 [80, 1, 0, 0, 359] 1 
moved_n 40
96 [2067600, 415, 1021, 27, 0, 0, 3077, 1457, 4930] 3 [84, 1, 0, 0, 378] 1 
moved_n 57
97 [2067285, 466, 1076, 29, 0, 0, 3256, 1485, 5250] 3 [87, 1, 0, 0, 402] 1 
moved_n 43
98 [2066939, 482, 1151, 33, 0, 0, 3435, 1557, 5547] 3 [89, 2, 0, 0, 436] 1 
moved_n 44
99 [2066548, 501, 1226, 35, 0, 1, 3609, 1677, 5818] 3 [90, 2, 0, 0, 458] 1 
moved_n 50
100 [2066160, 536, 1287, 38, 0, 0, 3805, 1771, 6102] 3 [91, 3, 0, 0, 488] 1 
moved_n 40
101 [2065703, 552, 1385, 40, 1, 0, 4019, 1897, 6461] 4 [88, 5, 0, 0, 523] 1 
moved_n 54
102 [2065264, 583, 1425, 46, 0, 0, 4257, 2021, 6803] 4 [90, 9, 0, 0, 553] 1 
moved_n 62
103 [2064771, 603, 1501, 48, 1, 2, 4502, 2168, 7217] 5 [97, 10, 1, 0, 580] 2 
moved_n 48
104 [2064248, 639, 1570, 51, 0, 1, 4786, 2300, 7687] 5 [107, 11, 0, 0, 621] 2 
moved_n 38
105 [2063728, 682, 1639, 54, 0, 2, 5058, 2432, 8126] 5 [112, 11, 0, 0, 655] 2 
moved_n 42
106 [2063202, 739, 1763, 62, 0, 0, 5328, 2501, 8569] 5 [122, 12, 0, 0, 687] 2 
moved_n 72
107 [2062616, 755, 1892, 64, 0, 2, 5618, 2648, 9045] 5 [132, 12, 0, 0, 725] 2 
moved_n 72
108 [2061995, 833, 1980, 65, 0, 2, 5944, 2776, 9586] 5 [144, 13, 0, 0, 776] 2 
moved_n 80
109 [2061322, 885, 2134, 68, 1, 2, 6257, 2926, 10089] 6 [151, 15, 0, 0, 825] 2 
moved_n 97
110 [2060615, 950, 2242, 75, 0, 0, 6599, 3113, 10624] 6 [151, 16, 0, 0, 879] 2 
moved_n 91
111 [2059888, 978, 2349, 79, 0, 2, 6984, 3314, 11258] 6 [160, 16, 0, 0, 925] 2 
moved_n 82
112 [2059105, 1049, 2473, 83, 3, 0, 7370, 3511, 11863] 9 [184, 17, 0, 0, 967] 2 
moved_n 110
113 [2058263, 1088, 2593, 92, 0, 2, 7821, 3732, 12584] 9 [197, 18, 0, 1, 1026] 2 
moved_n 89
114 [2057420, 1165, 2741, 100, 0, 5, 8258, 3902, 13281] 9 [205, 18, 0, 0, 1092] 2 
moved_n 95
115 [2056501, 1202, 2925, 100, 1, 2, 8746, 4114, 14071] 10 [210, 19, 0, 0, 1154] 2 
moved_n 122
116 [2055517, 1257, 3075, 102, 0, 2, 9266, 4371, 14909] 10 [222, 19, 0, 0, 1230] 2 
moved_n 145
117 [2054553, 1330, 3261, 112, 0, 1, 9781, 4552, 15767] 10 [234, 21, 0, 0, 1302] 2 
moved_n 135
118 [2053458, 1402, 3499, 121, 0, 4, 10301, 4805, 16576] 10 [256, 23, 0, 1, 1382] 2 
moved_n 116
119 [2052311, 1495, 3667, 127, 0, 2, 10879, 5109, 17515] 10 [275, 23, 0, 0, 1471] 2 
moved_n 140
120 [2051037, 1570, 3900, 124, 2, 3, 11490, 5464, 18462] 12 [279, 23, 0, 1, 1579] 2 
moved_n 162
121 [2049754, 1651, 4132, 126, 2, 3, 12157, 5763, 19561] 14 [310, 23, 1, 2, 1669] 3 
moved_n 176
122 [2048379, 1744, 4301, 126, 0, 5, 12857, 6174, 20728] 14 [329, 21, 0, 3, 1772] 3 
moved_n 160
123 [2046942, 1865, 4540, 132, 0, 5, 13586, 6516, 21892] 14 [358, 20, 0, 2, 1885] 3 
moved_n 169
124 [2045412, 2003, 4758, 139, 1, 4, 14370, 6899, 23165] 15 [407, 20, 0, 1, 1994] 3 
moved_n 165
125 [2043885, 2147, 5039, 146, 0, 5, 15211, 7152, 24534] 15 [420, 22, 0, 0, 2135] 3 
moved_n 199
126 [2042193, 2264, 5366, 148, 1, 8, 16044, 7561, 25805] 16 [434, 25, 0, 1, 2288] 3 
moved_n 183
127 [2040410, 2457, 5624, 156, 2, 3, 16963, 7969, 27250] 18 [477, 28, 0, 0, 2423] 3 
moved_n 184
128 [2038508, 2625, 5901, 174, 0, 3, 17937, 8434, 28892] 18 [501, 29, 0, 1, 2589] 3 
moved_n 236
129 [2036523, 2824, 6265, 180, 2, 6, 18893, 8889, 30429] 20 [568, 27, 0, 2, 2737] 3 
moved_n 226
130 [2034490, 2907, 6610, 187, 3, 6, 19982, 9395, 32264] 23 [578, 30, 0, 1, 2915] 3 
moved_n 238
131 [2032297, 3063, 7001, 195, 1, 5, 21119, 9896, 34054] 24 [604, 31, 0, 0, 3092] 3 
moved_n 243
132 [2029908, 3181, 7377, 215, 3, 6, 22384, 10502, 36071] 27 [633, 38, 0, 1, 3284] 3 
moved_n 293
133 [2027474, 3392, 7783, 222, 0, 10, 23658, 11034, 38016] 27 [665, 42, 0, 2, 3492] 3 
moved_n 320
134 [2024957, 3550, 8237, 230, 3, 11, 25019, 11566, 40185] 30 [708, 44, 1, 0, 3713] 4 
moved_n 319
135 [2022262, 3686, 8696, 243, 1, 3, 26451, 12228, 42474] 31 [746, 44, 1, 1, 3965] 5 
moved_n 306
136 [2019388, 3815, 9214, 270, 0, 4, 27969, 12909, 44853] 31 [767, 50, 0, 0, 4237] 5 
moved_n 330
137 [2016351, 4103, 9797, 276, 1, 9, 29475, 13557, 47266] 32 [846, 53, 0, 2, 4485] 5 
moved_n 334
138 [2013221, 4319, 10320, 286, 0, 10, 31159, 14253, 49948] 32 [913, 57, 0, 2, 4764] 5 
moved_n 408
139 [2009790, 4514, 10850, 305, 2, 7, 32933, 15167, 52699] 34 [948, 63, 0, 0, 5050] 5 
moved_n 448
140 [2006265, 4729, 11434, 319, 0, 2, 34820, 15997, 55723] 34 [1025, 66, 0, 1, 5349] 5 
moved_n 427
141 [2002620, 5002, 12035, 350, 1, 5, 36785, 16768, 58856] 35 [1081, 71, 0, 2, 5694] 5 
moved_n 425
142 [1998759, 5317, 12727, 371, 0, 4, 38795, 17592, 61931] 35 [1155, 73, 0, 1, 6051] 5 
moved_n 510
143 [1994608, 5608, 13365, 389, 4, 10, 40968, 18613, 65352] 39 [1203, 76, 1, 1, 6467] 6 
moved_n 526
144 [1990319, 5949, 14058, 405, 6, 11, 43342, 19471, 69095] 45 [1265, 82, 0, 1, 6900] 6 
moved_n 540
145 [1985810, 6236, 14862, 420, 3, 9, 45760, 20455, 72876] 48 [1312, 90, 0, 1, 7359] 6 
moved_n 617
146 [1980989, 6589, 15624, 443, 4, 11, 48261, 21631, 76853] 52 [1425, 93, 1, 4, 7775] 7 
moved_n 575
147 [1975978, 6916, 16442, 484, 5, 11, 50931, 22781, 80974] 57 [1501, 103, 0, 3, 8247] 7 
moved_n 579
148 [1970666, 7230, 17385, 514, 5, 19, 53782, 23942, 85498] 62 [1580, 110, 2, 2, 8773] 9 
moved_n 671
149 [1965078, 7608, 18240, 559, 1, 12, 56799, 25241, 90120] 63 [1643, 124, 0, 0, 9337] 9 
moved_n 625
150 [1959378, 8028, 19202, 582, 3, 14, 59898, 26432, 94989] 66 [1747, 132, 0, 4, 9876] 9 
moved_n 731
151 [1953334, 8432, 20193, 618, 6, 12, 63284, 27655, 100311] 72 [1846, 143, 0, 1, 10505] 9 
moved_n 792
152 [1946955, 8848, 21246, 637, 6, 28, 66785, 29023, 105663] 78 [1950, 146, 1, 7, 11150] 10 
moved_n 782
153 [1940317, 9336, 22408, 684, 5, 14, 70409, 30349, 111205] 83 [2034, 152, 2, 6, 11848] 12 
moved_n 883
154 [1933550, 9927, 23541, 715, 4, 21, 74231, 31528, 117121] 87 [2205, 160, 2, 3, 12580] 14 
moved_n 910
155 [1926161, 10396, 24592, 772, 5, 17, 78353, 33217, 123308] 92 [2335, 178, 2, 2, 13385] 16 
moved_n 911
156 [1918478, 10887, 25866, 796, 4, 26, 82595, 34856, 129639] 96 [2493, 183, 0, 6, 14200] 16 
moved_n 1023
157 [1910382, 11456, 27165, 844, 8, 15, 87061, 36573, 136435] 104 [2650, 191, 1, 5, 15039] 17 
moved_n 1088
158 [1901917, 11990, 28451, 883, 6, 16, 91833, 38400, 143759] 110 [2778, 200, 1, 6, 15929] 18 
moved_n 1040
159 [1893363, 12565, 29627, 914, 7, 24, 96803, 40187, 151096] 117 [2915, 211, 2, 6, 16907] 20 
moved_n 1087
160 [1884331, 13192, 31072, 974, 5, 13, 102066, 41830, 158941] 122 [3072, 220, 2, 3, 17885] 22 
moved_n 1185
161 [1874876, 13729, 32600, 1019, 9, 33, 107610, 43602, 167292] 131 [3176, 230, 0, 7, 19013] 22 
moved_n 1215
162 [1864968, 14394, 34293, 1090, 5, 22, 113283, 45414, 175687] 136 [3336, 250, 2, 3, 20185] 24 
moved_n 1341
163 [1854764, 15171, 35931, 1141, 8, 28, 119268, 47153, 184459] 144 [3534, 258, 0, 5, 21346] 24 
moved_n 1245
164 [1844075, 15830, 37445, 1205, 3, 29, 125581, 49288, 193714] 147 [3658, 279, 1, 6, 22688] 25 
moved_n 1445
165 [1833061, 16491, 39150, 1288, 5, 25, 132163, 51270, 203126] 152 [3864, 299, 0, 7, 24036] 25 
moved_n 1449
166 [1821546, 17235, 41066, 1357, 7, 36, 138871, 53330, 212848] 159 [4035, 315, 3, 8, 25366] 28 
moved_n 1536
167 [1809640, 17977, 42837, 1397, 11, 51, 146200, 55328, 223388] 170 [4241, 322, 1, 13, 26809] 29 
moved_n 1587
168 [1797270, 18710, 44619, 1453, 11, 44, 153829, 57494, 234217] 181 [4436, 337, 2, 9, 28335] 31 
moved_n 1739
169 [1784306, 19423, 46502, 1487, 9, 51, 161872, 59769, 245634] 190 [4573, 356, 1, 10, 30001] 32 
moved_n 1732
170 [1770876, 20224, 48239, 1554, 8, 37, 170287, 62185, 257559] 198 [4842, 364, 3, 10, 31750] 35 
moved_n 1806
171 [1756845, 21047, 50356, 1627, 12, 47, 178767, 64701, 269535] 210 [5077, 376, 3, 10, 33504] 38 
moved_n 1870
172 [1742748, 21960, 52289, 1708, 14, 45, 187734, 66892, 282169] 224 [5282, 407, 2, 9, 35363] 40 
moved_n 1937
173 [1728161, 22873, 54279, 1774, 10, 57, 197113, 69109, 295288] 234 [5528, 429, 2, 12, 37309] 42 
moved_n 2020
174 [1713345, 23766, 56419, 1854, 8, 49, 206964, 70961, 308944] 242 [5766, 450, 1, 11, 39351] 43 
moved_n 2115
175 [1697694, 24716, 58681, 1911, 12, 69, 217093, 73182, 322894] 254 [6013, 452, 4, 21, 41540] 47 
moved_n 2209
176 [1681712, 25626, 61060, 2026, 11, 45, 227733, 75133, 337212] 265 [6270, 491, 1, 9, 43787] 48 
moved_n 2274
177 [1665199, 26485, 63269, 2108, 7, 66, 238652, 77549, 351976] 272 [6474, 510, 2, 13, 46159] 50 
moved_n 2379
178 [1648302, 27419, 65367, 2213, 20, 53, 250095, 79859, 367066] 292 [6768, 537, 5, 16, 48607] 55 
moved_n 2489
179 [1630833, 28290, 67400, 2322, 12, 53, 261886, 82512, 382723] 304 [7034, 557, 0, 17, 51142] 55 
moved_n 2562
180 [1612855, 29059, 69891, 2409, 24, 65, 274154, 84839, 398889] 328 [7221, 584, 5, 11, 53867] 60 
moved_n 2496
181 [1594936, 30076, 71898, 2496, 32, 69, 286989, 86776, 415494] 360 [7486, 616, 5, 16, 56643] 65 
moved_n 2695
182 [1576687, 30908, 74126, 2561, 44, 73, 300329, 88512, 432504] 404 [7714, 641, 10, 19, 59599] 75 
moved_n 2681
183 [1557809, 31905, 75962, 2645, 54, 67, 314261, 90493, 450358] 458 [7993, 673, 12, 11, 62684] 87 
moved_n 2951
184 [1538635, 32773, 78431, 2765, 44, 54, 328242, 92198, 467809] 502 [8258, 706, 14, 12, 65747] 101 
moved_n 2847
185 [1519400, 33816, 80779, 2828, 50, 71, 342699, 93455, 485941] 552 [8534, 727, 9, 23, 68990] 110 
moved_n 3123
186 [1499858, 34668, 83015, 2891, 62, 74, 357402, 95078, 503944] 614 [8731, 737, 22, 14, 72376] 132 
moved_n 3104
187 [1480149, 35633, 84637, 2972, 65, 58, 372934, 96538, 522852] 679 [9024, 769, 16, 15, 75723] 148 
moved_n 3240
188 [1460070, 36487, 86676, 3067, 58, 51, 388773, 97739, 541935] 737 [9250, 789, 17, 15, 79285] 165 
moved_n 3258
189 [1439450, 37371, 88432, 3190, 59, 39, 405137, 99185, 561443] 796 [9554, 821, 11, 7, 83011] 176 
moved_n 3540
190 [1419222, 38081, 90028, 3304, 78, 53, 421860, 100178, 581096] 874 [9733, 875, 12, 15, 86827] 188 
moved_n 3367
191 [1398393, 38707, 91446, 3432, 68, 50, 439165, 101465, 601043] 942 [9956, 908, 13, 16, 90821] 201 
moved_n 3594
192 [1377742, 39136, 92718, 3559, 69, 53, 456974, 102407, 621449] 1011 [10107, 949, 8, 12, 94905] 209 
moved_n 3592
193 [1357212, 39835, 94178, 3659, 91, 49, 474707, 102858, 641476] 1102 [10386, 980, 24, 6, 98914] 233 
moved_n 3543
194 [1336586, 40542, 95836, 3765, 108, 30, 492767, 102864, 661484] 1210 [10614, 999, 31, 10, 103092] 264 
moved_n 3632
195 [1315743, 40877, 96853, 3862, 93, 46, 511437, 103479, 682133] 1303 [10770, 1035, 22, 10, 107390] 286 
moved_n 3675
196 [1295250, 41290, 98082, 3960, 109, 43, 530420, 103143, 702367] 1412 [10935, 1056, 27, 10, 111935] 313 
moved_n 3576
197 [1274930, 41572, 99198, 4081, 114, 29, 549452, 102812, 722883] 1526 [11063, 1095, 28, 8, 116352] 341 
moved_n 3756
198 [1254730, 41880, 99830, 4227, 123, 33, 568769, 102482, 743002] 1649 [11151, 1136, 31, 8, 120926] 372 
moved_n 3917
199 [1234557, 42072, 100525, 4364, 116, 26, 588262, 102029, 763118] 1765 [11248, 1163, 31, 7, 125524] 403 
moved_n 3791
200 [1214579, 42270, 101109, 4456, 124, 37, 608096, 101164, 783097] 1889 [11306, 1190, 42, 12, 130163] 445 
moved_n 4030
201 [1194727, 42284, 100969, 4561, 129, 29, 628489, 100523, 803480] 2018 [11340, 1223, 33, 2, 135091] 478 
moved_n 3938
202 [1175449, 42355, 100975, 4693, 120, 23, 648486, 99481, 823159] 2138 [11459, 1249, 31, 8, 139838] 509 
moved_n 4000
203 [1155769, 42100, 100573, 4797, 162, 24, 669076, 98961, 843018] 2300 [11380, 1270, 50, 10, 144888] 559 
moved_n 3966
204 [1136983, 42042, 100156, 4901, 147, 28, 689469, 97574, 862657] 2447 [11358, 1319, 32, 7, 149776] 591 
moved_n 3829
205 [1118546, 41903, 99788, 4953, 152, 21, 709757, 96033, 882081] 2599 [11375, 1317, 51, 8, 154786] 642 
moved_n 3812
206 [1100336, 41701, 99221, 5044, 151, 24, 730133, 94391, 900966] 2750 [11386, 1351, 38, 5, 159783] 680 
moved_n 3918
207 [1082796, 41241, 98110, 5124, 155, 20, 750751, 92653, 920102] 2905 [11329, 1379, 38, 8, 164848] 718 
moved_n 3793
208 [1065700, 40986, 97592, 5180, 144, 21, 771003, 90069, 938427] 3049 [11283, 1402, 39, 7, 169853] 757 
moved_n 3900
209 [1048785, 40394, 96691, 5254, 137, 24, 791068, 88198, 956395] 3186 [11129, 1425, 28, 8, 174846] 785 
moved_n 3911
210 [1032431, 40019, 95334, 5284, 179, 31, 811021, 86115, 973750] 3365 [11089, 1447, 45, 6, 179693] 830 
moved_n 3628
211 [1016303, 39362, 94019, 5353, 169, 20, 830976, 84033, 990830] 3534 [11034, 1465, 40, 4, 184623] 870 
moved_n 3659
212 [1000722, 38506, 92393, 5414, 164, 17, 850776, 82074, 1007393] 3698 [10808, 1489, 46, 4, 189606] 916 
moved_n 3691
213 [985686, 37719, 90415, 5464, 175, 17, 870412, 80014, 1023870] 3873 [10644, 1501, 50, 5, 194526] 966 
moved_n 3577
214 [971369, 37189, 88624, 5512, 165, 10, 889442, 77416, 1039495] 4038 [10549, 1514, 42, 2, 199320] 1008 
moved_n 3464
215 [957332, 36197, 86331, 5541, 168, 15, 908879, 75099, 1055178] 4206 [10349, 1519, 49, 7, 204248] 1057 
moved_n 3567
216 [943714, 35554, 84331, 5576, 173, 17, 927440, 72589, 1069969] 4379 [10215, 1523, 51, 4, 208857] 1108 
moved_n 3418
217 [930715, 34710, 82365, 5584, 191, 13, 945636, 70007, 1084253] 4570 [10026, 1529, 46, 3, 213429] 1154 
moved_n 3218
218 [918408, 33779, 80121, 5613, 178, 15, 963638, 67278, 1098424] 4748 [9822, 1525, 46, 5, 218130] 1200 
moved_n 3142
219 [906447, 32884, 77801, 5614, 184, 12, 980988, 64922, 1111541] 4932 [9538, 1512, 61, 3, 222544] 1261 
moved_n 3043
220 [894847, 31884, 75753, 5595, 200, 19, 997885, 62485, 1124572] 5132 [9191, 1508, 57, 4, 226962] 1318 
moved_n 3147
221 [884009, 30743, 73606, 5608, 175, 16, 1014606, 59705, 1136936] 5307 [8883, 1496, 56, 7, 231304] 1374 
moved_n 2952
222 [873431, 29733, 71293, 5614, 179, 11, 1030748, 57284, 1148754] 5486 [8575, 1493, 48, 4, 235433] 1422 
moved_n 2864
223 [863314, 28502, 68743, 5606, 186, 10, 1046659, 55094, 1160031] 5672 [8261, 1498, 41, 3, 239579] 1463 
moved_n 2792
224 [853736, 27407, 66251, 5582, 174, 17, 1062050, 52711, 1170924] 5846 [7945, 1494, 55, 6, 243670] 1518 
moved_n 2654
225 [844633, 26389, 63860, 5561, 170, 11, 1076916, 50214, 1181534] 6016 [7605, 1498, 43, 3, 247579] 1561 
moved_n 2597
226 [836005, 25396, 61382, 5538, 181, 14, 1091064, 48004, 1191506] 6197 [7408, 1485, 52, 5, 251243] 1613 
moved_n 2530
227 [827677, 24438, 58893, 5501, 178, 20, 1104942, 45754, 1201027] 6375 [7236, 1479, 50, 1, 254833] 1663 
moved_n 2395
228 [819639, 23430, 56430, 5452, 178, 18, 1118403, 43675, 1210248] 6553 [6999, 1476, 39, 8, 258384] 1702 
moved_n 2244
229 [812227, 22437, 54025, 5390, 178, 24, 1131257, 41509, 1218827] 6731 [6722, 1457, 52, 5, 261735] 1754 
moved_n 2213
230 [805100, 21605, 51666, 5347, 160, 19, 1143439, 39533, 1226926] 6891 [6425, 1454, 42, 5, 265004] 1796 
moved_n 2023
231 [798253, 20622, 49334, 5277, 193, 11, 1155267, 37752, 1234641] 7084 [6144, 1442, 47, 2, 268187] 1843 
moved_n 1924
232 [791907, 19640, 47052, 5219, 189, 18, 1166721, 35770, 1242233] 7273 [5874, 1432, 44, 4, 271257] 1887 
moved_n 1961
233 [785917, 18723, 45186, 5146, 175, 20, 1177438, 33722, 1249148] 7448 [5615, 1400, 48, 6, 274137] 1935 
moved_n 1853
234 [780103, 17834, 42938, 5038, 192, 15, 1187908, 32124, 1255927] 7640 [5343, 1377, 46, 3, 276983] 1981 
moved_n 1782
235 [774680, 16958, 40849, 4936, 189, 20, 1197908, 30420, 1262352] 7829 [5033, 1367, 36, 5, 279715] 2017 
moved_n 1727
236 [769576, 16168, 38954, 4844, 154, 24, 1207374, 28677, 1268336] 7983 [4852, 1338, 46, 7, 282314] 2063 
moved_n 1636
237 [764718, 15323, 37072, 4750, 166, 17, 1216382, 27189, 1273980] 8149 [4658, 1321, 37, 5, 284731] 2100 
moved_n 1493
238 [760167, 14599, 35182, 4680, 142, 17, 1224914, 25750, 1279281] 8291 [4446, 1302, 44, 5, 287026] 2144 
moved_n 1480
239 [755784, 13843, 33431, 4586, 160, 25, 1233161, 24319, 1284358] 8451 [4253, 1285, 43, 9, 289184] 2187 
moved_n 1311
240 [751679, 13126, 31531, 4488, 171, 16, 1241137, 23001, 1289206] 8622 [4058, 1256, 50, 5, 291400] 2237 
moved_n 1336
241 [747962, 12456, 29914, 4355, 171, 28, 1248478, 21614, 1293752] 8793 [3843, 1216, 49, 8, 293431] 2286 
moved_n 1236
242 [744317, 11773, 28323, 4237, 180, 27, 1255549, 20401, 1297948] 8973 [3652, 1196, 43, 6, 295367] 2329 
moved_n 1121
243 [740936, 11128, 26693, 4123, 135, 32, 1262349, 19231, 1302011] 9108 [3435, 1173, 39, 5, 297258] 2368 
moved_n 1097
244 [737785, 10595, 25289, 4022, 141, 23, 1268638, 17999, 1305715] 9249 [3233, 1158, 36, 3, 299021] 2404 
moved_n 1054
245 [734758, 10001, 23995, 3907, 156, 35, 1274578, 16921, 1309288] 9405 [3054, 1133, 40, 7, 300692] 2444 
moved_n 959
246 [731960, 9355, 22568, 3816, 125, 30, 1280339, 16002, 1312729] 9530 [2840, 1117, 31, 7, 302356] 2475 
moved_n 951
247 [729317, 8816, 21341, 3685, 140, 46, 1285725, 15000, 1315856] 9670 [2689, 1074, 38, 16, 303918] 2513 
moved_n 924
248 [726878, 8279, 20163, 3566, 133, 39, 1290814, 14058, 1318855] 9803 [2548, 1040, 34, 15, 305319] 2547 
moved_n 883
249 [724522, 7836, 18920, 3457, 111, 37, 1295651, 13263, 1321603] 9914 [2411, 1016, 30, 6, 306680] 2577 
moved_n 736
250 [722247, 7391, 17847, 3325, 123, 58, 1300184, 12511, 1324225] 10037 [2303, 981, 35, 19, 307931] 2612 
moved_n 756
251 [720207, 6923, 16748, 3188, 107, 68, 1304569, 11753, 1326699] 10144 [2184, 938, 31, 24, 309134] 2643 
moved_n 719
252 [718216, 6491, 15722, 3069, 108, 52, 1308697, 11101, 1328995] 10252 [2083, 895, 32, 16, 310333] 2675 
moved_n 642
253 [716418, 6125, 14810, 2957, 95, 61, 1312422, 10460, 1331216] 10347 [1979, 860, 31, 20, 311429] 2706 
moved_n 623
254 [714741, 5799, 13861, 2806, 99, 84, 1316082, 9781, 1333303] 10446 [1891, 811, 34, 19, 312435] 2740 
moved_n 607
255 [713115, 5507, 13066, 2667, 78, 92, 1319497, 9132, 1335296] 10524 [1783, 773, 18, 30, 313403] 2758 
moved_n 553
256 [711624, 5132, 12341, 2545, 70, 85, 1322696, 8583, 1337145] 10594 [1682, 737, 19, 26, 314327] 2777 
moved_n 497
257 [710278, 4773, 11660, 2423, 52, 101, 1325781, 7938, 1338845] 10646 [1578, 700, 21, 25, 315239] 2798 
moved_n 429
258 [708984, 4477, 10960, 2274, 55, 122, 1328648, 7434, 1340450] 10701 [1490, 652, 15, 41, 316105] 2813 
moved_n 438
259 [707779, 4213, 10281, 2131, 43, 116, 1331374, 6962, 1341925] 10744 [1385, 616, 12, 27, 316926] 2825 
moved_n 422
260 [706659, 3971, 9701, 1982, 37, 140, 1333910, 6456, 1343314] 10781 [1321, 577, 15, 35, 317670] 2840 
moved_n 466
261 [705590, 3700, 9108, 1833, 13, 162, 1336379, 6034, 1344620] 10794 [1229, 533, 6, 43, 318372] 2846 
moved_n 356
262 [704501, 3434, 8453, 1687, 13, 159, 1338782, 5777, 1345816] 10807 [1180, 501, 4, 39, 319079] 2850 
moved_n 298
263 [703514, 3207, 7940, 1509, 14, 184, 1340955, 5470, 1347014] 10821 [1095, 439, 3, 66, 319713] 2853 
moved_n 324
264 [702597, 3022, 7343, 1362, 12, 154, 1343107, 5182, 1348168] 10833 [1006, 392, 6, 47, 320358] 2859 
moved_n 303
265 [701741, 2832, 6865, 1248, 6, 125, 1345032, 4918, 1349202] 10839 [946, 360, 2, 34, 320955] 2861 
moved_n 306
266 [700954, 2633, 6453, 1107, 7, 152, 1346819, 4636, 1350234] 10846 [892, 327, 1, 40, 321489] 2862 
moved_n 320
267 [700236, 2481, 6070, 976, 7, 136, 1348583, 4265, 1351224] 10853 [824, 285, 2, 43, 322036] 2864 
moved_n 288
268 [699510, 2347, 5723, 859, 6, 122, 1350176, 4004, 1352108] 10859 [799, 262, 1, 24, 322523] 2865 
moved_n 234
269 [698842, 2206, 5429, 761, 5, 110, 1351633, 3755, 1352948] 10864 [745, 233, 2, 29, 322981] 2867 
moved_n 228
270 [698234, 2090, 5108, 673, 4, 94, 1353026, 3507, 1353750] 10868 [719, 206, 2, 31, 323417] 2869 
moved_n 220
271 [697662, 1988, 4805, 574, 5, 99, 1354307, 3292, 1354468] 10873 [712, 176, 3, 29, 323800] 2872 
moved_n 192
272 [697116, 1859, 4530, 504, 2, 78, 1355518, 3120, 1355116] 10875 [653, 151, 0, 29, 324185] 2872 
moved_n 205
273 [696555, 1770, 4276, 452, 2, 63, 1356652, 2955, 1355747] 10877 [625, 136, 1, 18, 324537] 2873 
moved_n 169
274 [696055, 1679, 3942, 405, 3, 54, 1357798, 2787, 1356404] 10880 [602, 119, 1, 19, 324894] 2874 
moved_n 175
275 [695621, 1559, 3686, 367, 3, 44, 1358827, 2613, 1356935] 10883 [560, 103, 2, 17, 325235] 2876 
moved_n 151
276 [695213, 1473, 3431, 334, 2, 37, 1359778, 2449, 1357475] 10885 [537, 95, 1, 9, 325536] 2877 
moved_n 150
277 [694803, 1396, 3201, 295, 3, 43, 1360661, 2313, 1357978] 10888 [503, 91, 1, 8, 325799] 2878 
moved_n 138
278 [694424, 1315, 3052, 270, 2, 35, 1361483, 2131, 1358420] 10890 [469, 85, 0, 11, 326078] 2878 
moved_n 126
279 [694061, 1261, 2890, 260, 0, 17, 1362227, 1994, 1358829] 10890 [468, 82, 0, 4, 326299] 2878 
moved_n 114
280 [693738, 1199, 2668, 237, 1, 24, 1362960, 1883, 1359220] 10891 [445, 74, 0, 9, 326515] 2878 
moved_n 115
281 [693441, 1103, 2507, 219, 3, 22, 1363642, 1772, 1359584] 10894 [415, 73, 0, 4, 326745] 2878 
moved_n 137
282 [693145, 1047, 2358, 205, 3, 22, 1364268, 1658, 1359946] 10897 [385, 66, 1, 8, 326959] 2879 
moved_n 106
283 [692866, 975, 2241, 190, 2, 17, 1364854, 1558, 1360296] 10899 [356, 62, 0, 4, 327149] 2879 
moved_n 85
284 [692638, 921, 2109, 181, 0, 16, 1365413, 1423, 1360613] 10899 [339, 57, 0, 6, 327308] 2879 
moved_n 111
285 [692418, 858, 1942, 167, 0, 16, 1365980, 1320, 1360922] 10899 [315, 53, 0, 4, 327502] 2879 
moved_n 79
286 [692236, 774, 1817, 156, 0, 18, 1366495, 1205, 1361189] 10899 [280, 48, 0, 8, 327675] 2879 
moved_n 61
287 [692016, 717, 1744, 154, 1, 8, 1366932, 1129, 1361423] 10900 [254, 49, 0, 2, 327826] 2879 
moved_n 78
288 [691828, 684, 1649, 146, 0, 11, 1367344, 1038, 1361616] 10900 [245, 48, 0, 2, 327964] 2879 
moved_n 70
289 [691641, 615, 1534, 136, 0, 16, 1367761, 997, 1361842] 10900 [219, 50, 0, 2, 328106] 2879 
moved_n 58
290 [691462, 558, 1434, 133, 1, 9, 1368147, 956, 1362033] 10901 [201, 48, 0, 5, 328240] 2879 
moved_n 45
291 [691308, 507, 1307, 131, 0, 4, 1368514, 928, 1362231] 10901 [188, 46, 0, 2, 328361] 2879 
moved_n 62
292 [691162, 490, 1225, 125, 0, 8, 1368835, 854, 1362394] 10901 [180, 45, 0, 3, 328471] 2879 
moved_n 50
293 [691032, 466, 1142, 114, 1, 12, 1369136, 796, 1362573] 10902 [170, 40, 1, 4, 328552] 2880 
moved_n 44
294 [690887, 444, 1055, 107, 2, 5, 1369444, 754, 1362724] 10904 [164, 39, 0, 1, 328657] 2880 
moved_n 57
295 [690768, 412, 985, 101, 1, 9, 1369726, 694, 1362874] 10905 [150, 38, 0, 3, 328747] 2880 
moved_n 52
296 [690633, 391, 931, 97, 0, 6, 1369962, 675, 1363008] 10905 [138, 38, 0, 2, 328823] 2880 
moved_n 52
297 [690525, 371, 876, 93, 2, 6, 1370185, 637, 1363154] 10907 [134, 36, 0, 5, 328907] 2880 
moved_n 44
298 [690420, 359, 833, 86, 0, 12, 1370371, 612, 1363266] 10907 [129, 33, 0, 5, 328984] 2880 
moved_n 28
299 [690334, 327, 788, 83, 1, 6, 1370601, 553, 1363402] 10908 [122, 32, 0, 1, 329061] 2880 
moved_n 38
300 [690253, 303, 744, 83, 1, 2, 1370791, 515, 1363503] 10909 [116, 32, 1, 1, 329126] 2881 
moved_n 34
301 [690171, 283, 717, 76, 0, 7, 1370975, 462, 1363592] 10909 [113, 29, 0, 3, 329186] 2881 
moved_n 26
302 [690100, 252, 678, 67, 0, 9, 1371160, 425, 1363692] 10909 [104, 27, 0, 2, 329246] 2881 
moved_n 18
303 [690025, 257, 621, 65, 4, 3, 1371321, 395, 1363779] 10913 [107, 25, 3, 0, 329286] 2884 
moved_n 24
304 [689950, 242, 576, 62, 0, 6, 1371467, 384, 1363857] 10913 [96, 28, 0, 0, 329337] 2884 
moved_n 34
305 [689900, 216, 554, 61, 0, 1, 1371602, 353, 1363915] 10913 [80, 28, 0, 0, 329384] 2884 
moved_n 28
306 [689844, 199, 508, 58, 0, 6, 1371745, 327, 1363991] 10913 [78, 26, 0, 2, 329439] 2884 
moved_n 30
307 [689798, 186, 477, 51, 2, 6, 1371865, 302, 1364057] 10915 [72, 22, 1, 3, 329481] 2885 
moved_n 22
308 [689741, 177, 425, 50, 0, 3, 1372005, 284, 1364132] 10915 [61, 23, 0, 1, 329530] 2885 
moved_n 18
309 [689699, 167, 403, 44, 2, 5, 1372114, 251, 1364187] 10917 [60, 19, 1, 3, 329568] 2886 
moved_n 16
310 [689652, 141, 376, 39, 1, 5, 1372221, 248, 1364248] 10918 [46, 17, 0, 2, 329609] 2886 
moved_n 16
311 [689611, 133, 355, 37, 0, 2, 1372311, 233, 1364279] 10918 [44, 17, 0, 0, 329635] 2886 
moved_n 10
312 [689575, 127, 325, 36, 0, 2, 1372394, 223, 1364317] 10918 [49, 15, 0, 2, 329662] 2886 
moved_n 12
313 [689533, 126, 301, 36, 0, 1, 1372477, 208, 1364369] 10918 [50, 15, 0, 0, 329698] 2886 
moved_n 12
314 [689497, 118, 283, 34, 2, 0, 1372546, 202, 1364411] 10920 [49, 13, 2, 0, 329722] 2888 
moved_n 12
315 [689469, 106, 267, 31, 0, 3, 1372621, 183, 1364461] 10920 [46, 12, 0, 1, 329746] 2888 
moved_n 20
316 [689435, 104, 235, 30, 0, 1, 1372699, 176, 1364501] 10920 [45, 11, 0, 1, 329777] 2888 
moved_n 18
317 [689411, 102, 223, 26, 0, 4, 1372750, 164, 1364527] 10920 [48, 8, 0, 3, 329792] 2888 
moved_n 8
318 [689369, 95, 214, 24, 0, 4, 1372810, 164, 1364568] 10920 [46, 8, 0, 2, 329812] 2888 
moved_n 14
319 [689348, 95, 205, 20, 0, 4, 1372859, 149, 1364587] 10920 [40, 8, 0, 0, 329838] 2888 
moved_n 2
320 [689326, 77, 195, 17, 0, 3, 1372919, 143, 1364623] 10920 [31, 6, 0, 2, 329862] 2888 
moved_n 10
321 [689299, 76, 188, 17, 0, 0, 1372964, 136, 1364644] 10920 [30, 6, 0, 0, 329882] 2888 
moved_n 10
322 [689275, 71, 170, 17, 0, 0, 1373011, 136, 1364677] 10920 [30, 6, 0, 0, 329900] 2888 
moved_n 8
323 [689256, 74, 167, 14, 0, 4, 1373052, 113, 1364699] 10920 [30, 5, 0, 1, 329911] 2888 
moved_n 8
324 [689243, 70, 156, 12, 0, 2, 1373092, 105, 1364720] 10920 [28, 3, 0, 2, 329927] 2888 
moved_n 6
325 [689225, 71, 136, 12, 0, 0, 1373135, 101, 1364741] 10920 [27, 3, 0, 0, 329946] 2888 
moved_n 8
326 [689209, 65, 133, 8, 1, 3, 1373171, 90, 1364757] 10921 [27, 3, 0, 0, 329958] 2888 
moved_n 6
327 [689195, 67, 127, 7, 0, 1, 1373202, 80, 1364775] 10921 [28, 3, 0, 0, 329970] 2888 
moved_n 4
328 [689179, 66, 113, 6, 0, 1, 1373237, 77, 1364798] 10921 [28, 2, 0, 1, 329984] 2888 
moved_n 6
329 [689168, 58, 107, 9, 0, 0, 1373262, 75, 1364813] 10921 [24, 4, 0, 0, 329998] 2888 
moved_n 4
330 [689153, 46, 95, 8, 0, 1, 1373304, 72, 1364832] 10921 [19, 4, 0, 0, 330011] 2888 
moved_n 9
331 [689144, 46, 91, 8, 0, 0, 1373325, 65, 1364843] 10921 [24, 4, 0, 0, 330019] 2888 
moved_n 4
332 [689141, 42, 88, 7, 0, 1, 1373346, 54, 1364860] 10921 [23, 4, 0, 0, 330027] 2888 
moved_n 8
333 [689124, 42, 77, 6, 0, 1, 1373374, 55, 1364871] 10921 [21, 4, 0, 0, 330042] 2888 
moved_n 0
334 [689110, 38, 67, 7, 0, 0, 1373399, 58, 1364889] 10921 [20, 4, 0, 0, 330051] 2888 
moved_n 2
335 [689104, 35, 67, 7, 0, 0, 1373417, 49, 1364896] 10921 [18, 4, 0, 0, 330060] 2888 
moved_n 0
336 [689094, 38, 60, 7, 0, 0, 1373430, 50, 1364901] 10921 [19, 4, 0, 0, 330064] 2888 
moved_n 5
337 [689087, 33, 51, 7, 0, 0, 1373447, 54, 1364915] 10921 [18, 4, 0, 0, 330071] 2888 
moved_n 2
338 [689081, 31, 54, 5, 0, 2, 1373463, 43, 1364924] 10921 [16, 2, 0, 2, 330081] 2888 
moved_n 2
339 [689078, 28, 57, 5, 0, 0, 1373479, 32, 1364932] 10921 [14, 2, 0, 0, 330091] 2888 
moved_n 0
340 [689070, 24, 51, 5, 0, 0, 1373495, 34, 1364940] 10921 [13, 2, 0, 0, 330095] 2888 
moved_n 4
341 [689065, 23, 51, 5, 0, 0, 1373506, 29, 1364943] 10921 [13, 2, 0, 0, 330099] 2888 
moved_n 0
342 [689059, 22, 44, 5, 0, 0, 1373521, 28, 1364949] 10921 [11, 2, 0, 0, 330104] 2888 
moved_n 0
343 [689054, 18, 45, 4, 0, 1, 1373530, 27, 1364954] 10921 [9, 2, 0, 0, 330108] 2888 
moved_n 4
344 [689050, 18, 45, 4, 0, 0, 1373534, 28, 1364956] 10921 [9, 2, 0, 0, 330111] 2888 
moved_n 0
345 [689049, 14, 39, 5, 0, 0, 1373551, 21, 1364967] 10921 [5, 2, 0, 0, 330123] 2888 
moved_n 0
346 [689044, 14, 30, 6, 0, 0, 1373564, 21, 1364972] 10921 [5, 2, 0, 0, 330129] 2888 
moved_n 4
347 [689039, 12, 33, 6, 0, 0, 1373569, 20, 1364972] 10921 [4, 2, 0, 0, 330132] 2888 
moved_n 0
348 [689039, 9, 31, 6, 0, 0, 1373579, 15, 1364978] 10921 [2, 2, 0, 0, 330136] 2888 
moved_n 0
349 [689033, 7, 30, 3, 0, 3, 1373586, 17, 1364981] 10921 [2, 0, 0, 2, 330139] 2888 
moved_n 0
350 [689030, 6, 26, 3, 0, 0, 1373595, 19, 1364982] 10921 [2, 0, 0, 0, 330142] 2888 
moved_n 0
351 [689028, 6, 28, 3, 0, 0, 1373598, 16, 1364985] 10921 [2, 0, 0, 0, 330143] 2888 
moved_n 2
352 [689026, 3, 28, 3, 0, 0, 1373606, 13, 1364990] 10921 [1, 0, 0, 0, 330146] 2888 
moved_n 2
353 [689023, 1, 25, 3, 0, 0, 1373611, 16, 1364992] 10921 [0, 0, 0, 0, 330147] 2888 
moved_n 0
354 [689020, 2, 24, 2, 0, 1, 1373617, 13, 1364995] 10921 [0, 0, 0, 0, 330150] 2888 
moved_n 2
355 [689017, 2, 22, 2, 0, 0, 1373623, 13, 1365001] 10921 [1, 0, 0, 0, 330152] 2888 
moved_n 0
356 [689016, 3, 19, 2, 0, 0, 1373627, 12, 1365004] 10921 [1, 0, 0, 0, 330155] 2888 
moved_n 2
357 [689015, 4, 19, 2, 0, 0, 1373628, 11, 1365006] 10921 [2, 0, 0, 0, 330156] 2888 
moved_n 0
358 [689015, 5, 16, 2, 0, 0, 1373633, 8, 1365007] 10921 [3, 0, 0, 0, 330157] 2888 
moved_n 0
359 [689015, 5, 14, 2, 0, 0, 1373638, 5, 1365011] 10921 [3, 0, 0, 0, 330159] 2888 
moved_n 2
360 [689014, 8, 14, 2, 0, 0, 1373638, 3, 1365011] 10921 [3, 0, 0, 0, 330159] 2888 
moved_n 0
361 [689012, 7, 10, 2, 0, 0, 1373644, 4, 1365012] 10921 [3, 0, 0, 0, 330162] 2888 
moved_n 0
362 [689012, 6, 8, 3, 0, 0, 1373647, 3, 1365013] 10921 [1, 1, 0, 0, 330163] 2888 
moved_n 2
363 [689011, 5, 7, 3, 0, 0, 1373649, 4, 1365013] 10921 [1, 1, 0, 0, 330163] 2888 
moved_n 0
364 [689011, 4, 6, 3, 0, 0, 1373651, 4, 1365013] 10921 [0, 1, 0, 0, 330165] 2888 
moved_n 0
365 [689010, 4, 5, 2, 0, 1, 1373653, 4, 1365013] 10921 [0, 1, 0, 0, 330166] 2888 
moved_n 0
366 [689009, 4, 4, 1, 0, 1, 1373657, 3, 1365016] 10921 [0, 1, 0, 0, 330168] 2888 
moved_n 0
367 [689008, 1, 4, 1, 0, 0, 1373661, 4, 1365017] 10921 [0, 1, 0, 0, 330168] 2888 
moved_n 0
368 [689006, 1, 4, 1, 0, 0, 1373662, 5, 1365019] 10921 [0, 1, 0, 0, 330168] 2888 
moved_n 0
369 [689005, 0, 4, 1, 0, 0, 1373663, 6, 1365021] 10921 [0, 1, 0, 0, 330168] 2888 
moved_n 0
370 [689005, 1, 4, 1, 0, 0, 1373663, 5, 1365021] 10921 [0, 1, 0, 0, 330168] 2888 
moved_n 2
371 [689005, 1, 5, 1, 0, 0, 1373663, 4, 1365021] 10921 [0, 1, 0, 0, 330168] 2888 
moved_n 0
372 [689004, 2, 4, 1, 0, 0, 1373664, 4, 1365022] 10921 [1, 1, 0, 0, 330169] 2888 
moved_n 0
373 [689004, 2, 4, 1, 0, 0, 1373666, 2, 1365023] 10921 [1, 1, 0, 0, 330170] 2888 
moved_n 0
374 [689003, 2, 5, 1, 0, 0, 1373666, 2, 1365023] 10921 [1, 1, 0, 0, 330170] 2888 
moved_n 0
375 [689003, 2, 4, 1, 0, 0, 1373667, 2, 1365024] 10921 [1, 1, 0, 0, 330170] 2888 
moved_n 0
376 [689002, 2, 4, 1, 0, 0, 1373667, 3, 1365024] 10921 [1, 1, 0, 0, 330170] 2888 
moved_n 0
377 [689002, 1, 5, 1, 0, 0, 1373668, 2, 1365024] 10921 [1, 1, 0, 0, 330170] 2888 
moved_n 0
378 [689002, 1, 4, 1, 0, 0, 1373669, 2, 1365024] 10921 [1, 1, 0, 0, 330170] 2888 
moved_n 0
379 [689000, 0, 5, 1, 0, 0, 1373670, 3, 1365025] 10921 [0, 1, 0, 0, 330171] 2888 
moved_n 0
380 [688998, 0, 3, 1, 0, 0, 1373672, 5, 1365026] 10921 [0, 1, 0, 0, 330171] 2888 
moved_n 0
381 [688997, 0, 3, 1, 0, 0, 1373673, 5, 1365028] 10921 [0, 1, 0, 0, 330171] 2888 
moved_n 0
382 [688997, 0, 3, 0, 0, 1, 1373673, 5, 1365028] 10921 [0, 0, 0, 1, 330171] 2888 
moved_n 0
383 [688997, 0, 3, 0, 0, 0, 1373674, 5, 1365028] 10921 [0, 0, 0, 0, 330172] 2888 
moved_n 0
384 [688997, 1, 3, 0, 0, 0, 1373675, 3, 1365029] 10921 [1, 0, 0, 0, 330173] 2888 
moved_n 0
385 [688997, 1, 5, 0, 0, 0, 1373675, 1, 1365029] 10921 [1, 0, 0, 0, 330173] 2888 
moved_n 0
386 [688997, 1, 5, 0, 0, 0, 1373676, 0, 1365030] 10921 [1, 0, 0, 0, 330173] 2888 
moved_n 0
387 [688997, 1, 5, 0, 0, 0, 1373676, 0, 1365030] 10921 [1, 0, 0, 0, 330173] 2888 
moved_n 0
388 [688997, 1, 4, 0, 0, 0, 1373677, 0, 1365030] 10921 [1, 0, 0, 0, 330173] 2888 
moved_n 0
389 [688996, 1, 4, 0, 0, 0, 1373677, 1, 1365030] 10921 [1, 0, 0, 0, 330173] 2888 
moved_n 0
390 [688995, 1, 4, 0, 0, 0, 1373677, 2, 1365030] 10921 [1, 0, 0, 0, 330173] 2888 
moved_n 0
391 [688995, 0, 3, 0, 0, 0, 1373679, 2, 1365031] 10921 [0, 0, 0, 0, 330175] 2888 
moved_n 0
392 [688995, 0, 1, 0, 0, 0, 1373681, 2, 1365032] 10921 [0, 0, 0, 0, 330175] 2888 
moved_n 0
393 [688995, 0, 0, 0, 0, 0, 1373682, 2, 1365032] 10921 [0, 0, 0, 0, 330175] 2888 
moved_n 0
394 [688995, 1, 0, 0, 0, 0, 1373682, 1, 1365032] 10921 [0, 0, 0, 0, 330175] 2888 
moved_n 0
395 [688995, 1, 1, 0, 0, 0, 1373682, 0, 1365032] 10921 [0, 0, 0, 0, 330175] 2888 
moved_n 0
396 [688995, 1, 1, 0, 0, 0, 1373682, 0, 1365032] 10921 [0, 0, 0, 0, 330175] 2888 
moved_n 0
397 [688994, 1, 1, 0, 0, 0, 1373682, 1, 1365032] 10921 [0, 0, 0, 0, 330175] 2888 
moved_n 0
398 [688994, 1, 1, 0, 0, 0, 1373682, 1, 1365032] 10921 [0, 0, 0, 0, 330175] 2888 
moved_n 0
399 [688994, 1, 1, 0, 0, 0, 1373682, 1, 1365032] 10921 [0, 0, 0, 0, 330175] 2888 
moved_n 0
400 [688994, 1, 1, 0, 0, 0, 1373682, 1, 1365032] 10921 [0, 0, 0, 0, 330175] 2888 
moved_n 0
401 [688994, 0, 1, 0, 0, 0, 1373683, 1, 1365033] 10921 [0, 0, 0, 0, 330175] 2888 
moved_n 0
402 [688994, 0, 1, 0, 0, 0, 1373684, 0, 1365033] 10921 [0, 0, 0, 0, 330176] 2888 
moved_n 0
403 [688994, 0, 1, 0, 0, 0, 1373684, 0, 1365033] 10921 [0, 0, 0, 0, 330176] 2888 
moved_n 0
404 [688994, 0, 1, 0, 0, 0, 1373684, 0, 1365033] 10921 [0, 0, 0, 0, 330176] 2888 
moved_n 0
405 [688994, 0, 1, 0, 0, 0, 1373684, 0, 1365033] 10921 [0, 0, 0, 0, 330176] 2888 
moved_n 0
406 [688994, 0, 1, 0, 0, 0, 1373684, 0, 1365033] 10921 [0, 0, 0, 0, 330176] 2888 
moved_n 0
407 [688994, 0, 1, 0, 0, 0, 1373684, 0, 1365033] 10921 [0, 0, 0, 0, 330176] 2888 
moved_n 0
408 [688994, 0, 1, 0, 0, 0, 1373684, 0, 1365033] 10921 [0, 0, 0, 0, 330176] 2888 
moved_n 0
409 [688994, 0, 0, 0, 0, 0, 1373685, 0, 1365033] 10921 [0, 0, 0, 0, 330176] 2888 
moved_n 0
[688994, 0, 0, 0, 0, 0, 1373685, 0, 1365033] 0.6624638310185185 10921
860330 969576
