1.01 1.8 207360 8 2073 960 192 0.9 0.7 1 12 7 0.03214285714285715 0.004166666666666667 10 0.005 10
1 [2073599, 1, 0, 0, 0, 0, 0, 0] 0
2 [2073599, 1, 0, 0, 0, 0, 0, 0] 0
3 [2073599, 1, 0, 0, 0, 0, 0, 0] 0
4 [2073599, 1, 0, 0, 0, 0, 0, 0] 0
5 [2073599, 1, 0, 0, 0, 0, 0, 0] 0
6 [2073599, 1, 0, 0, 0, 0, 0, 0] 0
7 [2073599, 1, 0, 0, 0, 0, 0, 0] 0
8 [2073599, 1, 0, 0, 0, 0, 0, 0] 0
9 [2073599, 1, 0, 0, 0, 0, 0, 0] 0
10 [2073598, 1, 0, 0, 0, 0, 0, 1] 0
11 [2073598, 2, 0, 0, 0, 0, 0, 0] 0
12 [2073598, 2, 0, 0, 0, 0, 0, 0] 0
13 [2073596, 2, 0, 0, 0, 0, 0, 2] 0
14 [2073596, 1, 2, 0, 0, 0, 1, 0] 0
15 [2073596, 1, 2, 0, 0, 0, 1, 0] 0
16 [2073594, 1, 2, 0, 0, 0, 1, 2] 0
17 [2073593, 1, 4, 0, 0, 0, 1, 1] 0
18 [2073593, 1, 5, 0, 0, 0, 1, 0] 0
19 [2073590, 1, 5, 0, 0, 0, 1, 3] 0
20 [2073589, 2, 7, 0, 0, 0, 1, 1] 0
21 [2073587, 2, 8, 0, 0, 0, 1, 2] 0
22 [2073586, 3, 7, 0, 0, 0, 3, 1] 0
23 [2073586, 3, 8, 0, 0, 0, 3, 0] 0
24 [2073582, 2, 8, 0, 0, 0, 4, 4] 0
25 [2073578, 4, 8, 0, 0, 0, 6, 4] 0
26 [2073576, 5, 10, 0, 0, 0, 7, 2] 0
27 [2073570, 6, 11, 0, 0, 0, 7, 6] 0
28 [2073566, 8, 13, 0, 0, 0, 9, 4] 0
29 [2073561, 9, 15, 0, 0, 0, 10, 5] 0
30 [2073556, 11, 17, 0, 0, 0, 11, 5] 0
31 [2073551, 12, 20, 0, 0, 0, 12, 5] 0
32 [2073547, 14, 23, 0, 0, 0, 12, 4] 0
33 [2073541, 15, 23, 0, 0, 0, 15, 6] 0
34 [2073533, 17, 24, 0, 0, 0, 18, 8] 0
35 [2073524, 20, 27, 0, 0, 0, 20, 9] 0
36 [2073510, 21, 31, 0, 0, 0, 24, 14] 0
37 [2073499, 23, 39, 1, 0, 0, 27, 11] 0
38 [2073488, 25, 43, 1, 0, 0, 32, 11] 0
39 [2073470, 26, 48, 1, 0, 0, 37, 18] 0
40 [2073451, 32, 55, 2, 0, 0, 41, 19] 0
41 [2073429, 34, 69, 2, 0, 0, 44, 22] 0
42 [2073403, 38, 82, 2, 0, 0, 49, 26] 0
43 [2073369, 41, 99, 2, 0, 0, 55, 34] 0
44 [2073337, 47, 118, 2, 0, 0, 64, 32] 0
45 [2073313, 53, 131, 2, 0, 0, 77, 24] 0
46 [2073268, 55, 144, 2, 0, 0, 86, 45] 0
47 [2073223, 64, 169, 2, 0, 0, 97, 45] 0
48 [2073165, 74, 191, 2, 0, 0, 110, 58] 0
49 [2073106, 85, 221, 1, 0, 1, 127, 59] 0
50 [2073030, 105, 240, 1, 0, 1, 147, 76] 0
51 [2072951, 124, 272, 0, 0, 2, 172, 79] 0
52 [2072842, 142, 303, 1, 0, 2, 201, 109] 0
53 [2072743, 154, 367, 2, 0, 2, 233, 99] 0
54 [2072628, 187, 410, 2, 0, 2, 256, 115] 0
55 [2072491, 219, 454, 2, 0, 2, 295, 137] 0
56 [2072325, 259, 513, 3, 0, 2, 332, 166] 0
57 [2072137, 290, 594, 5, 0, 2, 384, 188] 0
58 [2071952, 340, 690, 5, 0, 2, 426, 185] 0
59 [2071728, 390, 768, 5, 0, 2, 483, 224] 0
60 [2071487, 437, 874, 7, 0, 1, 553, 241] 0
61 [2071196, 487, 963, 8, 0, 1, 654, 291] 0
62 [2070834, 566, 1098, 10, 0, 0, 730, 362] 0
63 [2070466, 656, 1269, 11, 0, 0, 830, 368] 0
64 [2070005, 736, 1441, 11, 0, 2, 944, 461] 0
65 [2069530, 851, 1638, 14, 0, 2, 1090, 475] 0
66 [2068940, 974, 1832, 19, 0, 2, 1243, 590] 0
67 [2068283, 1129, 2100, 20, 0, 3, 1408, 657] 0
68 [2067520, 1309, 2374, 20, 0, 5, 1609, 763] 0
69 [2066669, 1465, 2758, 23, 0, 5, 1829, 851] 0
70 [2065695, 1667, 3160, 33, 0, 5, 2066, 974] 0
71 [2064607, 1911, 3582, 37, 0, 7, 2368, 1088] 0
72 [2063338, 2150, 4110, 44, 0, 8, 2681, 1269] 0
73 [2061912, 2476, 4661, 53, 0, 10, 3062, 1426] 0
74 [2060222, 2807, 5356, 63, 0, 11, 3451, 1690] 0
75 [2058377, 3227, 6128, 70, 0, 11, 3942, 1845] 0
76 [2056200, 3673, 6972, 79, 0, 14, 4485, 2177] 0
77 [2053814, 4227, 7926, 85, 1, 19, 5142, 2386] 1
78 [2051185, 4790, 8997, 102, 0, 20, 5876, 2629] 1
79 [2048032, 5394, 10193, 115, 2, 20, 6690, 3153] 3
80 [2044604, 6148, 11594, 136, 0, 23, 7664, 3428] 3
81 [2040767, 6976, 13083, 152, 0, 33, 8749, 3837] 3
82 [2036367, 7929, 14716, 180, 0, 37, 9968, 4400] 3
83 [2031388, 9013, 16591, 207, 0, 42, 11377, 4979] 3
84 [2025783, 10136, 18837, 233, 2, 51, 12950, 5605] 5
85 [2019534, 11601, 21149, 252, 1, 61, 14748, 6249] 6
86 [2012466, 13029, 23867, 300, 1, 68, 16795, 7068] 7
87 [2004699, 14757, 26898, 343, 3, 75, 19051, 7767] 10
88 [1995794, 16478, 30203, 394, 4, 82, 21730, 8905] 14
89 [1986084, 18580, 34042, 434, 1, 97, 24638, 9710] 15
90 [1975324, 20794, 38190, 470, 3, 111, 27933, 10760] 18
91 [1963179, 23282, 42635, 536, 0, 131, 31674, 12145] 18
92 [1949873, 26173, 47538, 619, 2, 146, 35925, 13306] 20
93 [1935238, 29182, 52995, 683, 2, 173, 40672, 14635] 22
94 [1919081, 32385, 58924, 758, 3, 199, 46071, 16157] 25
95 [1901291, 36014, 65298, 854, 2, 226, 52100, 17790] 27
96 [1882091, 39848, 72325, 962, 5, 245, 58897, 19200] 32
97 [1861338, 44119, 79532, 1048, 2, 291, 66485, 20753] 34
98 [1838199, 48486, 87240, 1170, 3, 336, 74993, 23139] 37
99 [1813601, 53435, 95988, 1285, 3, 384, 84269, 24598] 40
100 [1786857, 58488, 104856, 1417, 1, 422, 94775, 26744] 41
101 [1758270, 64177, 114231, 1582, 10, 459, 106243, 28587] 51
102 [1727917, 69894, 123965, 1743, 5, 524, 119148, 30353] 56
103 [1695578, 76061, 133854, 1896, 6, 603, 133207, 32339] 62
104 [1661398, 82274, 144002, 2110, 13, 666, 148895, 34180] 75
105 [1625695, 88628, 154540, 2324, 15, 740, 165880, 35703] 90
106 [1587912, 95081, 165132, 2525, 5, 831, 184241, 37783] 95
107 [1548086, 101885, 175361, 2793, 11, 920, 204623, 39826] 106
108 [1507026, 108674, 186006, 3082, 21, 975, 226650, 41060] 127
109 [1464281, 115412, 196240, 3334, 29, 1050, 250382, 42745] 156
110 [1420161, 122310, 206096, 3649, 27, 1092, 275989, 44120] 183
111 [1374903, 129065, 215863, 4005, 41, 1127, 303155, 45258] 224
112 [1329089, 135746, 224695, 4328, 48, 1194, 332462, 45814] 272
113 [1282250, 142114, 232734, 4709, 45, 1196, 363441, 46839] 317
114 [1235194, 147804, 240531, 5126, 66, 1175, 396331, 47056] 383
115 [1187488, 153043, 247144, 5546, 71, 1185, 431034, 47706] 454
116 [1140004, 158074, 252544, 6007, 69, 1158, 467806, 47484] 523
117 [1092239, 162504, 256883, 6463, 66, 1121, 506036, 47765] 589
118 [1045128, 166247, 260621, 6987, 78, 1078, 545761, 47111] 667
119 [998166, 169673, 262619, 7482, 82, 1054, 586895, 46962] 749
120 [952364, 172497, 263841, 7943, 103, 993, 629308, 45802] 852
121 [907596, 174231, 263965, 8461, 81, 948, 672698, 44768] 933
122 [863878, 175384, 262420, 8933, 113, 914, 717307, 43718] 1046
123 [821619, 175637, 259939, 9419, 119, 850, 762712, 42259] 1165
124 [780674, 175002, 256196, 9970, 112, 814, 808722, 40945] 1277
125 [741249, 173427, 251736, 10456, 137, 781, 855112, 39425] 1414
126 [704092, 171454, 245705, 10916, 134, 722, 902006, 37157] 1548
127 [668978, 168742, 238757, 11342, 134, 697, 948288, 35114] 1682
128 [636073, 165323, 230542, 11850, 149, 649, 994427, 32905] 1831
129 [604789, 161183, 221293, 12232, 159, 609, 1040220, 31284] 1990
130 [575840, 156385, 211816, 12662, 168, 550, 1085240, 28949] 2158
131 [548898, 151083, 201426, 13073, 168, 514, 1129338, 26942] 2326
132 [523728, 145188, 190648, 13417, 184, 487, 1172452, 25170] 2510
133 [500938, 138664, 179475, 13753, 178, 470, 1214822, 22790] 2688
134 [480139, 131913, 167864, 14066, 190, 446, 1255495, 20799] 2878
135 [461073, 124822, 156527, 14274, 194, 441, 1294325, 19066] 3072
136 [443991, 117539, 145371, 14555, 186, 430, 1331374, 17082] 3258
137 [428879, 110073, 134553, 14798, 193, 415, 1366319, 15112] 3451
138 [415146, 102541, 123313, 14960, 217, 387, 1399852, 13733] 3668
139 [403099, 95013, 112777, 15111, 211, 372, 1431302, 12047] 3879
140 [392309, 87623, 102421, 15216, 202, 362, 1460798, 10790] 4081
141 [382637, 80444, 92395, 15262, 225, 368, 1488516, 9672] 4306
142 [374157, 73544, 83119, 15300, 223, 368, 1514103, 8480] 4529
143 [366915, 66911, 74381, 15339, 219, 376, 1537688, 7242] 4748
144 [360484, 60492, 66106, 15343, 232, 367, 1559397, 6431] 4980
145 [354813, 54437, 58581, 15334, 215, 366, 1579203, 5671] 5195
146 [349773, 48773, 51888, 15275, 221, 353, 1597082, 5040] 5416
147 [345596, 43680, 45701, 15195, 217, 360, 1613258, 4177] 5633
148 [341887, 38902, 40174, 15067, 249, 368, 1627611, 3709] 5882
149 [338590, 34480, 35159, 14957, 226, 372, 1640637, 3297] 6108
150 [335810, 30516, 30775, 14871, 180, 381, 1652179, 2780] 6288
151 [333319, 26927, 26877, 14718, 232, 392, 1662356, 2491] 6520
152 [331265, 23717, 23508, 14531, 242, 400, 1671363, 2054] 6762
153 [329410, 20859, 20414, 14339, 250, 395, 1679316, 1855] 7012
154 [327886, 18306, 17765, 14148, 242, 393, 1686324, 1524] 7254
155 [326488, 15895, 15348, 13947, 227, 416, 1692627, 1398] 7481
156 [325348, 13829, 13355, 13761, 206, 419, 1698061, 1140] 7687
157 [324334, 12071, 11618, 13545, 226, 427, 1702678, 1014] 7913
158 [323441, 10510, 9995, 13296, 250, 433, 1706869, 893] 8163
159 [322668, 9092, 8627, 13036, 245, 441, 1710555, 773] 8408
160 [321981, 7814, 7460, 12751, 254, 474, 1713771, 687] 8662
161 [321381, 6852, 6493, 12503, 223, 484, 1716402, 600] 8885
162 [320882, 5885, 5638, 12228, 224, 517, 1718842, 499] 9109
163 [320451, 5099, 4926, 11940, 254, 534, 1720856, 431] 9363
164 [320097, 4492, 4263, 11650, 241, 577, 1722563, 354] 9604
165 [319774, 3842, 3691, 11356, 218, 631, 1724161, 323] 9822
166 [319492, 3318, 3196, 11059, 244, 651, 1725536, 282] 10066
167 [319263, 2873, 2748, 10775, 210, 699, 1726737, 229] 10276
168 [319058, 2493, 2367, 10486, 227, 729, 1727759, 205] 10503
169 [318901, 2121, 2056, 10219, 201, 751, 1728691, 157] 10704
170 [318752, 1856, 1726, 9936, 217, 780, 1729480, 149] 10921
171 [318627, 1613, 1475, 9647, 201, 811, 1730180, 125] 11122
172 [318511, 1393, 1277, 9331, 214, 875, 1730761, 116] 11336
173 [318423, 1215, 1107, 9029, 205, 904, 1731293, 88] 11541
174 [318334, 1028, 938, 8683, 225, 971, 1731791, 89] 11766
175 [318276, 901, 813, 8337, 210, 1038, 1732201, 58] 11976
176 [318205, 783, 690, 8015, 190, 1082, 1732588, 71] 12166
177 [318161, 656, 596, 7704, 163, 1162, 1732948, 44] 12329
178 [318119, 566, 515, 7364, 179, 1246, 1733240, 42] 12508
179 [318084, 487, 433, 7003, 171, 1364, 1733515, 35] 12679
180 [318057, 413, 368, 6643, 153, 1497, 1733763, 27] 12832
181 [318031, 359, 308, 6289, 128, 1646, 1733981, 26] 12960
182 [318000, 316, 265, 5906, 144, 1792, 1734186, 31] 13104
183 [317970, 277, 224, 5570, 117, 1900, 1734408, 30] 13221
184 [317955, 245, 206, 5136, 136, 2099, 1734587, 15] 13357
185 [317944, 213, 161, 4728, 107, 2276, 1734803, 11] 13464
186 [317932, 183, 137, 4286, 107, 2473, 1735006, 12] 13571
187 [317925, 156, 122, 3815, 103, 2707, 1735194, 7] 13674
188 [317916, 133, 107, 3365, 85, 2919, 1735392, 9] 13759
189 [317906, 118, 94, 2880, 54, 3184, 1735595, 10] 13813
190 [317904, 103, 87, 2416, 44, 3413, 1735818, 2] 13857
191 [317901, 90, 65, 1875, 35, 3712, 1736062, 3] 13892
192 [317896, 74, 44, 1370, 17, 3975, 1736327, 5] 13909
193 [317890, 61, 40, 860, 4, 4241, 1736589, 6] 13913
194 [317885, 54, 40, 498, 2, 4381, 1736822, 5] 13915
195 [317880, 44, 34, 246, 0, 4335, 1737141, 5] 13915
196 [317875, 36, 33, 113, 0, 4166, 1737457, 5] 13915
197 [317872, 31, 29, 49, 0, 3895, 1737806, 3] 13915
198 [317867, 25, 24, 18, 0, 3558, 1738188, 5] 13915
199 [317864, 22, 25, 11, 0, 3200, 1738560, 3] 13915
200 [317863, 21, 26, 3, 0, 2777, 1738994, 1] 13915
201 [317863, 20, 23, 2, 0, 2357, 1739420, 0] 13915
202 [317862, 17, 18, 1, 0, 1852, 1739934, 1] 13915
203 [317862, 14, 15, 0, 0, 1364, 1740430, 0] 13915
204 [317861, 13, 10, 0, 0, 858, 1740942, 1] 13915
205 [317859, 11, 8, 1, 0, 498, 1741306, 2] 13915
206 [317857, 11, 7, 1, 0, 246, 1741561, 2] 13915
207 [317857, 9, 7, 2, 0, 113, 1741697, 0] 13915
208 [317857, 8, 5, 3, 0, 49, 1741763, 0] 13915
209 [317857, 8, 4, 3, 0, 18, 1741795, 0] 13915
210 [317857, 5, 4, 3, 0, 11, 1741805, 0] 13915
211 [317857, 5, 3, 3, 0, 3, 1741814, 0] 13915
212 [317857, 3, 3, 3, 0, 2, 1741817, 0] 13915
213 [317856, 2, 3, 3, 0, 1, 1741819, 1] 13915
214 [317856, 2, 3, 3, 0, 0, 1741821, 0] 13915
215 [317855, 2, 1, 3, 0, 0, 1741823, 1] 13915
216 [317855, 2, 2, 3, 0, 0, 1741823, 0] 13915
217 [317855, 2, 2, 2, 0, 1, 1741823, 0] 13915
218 [317855, 1, 2, 1, 0, 2, 1741824, 0] 13915
219 [317855, 0, 2, 0, 0, 3, 1741825, 0] 13915
220 [317855, 0, 2, 0, 0, 3, 1741825, 0] 13915
221 [317855, 0, 2, 0, 0, 3, 1741825, 0] 13915
222 [317855, 0, 1, 0, 0, 3, 1741826, 0] 13915
223 [317855, 0, 1, 0, 0, 3, 1741826, 0] 13915
224 [317855, 0, 0, 0, 0, 3, 1741827, 0] 13915
225 [317855, 0, 0, 0, 0, 3, 1741827, 0] 13915
226 [317855, 0, 0, 0, 0, 3, 1741827, 0] 13915
227 [317855, 0, 0, 0, 0, 3, 1741827, 0] 13915
228 [317855, 0, 0, 0, 0, 2, 1741828, 0] 13915
229 [317855, 0, 0, 0, 0, 1, 1741829, 0] 13915
230 [317855, 0, 0, 0, 0, 0, 1741830, 0] 13915
[317855, 0, 0, 0, 0, 0, 1741830, 0] 0.8400028935185185 13915
