1.04 1.8 207360 8 2073 960 192 0.9 1.0 60 False 0.7 1 12 7 0.03214285714285715 0.004166666666666667 10 0.005 10
[1, 2073599, 0, 1, 0, 0, 0, 0, 0, 0, 0]
[2, 2073599, 0, 1, 0, 0, 0, 0, 0, 0, 0]
[3, 2073599, 0, 1, 0, 0, 0, 0, 0, 0, 0]
[4, 2073598, 0, 1, 0, 0, 0, 0, 1, 0, 0]
[5, 2073598, 1, 1, 0, 0, 0, 0, 0, 0, 0]
[6, 2073598, 1, 1, 0, 0, 0, 0, 0, 0, 0]
[7, 2073597, 1, 1, 0, 0, 0, 0, 1, 0, 0]
[8, 2073596, 1, 2, 0, 0, 0, 0, 1, 0, 0]
[9, 2073596, 2, 1, 0, 0, 0, 1, 0, 1, 0]
[10, 2073596, 2, 1, 0, 0, 0, 1, 0, 1, 0]
[11, 2073595, 2, 1, 0, 0, 0, 1, 1, 1, 0]
[12, 2073593, 2, 2, 0, 0, 0, 1, 2, 1, 0]
[13, 2073590, 3, 3, 0, 0, 0, 1, 3, 1, 0]
[14, 2073590, 3, 6, 0, 0, 0, 1, 0, 1, 0]
[15, 2073587, 3, 6, 0, 0, 0, 1, 3, 1, 0]
[16, 2073583, 3, 8, 0, 0, 0, 2, 4, 6, 0]
[17, 2073578, 4, 11, 0, 0, 0, 2, 5, 6, 0]
[18, 2073578, 5, 14, 0, 0, 0, 3, 0, 10, 0]
[19, 2073577, 5, 14, 0, 0, 0, 3, 1, 10, 0]
[20, 2073572, 5, 14, 0, 0, 0, 4, 5, 11, 0]
[21, 2073568, 7, 16, 0, 0, 0, 5, 4, 16, 0]
[22, 2073564, 6, 17, 0, 0, 0, 9, 4, 25, 0]
[23, 2073563, 9, 18, 0, 0, 0, 9, 1, 25, 0]
[24, 2073553, 9, 16, 0, 0, 0, 12, 10, 29, 0]
[25, 2073551, 12, 20, 0, 0, 0, 15, 2, 31, 0]
[26, 2073547, 11, 19, 0, 0, 0, 19, 4, 38, 0]
[27, 2073535, 11, 23, 0, 0, 0, 19, 12, 38, 0]
[28, 2073530, 13, 32, 0, 0, 0, 20, 5, 39, 0]
[29, 2073523, 14, 33, 0, 0, 0, 23, 7, 43, 0]
[30, 2073511, 13, 36, 0, 0, 0, 28, 12, 50, 0]
[31, 2073501, 14, 44, 0, 0, 0, 31, 10, 56, 0]
[32, 2073486, 18, 49, 0, 0, 0, 32, 15, 57, 0]
[33, 2073463, 26, 49, 0, 0, 0, 39, 23, 71, 0]
[34, 2073442, 31, 63, 0, 0, 0, 43, 21, 78, 0]
[35, 2073421, 40, 71, 0, 0, 0, 47, 21, 88, 0]
[36, 2073395, 41, 78, 0, 0, 0, 60, 26, 115, 0]
[37, 2073376, 49, 92, 0, 0, 0, 64, 19, 123, 0]
[38, 2073348, 53, 97, 0, 0, 0, 74, 28, 148, 0]
[39, 2073310, 60, 109, 0, 0, 0, 83, 38, 169, 0]
[40, 2073263, 68, 133, 0, 0, 0, 89, 47, 174, 0]
[41, 2073220, 79, 158, 2, 0, 0, 98, 43, 186, 0]
[42, 2073160, 88, 175, 2, 0, 0, 115, 60, 224, 0]
[43, 2073117, 103, 208, 2, 0, 0, 127, 43, 243, 0]
[44, 2073046, 117, 217, 2, 0, 0, 147, 71, 285, 0]
[45, 2072968, 130, 253, 2, 0, 0, 169, 78, 324, 0]
[46, 2072874, 146, 294, 3, 0, 0, 189, 94, 374, 0]
[47, 2072761, 167, 340, 3, 0, 0, 216, 113, 441, 0]
[48, 2072641, 187, 393, 5, 0, 0, 254, 120, 509, 0]
[49, 2072517, 228, 436, 5, 0, 0, 290, 124, 581, 0]
[50, 2072383, 266, 479, 7, 0, 0, 331, 134, 675, 0]
[51, 2072217, 288, 538, 8, 0, 0, 383, 166, 787, 0]
[52, 2072031, 332, 625, 10, 0, 0, 416, 186, 849, 0]
[53, 2071821, 375, 706, 9, 0, 2, 477, 210, 976, 0]
[54, 2071571, 414, 805, 13, 0, 2, 545, 250, 1114, 0]
[55, 2071319, 474, 918, 13, 0, 2, 622, 252, 1250, 0]
[56, 2071001, 530, 1012, 17, 0, 2, 720, 318, 1430, 0]
[57, 2070642, 609, 1159, 18, 0, 3, 810, 359, 1597, 0]
[58, 2070235, 703, 1330, 20, 0, 3, 902, 407, 1764, 0]
[59, 2069758, 780, 1529, 22, 0, 5, 1029, 477, 2019, 0]
[60, 2069234, 911, 1734, 25, 0, 5, 1167, 524, 2302, 0]
[61, 2068626, 1053, 1953, 24, 0, 7, 1329, 608, 2636, 0]
[62, 2067930, 1182, 2234, 28, 0, 8, 1522, 696, 3052, 0]
[63, 2067175, 1359, 2526, 28, 1, 10, 1746, 755, 3497, 1]
[64, 2066282, 1551, 2871, 37, 1, 9, 1955, 893, 3891, 2]
[65, 2065301, 1754, 3283, 37, 0, 13, 2229, 981, 4457, 2]
[66, 2064097, 1989, 3722, 47, 0, 13, 2526, 1204, 5081, 2]
[67, 2062797, 2312, 4239, 49, 0, 16, 2885, 1300, 5837, 2]
[68, 2061292, 2609, 4852, 53, 1, 17, 3269, 1505, 6637, 3]
[69, 2059616, 2959, 5571, 59, 0, 19, 3697, 1676, 7498, 3]
[70, 2057696, 3374, 6296, 65, 0, 21, 4225, 1920, 8554, 3]
[71, 2055496, 3856, 7141, 78, 0, 23, 4803, 2200, 9720, 3]
[72, 2053001, 4396, 8169, 87, 0, 22, 5427, 2495, 10982, 3]
[73, 2050221, 4956, 9301, 102, 0, 26, 6211, 2780, 12640, 3]
[74, 2047104, 5634, 10538, 121, 0, 27, 7056, 3117, 14328, 3]
[75, 2043529, 6390, 11895, 127, 0, 37, 8044, 3575, 16270, 3]
[76, 2039356, 7222, 13470, 148, 0, 37, 9191, 4173, 18562, 3]
[77, 2034674, 8190, 15338, 177, 1, 46, 10489, 4682, 21107, 4]
[78, 2029610, 9342, 17441, 197, 0, 48, 11894, 5064, 23897, 4]
[79, 2023865, 10548, 19679, 211, 3, 53, 13492, 5745, 26993, 7]
[80, 2017359, 11855, 22143, 256, 0, 59, 15415, 6506, 30784, 7]
[81, 2010095, 13454, 24881, 294, 2, 65, 17538, 7264, 34940, 9]
[82, 2002015, 15183, 28033, 326, 0, 77, 19877, 8080, 39496, 9]
[83, 1992850, 17120, 31449, 368, 1, 86, 22552, 9165, 44681, 10]
[84, 1982767, 19176, 35394, 428, 1, 101, 25640, 10083, 50582, 11]
[85, 1971419, 21486, 39511, 495, 1, 119, 29210, 11348, 57344, 12]
[86, 1958926, 24120, 44176, 569, 2, 125, 33177, 12493, 64733, 14]
[87, 1945285, 26956, 49357, 649, 2, 145, 37551, 13641, 72948, 16]
[88, 1930086, 29989, 54941, 727, 1, 172, 42469, 15199, 82182, 17]
[89, 1913722, 33468, 61018, 825, 3, 191, 47992, 16364, 92257, 20]
[90, 1895617, 37151, 67336, 927, 2, 208, 54234, 18105, 103421, 22]
[91, 1875859, 40960, 74509, 1047, 1, 249, 61195, 19758, 115886, 23]
[92, 1854820, 45288, 81900, 1161, 5, 288, 69076, 21039, 129819, 28]
[93, 1831669, 49712, 89638, 1289, 4, 319, 77790, 23151, 144867, 32]
[94, 1807177, 54674, 97813, 1429, 2, 361, 87620, 24492, 161759, 34]
[95, 1781006, 59643, 106304, 1558, 7, 418, 98459, 26171, 180185, 41]
[96, 1753048, 64991, 114910, 1720, 2, 485, 110445, 27958, 200031, 43]
[97, 1723725, 70525, 123912, 1872, 7, 559, 123634, 29323, 221206, 50]
[98, 1693119, 76269, 132966, 2037, 6, 639, 137908, 30606, 243759, 56]
[99, 1661069, 81938, 141609, 2216, 8, 715, 153939, 32050, 268586, 64]
[100, 1628013, 87556, 150282, 2425, 9, 813, 171382, 33056, 294792, 73]
[101, 1594210, 93169, 158706, 2665, 17, 898, 190059, 33803, 322354, 90]
[102, 1559518, 98579, 166225, 2895, 14, 992, 210595, 34692, 351672, 104]
[103, 1524253, 103735, 173412, 3156, 24, 1054, 232597, 35265, 382114, 128]
[104, 1488459, 108678, 179999, 3418, 24, 1146, 255954, 35794, 413527, 152]
[105, 1452365, 113198, 185699, 3656, 44, 1201, 281191, 36094, 446325, 196]
[106, 1416267, 117714, 190466, 3939, 47, 1234, 307639, 36098, 479576, 243]
[107, 1379958, 121293, 194384, 4264, 44, 1254, 335851, 36309, 514354, 287]
[108, 1343941, 124975, 197121, 4567, 54, 1267, 365371, 36017, 549638, 341]
[109, 1308302, 127887, 198900, 4911, 54, 1273, 396293, 35639, 585607, 395]
[110, 1272877, 130118, 200190, 5276, 62, 1253, 428004, 35425, 621485, 457]
[111, 1237878, 131808, 200611, 5564, 80, 1214, 460989, 34999, 657863, 537]
[112, 1203178, 132913, 200449, 5935, 67, 1184, 494637, 34700, 694099, 604]
[113, 1169162, 133631, 199563, 6323, 76, 1110, 529115, 34016, 730177, 680]
[114, 1135301, 133974, 198160, 6695, 93, 1064, 563772, 33861, 765642, 773]
[115, 1102051, 133906, 196526, 7087, 75, 1014, 598918, 33250, 801087, 848]
[116, 1068978, 133503, 194631, 7448, 97, 975, 634047, 33073, 835609, 945]
[117, 1036301, 133044, 192719, 7740, 104, 929, 669141, 32677, 869974, 1049]
[118, 1003786, 132192, 190825, 8105, 90, 886, 704152, 32515, 903679, 1139]
[119, 971826, 131212, 188619, 8448, 109, 848, 739439, 31960, 937452, 1248]
[120, 940004, 130182, 186204, 8775, 123, 799, 774443, 31822, 970918, 1371]
[121, 908789, 128691, 184182, 9061, 128, 765, 809398, 31215, 1003950, 1499]
[122, 877883, 127031, 182280, 9347, 134, 740, 843780, 30906, 1036889, 1633]
[123, 847344, 125627, 180129, 9659, 138, 720, 877811, 30539, 1069341, 1771]
[124, 817307, 124195, 178165, 9992, 123, 699, 911311, 30037, 1100931, 1894]
[125, 787659, 123074, 175956, 10240, 159, 682, 944288, 29648, 1131660, 2053]
[126, 758520, 121570, 173823, 10520, 132, 649, 977194, 29139, 1162879, 2185]
[127, 729550, 120107, 171623, 10830, 137, 629, 1009569, 28970, 1193315, 2322]
[128, 701891, 118772, 169618, 11034, 176, 641, 1041487, 27659, 1223372, 2498]
[129, 674818, 117229, 166553, 11303, 153, 622, 1073351, 27073, 1253216, 2651]
[130, 648463, 115485, 163506, 11555, 152, 611, 1104822, 26355, 1282352, 2803]
[131, 622869, 113666, 160509, 11773, 163, 603, 1135620, 25594, 1310684, 2966]
[132, 598059, 111556, 156971, 11988, 179, 597, 1166474, 24810, 1339038, 3145]
[133, 574882, 109377, 153435, 12177, 170, 572, 1196665, 23177, 1366417, 3315]
[134, 552668, 106860, 148847, 12353, 197, 572, 1226574, 22214, 1392789, 3512]
[135, 531669, 104295, 143934, 12534, 177, 581, 1255899, 20999, 1418631, 3689]
[136, 512115, 101278, 138431, 12684, 200, 588, 1285061, 19554, 1443970, 3889]
[137, 493625, 98165, 132696, 12853, 165, 585, 1313132, 18490, 1467850, 4054]
[138, 476499, 94670, 126755, 12959, 201, 580, 1340756, 17126, 1490938, 4255]
[139, 460930, 91111, 120237, 13067, 187, 547, 1367697, 15569, 1512694, 4442]
[140, 446400, 87127, 113270, 13168, 218, 536, 1393909, 14530, 1533313, 4660]
[141, 433272, 82737, 106141, 13267, 202, 528, 1419665, 13128, 1553043, 4862]
[142, 421408, 78419, 99018, 13319, 210, 529, 1443971, 11864, 1571139, 5072]
[143, 410560, 73851, 91863, 13355, 195, 532, 1467324, 10848, 1588015, 5267]
[144, 400921, 69420, 84748, 13327, 230, 554, 1489494, 9639, 1603213, 5497]
[145, 392425, 64657, 77960, 13332, 216, 541, 1510476, 8496, 1617440, 5713]
[146, 384835, 59912, 70979, 13300, 207, 531, 1530533, 7590, 1630483, 5920]
[147, 378249, 55357, 64316, 13261, 220, 527, 1549164, 6586, 1642209, 6140]
[148, 372284, 50729, 58062, 13212, 197, 533, 1566478, 5965, 1652626, 6337]
[149, 366994, 46296, 52038, 13145, 216, 540, 1582744, 5290, 1662102, 6553]
[150, 362422, 41992, 46600, 13068, 194, 546, 1597653, 4572, 1670526, 6747]
[151, 358351, 37888, 41457, 12969, 194, 565, 1611358, 4071, 1677981, 6941]
[152, 354811, 34141, 36702, 12832, 216, 578, 1623839, 3540, 1684448, 7157]
[153, 351745, 30636, 32392, 12697, 187, 579, 1635141, 3066, 1690268, 7344]
[154, 349013, 27339, 28597, 12535, 217, 573, 1645250, 2732, 1695328, 7561]
[155, 346644, 24242, 25196, 12359, 212, 574, 1654443, 2369, 1699845, 7773]
[156, 344517, 21514, 22230, 12152, 238, 587, 1662462, 2127, 1703701, 8011]
[157, 342732, 18963, 19566, 11955, 218, 594, 1669776, 1785, 1707106, 8229]
[158, 341218, 16718, 17084, 11751, 206, 604, 1676276, 1514, 1710037, 8435]
[159, 339889, 14691, 14914, 11500, 242, 616, 1681984, 1329, 1712638, 8677]
[160, 338713, 12913, 13009, 11272, 222, 626, 1686992, 1176, 1714849, 8899]
[161, 337747, 11356, 11360, 11013, 233, 648, 1691378, 966, 1716760, 9132]
[162, 336863, 9919, 9882, 10747, 216, 683, 1695274, 884, 1718373, 9348]
[163, 336090, 8666, 8532, 10513, 201, 697, 1698780, 773, 1719796, 9549]
[164, 335407, 7578, 7404, 10230, 230, 727, 1701792, 683, 1720962, 9779]
[165, 334813, 6570, 6372, 9940, 205, 781, 1704546, 594, 1722122, 9984]
[166, 334286, 5702, 5551, 9666, 184, 841, 1706859, 527, 1723088, 10168]
[167, 333867, 4947, 4873, 9385, 193, 895, 1708853, 419, 1723855, 10361]
[168, 333471, 4334, 4226, 9103, 183, 956, 1710570, 396, 1724602, 10544]
[169, 333136, 3776, 3674, 8813, 184, 1021, 1712117, 335, 1725273, 10728]
[170, 332840, 3271, 3256, 8571, 153, 1055, 1713430, 296, 1725799, 10881]
[171, 332576, 2860, 2837, 8287, 185, 1106, 1714604, 264, 1726318, 11066]
[172, 332361, 2483, 2488, 7993, 158, 1180, 1715656, 215, 1726744, 11224]
[173, 332158, 2163, 2152, 7643, 202, 1241, 1716614, 203, 1727159, 11426]
[174, 332012, 1891, 1865, 7326, 178, 1312, 1717444, 146, 1727556, 11604]
[175, 331853, 1640, 1601, 6976, 182, 1401, 1718184, 159, 1727894, 11786]
[176, 331737, 1435, 1418, 6654, 158, 1465, 1718831, 116, 1728178, 11944]
[177, 331639, 1249, 1218, 6318, 168, 1519, 1719447, 98, 1728446, 12112]
[178, 331545, 1092, 1037, 5963, 153, 1610, 1719994, 94, 1728694, 12265]
[179, 331458, 966, 903, 5602, 126, 1732, 1720461, 87, 1728896, 12391]
[180, 331394, 835, 779, 5220, 128, 1862, 1720927, 64, 1729088, 12519]
[181, 331334, 734, 659, 4823, 130, 2026, 1721315, 60, 1729290, 12649]
[182, 331286, 635, 555, 4428, 113, 2199, 1721687, 48, 1729464, 12762]
[183, 331246, 564, 486, 4007, 90, 2385, 1722020, 40, 1729649, 12852]
[184, 331200, 474, 415, 3571, 87, 2585, 1722370, 46, 1729859, 12939]
[185, 331160, 419, 368, 3143, 74, 2794, 1722663, 40, 1730030, 13013]
[186, 331124, 370, 332, 2677, 55, 3032, 1722961, 36, 1730203, 13068]
[187, 331099, 319, 300, 2183, 41, 3320, 1723245, 25, 1730339, 13109]
[188, 331078, 286, 250, 1684, 32, 3619, 1723521, 21, 1730467, 13141]
[189, 331059, 237, 227, 1149, 3, 3947, 1723818, 19, 1730643, 13144]
[190, 331046, 200, 203, 730, 7, 4122, 1724135, 13, 1730825, 13151]
[191, 331031, 176, 173, 437, 0, 4159, 1724458, 15, 1731023, 13151]
[192, 331022, 146, 154, 222, 0, 4108, 1724788, 9, 1731198, 13151]
[193, 331011, 131, 130, 111, 1, 3934, 1725120, 11, 1731417, 13152]
[194, 330998, 106, 107, 50, 0, 3665, 1725509, 13, 1731642, 13152]
[195, 330989, 89, 88, 26, 0, 3340, 1725907, 9, 1731880, 13152]
[196, 330984, 79, 79, 12, 0, 3000, 1726289, 5, 1732115, 13152]
[197, 330976, 71, 68, 7, 0, 2593, 1726725, 8, 1732338, 13152]
[198, 330969, 57, 58, 6, 0, 2139, 1727212, 7, 1732588, 13152]
[199, 330966, 49, 57, 4, 0, 1673, 1727696, 3, 1732835, 13152]
[200, 330963, 42, 48, 4, 0, 1141, 1728247, 3, 1733125, 13152]
[201, 330957, 36, 45, 4, 0, 729, 1728671, 6, 1733345, 13152]
[202, 330952, 31, 40, 4, 0, 436, 1728980, 5, 1733492, 13152]
[203, 330948, 29, 35, 3, 0, 221, 1729208, 4, 1733608, 13152]
[204, 330947, 24, 30, 3, 0, 111, 1729332, 1, 1733666, 13152]
[205, 330943, 20, 28, 2, 0, 50, 1729401, 4, 1733693, 13152]
[206, 330942, 19, 25, 1, 0, 26, 1729434, 1, 1733702, 13152]
[207, 330941, 17, 20, 1, 0, 12, 1729456, 1, 1733711, 13152]
[208, 330940, 13, 19, 1, 0, 7, 1729467, 1, 1733720, 13152]
[209, 330939, 12, 18, 1, 0, 6, 1729471, 1, 1733723, 13152]
[210, 330939, 11, 14, 0, 0, 4, 1729480, 0, 1733724, 13152]
[211, 330936, 9, 10, 0, 0, 4, 1729486, 3, 1733727, 13152]
[212, 330935, 10, 8, 0, 0, 4, 1729490, 1, 1733728, 13152]
[213, 330933, 10, 7, 0, 0, 4, 1729492, 2, 1733729, 13152]
[214, 330933, 10, 5, 0, 0, 3, 1729497, 0, 1733730, 13152]
[215, 330933, 8, 4, 0, 0, 3, 1729500, 0, 1733731, 13152]
[216, 330932, 7, 3, 0, 0, 2, 1729503, 1, 1733731, 13152]
[217, 330932, 6, 3, 0, 0, 1, 1729506, 0, 1733732, 13152]
[218, 330932, 6, 3, 0, 0, 1, 1729506, 0, 1733732, 13152]
[219, 330931, 5, 3, 0, 0, 1, 1729507, 1, 1733734, 13152]
[220, 330930, 5, 3, 0, 0, 1, 1729508, 1, 1733735, 13152]
[221, 330930, 6, 3, 0, 0, 0, 1729509, 0, 1733736, 13152]
[222, 330930, 6, 2, 0, 0, 0, 1729510, 0, 1733736, 13152]
[223, 330930, 5, 2, 0, 0, 0, 1729511, 0, 1733737, 13152]
[224, 330930, 5, 2, 0, 0, 0, 1729511, 0, 1733737, 13152]
[225, 330929, 3, 1, 0, 0, 0, 1729514, 1, 1733739, 13152]
[226, 330929, 2, 2, 0, 0, 0, 1729515, 0, 1733739, 13152]
[227, 330929, 1, 2, 0, 0, 0, 1729516, 0, 1733739, 13152]
[228, 330929, 1, 1, 0, 0, 0, 1729517, 0, 1733739, 13152]
[229, 330929, 1, 1, 0, 0, 0, 1729517, 0, 1733739, 13152]
[230, 330929, 1, 1, 0, 0, 0, 1729517, 0, 1733739, 13152]
[231, 330929, 1, 1, 0, 0, 0, 1729517, 0, 1733739, 13152]
[232, 330929, 1, 1, 0, 0, 0, 1729517, 0, 1733739, 13152]
[233, 330929, 1, 1, 0, 0, 0, 1729517, 0, 1733739, 13152]
[234, 330928, 0, 0, 0, 0, 0, 1729519, 1, 1733740, 13152]
[235, 330928, 0, 1, 0, 0, 0, 1729519, 0, 1733740, 13152]
[236, 330928, 0, 1, 0, 0, 0, 1729519, 0, 1733740, 13152]
[237, 330928, 0, 1, 0, 0, 0, 1729519, 0, 1733740, 13152]
[238, 330928, 0, 1, 0, 0, 0, 1729519, 0, 1733740, 13152]
[239, 330928, 0, 1, 0, 0, 0, 1729519, 0, 1733740, 13152]
[240, 330928, 0, 1, 0, 0, 0, 1729519, 0, 1733740, 13152]
[241, 330928, 0, 1, 0, 0, 0, 1729519, 0, 1733740, 13152]
[242, 330928, 0, 1, 0, 0, 0, 1729519, 0, 1733740, 13152]
[243, 330928, 0, 0, 0, 0, 0, 1729520, 0, 1733740, 13152]
[330928, 0, 0, 0, 0, 0, 1729520, 0, 1733740] 0.8340663580246913 13152
