1.07 1.8 207360 8 2073 960 192 0.9 0.9 0.9 0 120 False 0.7 1 12 7 0.03214285714285715 0.004166666666666667 10 0.005 10 False 1000 0.05
1 [2073599, 1, 0, 0, 0, 0, 0, 0, 0] 0 [0, 0, 0, 0, 0] 0 
2 [2073599, 1, 0, 0, 0, 0, 0, 0, 0] 0 [0, 0, 0, 0, 0] 0 
3 [2073599, 1, 0, 0, 0, 0, 0, 0, 0] 0 [0, 0, 0, 0, 0] 0 
4 [2073599, 1, 0, 0, 0, 0, 0, 0, 0] 0 [0, 0, 0, 0, 0] 0 
5 [2073598, 1, 0, 0, 0, 0, 0, 1, 0] 0 [0, 0, 0, 0, 0] 0 
6 [2073597, 2, 0, 0, 0, 0, 0, 1, 0] 0 [0, 0, 0, 0, 0] 0 
7 [2073597, 2, 1, 0, 0, 0, 0, 0, 0] 0 [0, 0, 0, 0, 0] 0 
8 [2073596, 2, 1, 0, 0, 0, 0, 1, 0] 0 [0, 0, 0, 0, 0] 0 
9 [2073596, 2, 2, 0, 0, 0, 0, 0, 0] 0 [0, 0, 0, 0, 0] 0 
10 [2073594, 2, 2, 0, 0, 0, 0, 2, 0] 0 [0, 0, 0, 0, 0] 0 
11 [2073590, 3, 3, 0, 0, 0, 0, 4, 0] 0 [0, 0, 0, 0, 0] 0 
12 [2073588, 4, 6, 0, 0, 0, 0, 2, 0] 0 [0, 0, 0, 0, 0] 0 
13 [2073586, 5, 7, 0, 0, 0, 0, 2, 0] 0 [0, 0, 0, 0, 0] 0 
14 [2073582, 4, 9, 0, 0, 0, 1, 4, 3] 0 [0, 0, 0, 0, 0] 0 
15 [2073580, 6, 10, 0, 0, 0, 2, 2, 6] 0 [1, 0, 0, 0, 0] 0 
16 [2073578, 8, 10, 0, 0, 0, 2, 2, 6] 0 [1, 0, 0, 0, 0] 0 
17 [2073575, 10, 9, 0, 0, 0, 3, 3, 10] 0 [1, 0, 0, 0, 0] 0 
18 [2073572, 11, 11, 0, 0, 0, 3, 3, 10] 0 [1, 0, 0, 0, 0] 0 
19 [2073564, 11, 12, 0, 0, 0, 5, 8, 14] 0 [1, 0, 0, 0, 0] 0 
20 [2073560, 16, 12, 0, 0, 0, 8, 4, 18] 0 [1, 0, 0, 0, 0] 0 
21 [2073555, 18, 13, 0, 0, 0, 9, 5, 22] 0 [2, 0, 0, 0, 0] 0 
22 [2073547, 19, 15, 0, 0, 0, 11, 8, 26] 0 [2, 0, 0, 0, 0] 0 
23 [2073541, 20, 20, 0, 0, 0, 13, 6, 28] 0 [2, 0, 0, 0, 0] 0 
24 [2073526, 21, 24, 0, 0, 0, 14, 15, 31] 0 [2, 0, 0, 0, 0] 0 
25 [2073515, 24, 35, 0, 0, 0, 15, 11, 32] 0 [2, 0, 0, 0, 0] 0 
26 [2073501, 26, 41, 0, 0, 0, 18, 14, 40] 0 [2, 0, 0, 0, 1] 0 
27 [2073483, 32, 47, 0, 0, 0, 20, 18, 46] 0 [4, 0, 0, 0, 1] 0 
28 [2073468, 36, 56, 0, 0, 0, 25, 15, 57] 0 [3, 0, 0, 0, 2] 0 
29 [2073455, 39, 64, 0, 0, 0, 29, 13, 67] 0 [6, 0, 0, 0, 2] 0 
30 [2073437, 41, 69, 0, 0, 0, 35, 18, 83] 0 [6, 0, 0, 0, 2] 0 
31 [2073417, 44, 76, 0, 0, 0, 43, 20, 100] 0 [6, 0, 0, 0, 2] 0 
32 [2073397, 47, 88, 0, 0, 0, 48, 20, 118] 0 [6, 0, 0, 0, 3] 0 
33 [2073371, 48, 91, 0, 0, 0, 64, 26, 148] 0 [7, 0, 0, 0, 4] 0 
34 [2073324, 54, 101, 0, 0, 0, 74, 47, 165] 0 [7, 0, 0, 0, 7] 0 
35 [2073289, 70, 122, 1, 0, 0, 83, 35, 178] 0 [10, 0, 0, 0, 7] 0 
36 [2073245, 80, 133, 2, 0, 0, 96, 44, 200] 0 [11, 0, 0, 0, 8] 0 
37 [2073189, 97, 147, 3, 0, 0, 108, 56, 219] 0 [17, 0, 0, 0, 8] 0 
38 [2073143, 104, 182, 5, 0, 0, 120, 46, 238] 0 [20, 0, 0, 0, 9] 0 
39 [2073088, 115, 199, 6, 0, 0, 137, 55, 271] 0 [23, 1, 0, 0, 10] 0 
40 [2073005, 131, 217, 6, 0, 0, 158, 83, 320] 0 [25, 1, 0, 0, 14] 0 
41 [2072914, 148, 264, 6, 0, 0, 177, 91, 362] 0 [34, 1, 0, 0, 16] 0 
42 [2072823, 167, 313, 6, 0, 0, 200, 91, 413] 0 [35, 1, 0, 0, 22] 0 
43 [2072706, 188, 350, 6, 0, 0, 233, 117, 471] 0 [38, 1, 0, 0, 25] 0 
44 [2072597, 218, 409, 8, 0, 0, 259, 109, 523] 0 [39, 2, 0, 0, 26] 0 
45 [2072463, 244, 462, 10, 0, 0, 287, 134, 582] 0 [42, 2, 0, 0, 27] 0 
46 [2072319, 279, 511, 11, 0, 0, 336, 144, 685] 0 [51, 2, 0, 0, 38] 0 
47 [2072161, 303, 588, 13, 0, 2, 375, 158, 764] 0 [58, 3, 0, 0, 45] 0 
48 [2071961, 341, 657, 12, 0, 3, 426, 200, 889] 0 [66, 3, 0, 0, 52] 0 
49 [2071752, 398, 726, 11, 0, 5, 499, 209, 1024] 0 [76, 3, 0, 0, 59] 0 
50 [2071459, 431, 810, 16, 0, 6, 585, 293, 1196] 0 [75, 4, 0, 1, 72] 0 
51 [2071160, 499, 955, 19, 0, 6, 662, 299, 1352] 0 [87, 5, 0, 1, 89] 0 
52 [2070814, 579, 1080, 19, 0, 6, 756, 346, 1530] 0 [101, 5, 0, 1, 99] 0 
53 [2070422, 662, 1244, 22, 0, 6, 852, 392, 1727] 0 [115, 7, 0, 1, 111] 0 
54 [2069982, 773, 1407, 26, 0, 6, 966, 440, 1963] 0 [127, 7, 0, 1, 132] 0 
55 [2069510, 862, 1622, 29, 0, 8, 1097, 472, 2241] 0 [143, 6, 0, 2, 151] 0 
56 [2068965, 963, 1864, 30, 0, 10, 1223, 545, 2480] 0 [164, 7, 0, 2, 166] 0 
57 [2068313, 1054, 2146, 36, 0, 11, 1388, 652, 2806] 0 [190, 9, 0, 2, 181] 0 
58 [2067604, 1242, 2424, 36, 1, 13, 1571, 709, 3170] 1 [222, 9, 0, 3, 197] 0 
59 [2066788, 1383, 2734, 47, 0, 12, 1819, 816, 3655] 1 [253, 14, 0, 3, 244] 0 
60 [2065837, 1571, 3112, 55, 0, 11, 2062, 951, 4144] 1 [281, 15, 0, 3, 279] 0 
61 [2064796, 1786, 3548, 58, 0, 16, 2354, 1041, 4785] 1 [322, 16, 0, 4, 323] 0 
62 [2063567, 1990, 4055, 65, 0, 19, 2674, 1229, 5432] 1 [361, 18, 0, 5, 367] 0 
63 [2062202, 2258, 4627, 75, 0, 19, 3053, 1365, 6210] 1 [405, 19, 0, 5, 426] 0 
64 [2060680, 2606, 5220, 78, 2, 22, 3469, 1522, 7035] 3 [473, 17, 1, 7, 483] 1 
65 [2058947, 2950, 5889, 83, 0, 25, 3970, 1733, 7989] 3 [547, 17, 0, 7, 562] 1 
66 [2057058, 3360, 6675, 88, 1, 28, 4498, 1889, 9029] 4 [635, 21, 0, 6, 640] 1 
67 [2054852, 3732, 7523, 104, 1, 29, 5149, 2206, 10344] 5 [712, 23, 0, 7, 742] 1 
68 [2052486, 4255, 8494, 114, 0, 35, 5845, 2366, 11689] 5 [809, 25, 0, 9, 847] 1 
69 [2049712, 4816, 9491, 120, 1, 36, 6645, 2774, 13283] 6 [911, 26, 0, 9, 973] 1 
70 [2046654, 5538, 10636, 125, 0, 47, 7536, 3058, 14995] 6 [1053, 25, 0, 14, 1119] 1 
71 [2043247, 6223, 11893, 126, 0, 55, 8643, 3407, 17041] 6 [1214, 27, 0, 15, 1287] 1 
72 [2039493, 7064, 13327, 135, 1, 58, 9762, 3754, 19155] 7 [1383, 25, 1, 16, 1489] 2 
73 [2035290, 7982, 14833, 157, 1, 63, 11064, 4203, 21652] 8 [1606, 30, 0, 17, 1692] 2 
74 [2030615, 8942, 16570, 179, 1, 71, 12539, 4675, 24410] 9 [1837, 38, 0, 18, 1927] 2 
75 [2025248, 10008, 18515, 202, 2, 75, 14174, 5367, 27414] 11 [2098, 45, 0, 17, 2220] 2 
76 [2019445, 11246, 20721, 239, 1, 79, 16055, 5803, 30892] 12 [2418, 55, 0, 17, 2546] 2 
77 [2012974, 12573, 23083, 266, 1, 85, 18135, 6471, 34822] 13 [2749, 60, 0, 21, 2931] 2 
78 [2005960, 14047, 25708, 290, 1, 102, 20465, 7014, 39057] 14 [3115, 66, 0, 23, 3309] 2 
79 [1998063, 15605, 28448, 330, 1, 112, 23130, 7897, 43914] 15 [3483, 76, 0, 25, 3790] 2 
80 [1989337, 17422, 31582, 395, 1, 119, 26003, 8726, 49043] 16 [3926, 93, 1, 26, 4279] 3 
81 [1979696, 19398, 35051, 453, 2, 121, 29222, 9641, 54994] 18 [4409, 106, 1, 24, 4878] 4 
82 [1969212, 21552, 38850, 518, 0, 121, 32845, 10484, 61301] 18 [4962, 122, 0, 26, 5561] 4 
83 [1957658, 23757, 42906, 577, 2, 129, 36999, 11554, 68772] 20 [5522, 136, 0, 25, 6336] 4 
84 [1945299, 26284, 47224, 640, 2, 151, 41621, 12359, 76892] 22 [6126, 149, 0, 29, 7210] 4 
85 [1931829, 28954, 51802, 697, 6, 173, 46647, 13470, 85525] 28 [6838, 164, 2, 36, 8166] 6 
86 [1917461, 31732, 56748, 764, 4, 196, 52299, 14368, 95323] 32 [7581, 173, 3, 43, 9275] 9 
87 [1901882, 34686, 61929, 854, 3, 234, 58401, 15579, 105610] 35 [8378, 197, 1, 53, 10471] 10 
88 [1884881, 37935, 67317, 956, 0, 261, 65214, 17001, 116877] 35 [9240, 219, 0, 58, 11816] 10 
89 [1866752, 41263, 73256, 1054, 3, 284, 72824, 18129, 129364] 38 [10119, 241, 1, 62, 13329] 11 
90 [1847419, 44782, 79239, 1173, 5, 323, 81288, 19333, 143018] 43 [11066, 279, 1, 72, 15106] 12 
91 [1827166, 48616, 85352, 1271, 4, 388, 90507, 20253, 157713] 47 [12092, 307, 0, 89, 17095] 12 
92 [1805581, 52401, 91518, 1412, 5, 444, 100607, 21585, 173335] 52 [13209, 346, 0, 102, 19277] 12 
93 [1782883, 56435, 97988, 1544, 3, 503, 111494, 22698, 190237] 55 [14322, 380, 0, 117, 21637] 12 
94 [1758727, 60509, 104386, 1671, 14, 562, 123520, 24156, 208362] 69 [15527, 419, 5, 130, 24164] 17 
95 [1733284, 64729, 111248, 1828, 7, 619, 136373, 25443, 227798] 76 [16673, 466, 4, 141, 27005] 21 
96 [1706825, 69172, 118152, 1963, 13, 681, 150259, 26459, 248222] 89 [17919, 489, 2, 157, 30060] 23 
97 [1679256, 73412, 124778, 2123, 4, 750, 165619, 27569, 270263] 93 [19210, 535, 0, 169, 33436] 23 
98 [1650756, 77814, 131404, 2246, 13, 834, 181940, 28500, 293328] 106 [20468, 563, 3, 192, 37043] 26 
99 [1621531, 82261, 137881, 2423, 11, 925, 199237, 29225, 317235] 117 [21802, 611, 2, 213, 40975] 28 
100 [1591390, 86716, 143978, 2623, 11, 1003, 217621, 30141, 342268] 128 [23068, 664, 2, 231, 45128] 30 
101 [1560347, 90997, 149986, 2774, 14, 1092, 237219, 31043, 368566] 142 [24352, 711, 4, 256, 49632] 34 
102 [1528593, 95164, 155833, 2991, 21, 1156, 257946, 31754, 395562] 163 [25714, 754, 6, 280, 54438] 40 
103 [1496569, 99100, 161167, 3214, 23, 1225, 280115, 32024, 423935] 186 [27009, 803, 7, 299, 59555] 47 
104 [1463833, 102765, 165789, 3430, 20, 1293, 303548, 32736, 453692] 206 [28272, 871, 4, 319, 65142] 51 
105 [1430878, 106571, 169969, 3692, 35, 1322, 327972, 32955, 483752] 241 [29438, 940, 11, 332, 71056] 62 
106 [1397453, 109822, 173704, 3944, 38, 1362, 353611, 33425, 514978] 279 [30675, 1021, 10, 347, 77129] 72 
107 [1364082, 112730, 177352, 4227, 40, 1380, 380139, 33371, 546329] 319 [31658, 1114, 8, 351, 83488] 80 
108 [1330886, 115578, 180252, 4485, 57, 1405, 407422, 33196, 577959] 376 [32746, 1196, 11, 363, 90143] 91 
109 [1297467, 117870, 182336, 4777, 48, 1373, 435934, 33419, 610482] 424 [33645, 1278, 14, 357, 97123] 105 
110 [1264075, 119848, 184129, 5102, 49, 1346, 465235, 33392, 643359] 473 [34550, 1372, 14, 348, 104555] 119 
111 [1230723, 121474, 185316, 5437, 55, 1325, 495445, 33352, 676746] 528 [35315, 1508, 19, 337, 112069] 138 
112 [1197602, 122957, 186179, 5751, 53, 1277, 526132, 33121, 710038] 581 [36026, 1625, 14, 318, 119892] 152 
113 [1164666, 123977, 186569, 6054, 79, 1212, 557526, 32936, 743387] 660 [36687, 1727, 22, 289, 127900] 174 
114 [1132205, 124648, 186676, 6353, 88, 1162, 589347, 32461, 776763] 748 [37209, 1816, 19, 281, 136088] 193 
115 [1099906, 125161, 185696, 6671, 86, 1102, 621931, 32299, 810215] 834 [37720, 1919, 18, 264, 144758] 211 
116 [1068262, 125239, 185178, 7018, 94, 1068, 654263, 31644, 842919] 928 [38138, 2013, 27, 256, 153458] 238 
117 [1036563, 125113, 184148, 7330, 106, 1006, 686707, 31699, 875690] 1034 [38386, 2106, 30, 240, 162282] 268 
118 [1005362, 124799, 182728, 7650, 87, 959, 719780, 31201, 908548] 1121 [38666, 2207, 28, 231, 171166] 296 
119 [973913, 124229, 181151, 7923, 108, 907, 752799, 31449, 940953] 1229 [38742, 2305, 38, 216, 180454] 334 
120 [943182, 123790, 179920, 8224, 104, 867, 785553, 30731, 973008] 1333 [39067, 2401, 33, 204, 189561] 367 
121 [912700, 122799, 178262, 8587, 104, 857, 818476, 30482, 1005265] 1437 [39183, 2506, 29, 205, 198886] 396 
122 [882786, 121955, 176341, 8900, 119, 823, 851325, 29914, 1036982] 1556 [39342, 2626, 33, 206, 208197] 429 
123 [853120, 121134, 174612, 9141, 129, 790, 883452, 29666, 1067559] 1685 [39479, 2717, 34, 204, 217557] 463 
124 [823831, 120002, 172789, 9414, 121, 781, 915688, 29289, 1098320] 1806 [39538, 2809, 38, 209, 227019] 501 
125 [794738, 118853, 171107, 9666, 124, 757, 947456, 29093, 1128989] 1930 [39570, 2893, 31, 199, 236551] 532 
126 [766092, 117670, 169358, 9977, 140, 734, 979053, 28646, 1159031] 2070 [39655, 3011, 43, 194, 245978] 575 
127 [737901, 116592, 167476, 10218, 154, 723, 1010275, 28191, 1188717] 2224 [39732, 3086, 48, 189, 255506] 623 
128 [710266, 115149, 165256, 10478, 132, 718, 1041742, 27635, 1218324] 2356 [39621, 3186, 45, 191, 265219] 668 
129 [683594, 113948, 162999, 10682, 153, 725, 1072471, 26672, 1247190] 2509 [39562, 3262, 44, 194, 274804] 712 
130 [657598, 112503, 160357, 10873, 182, 708, 1102874, 25996, 1275538] 2691 [39490, 3355, 54, 187, 284305] 766 
131 [632141, 110641, 157764, 11119, 145, 703, 1132939, 25457, 1303463] 2836 [39267, 3448, 44, 184, 293741] 810 
132 [607494, 109087, 154646, 11296, 178, 659, 1162757, 24647, 1330916] 3014 [39119, 3519, 54, 180, 303233] 864 
133 [584112, 107141, 151467, 11462, 170, 643, 1192209, 23382, 1358278] 3184 [38746, 3590, 47, 182, 312960] 911 
134 [561557, 105062, 147373, 11648, 158, 636, 1221427, 22555, 1384925] 3342 [38388, 3673, 44, 177, 322573] 955 
135 [540427, 102680, 143195, 11780, 176, 633, 1250237, 21130, 1410656] 3518 [37888, 3746, 48, 180, 332123] 1003 
136 [520649, 100083, 138165, 11907, 182, 623, 1278695, 19778, 1435574] 3700 [37136, 3809, 54, 177, 341810] 1057 
137 [502083, 97247, 132759, 12070, 163, 622, 1306390, 18566, 1459455] 3863 [36358, 3878, 49, 175, 351322] 1106 
138 [484868, 93934, 127140, 12267, 182, 603, 1333528, 17215, 1482435] 4045 [35358, 3982, 60, 178, 360600] 1166 
139 [469006, 90426, 120865, 12383, 197, 592, 1360224, 15862, 1504440] 4242 [34183, 4061, 61, 172, 369855] 1227 
140 [454419, 86645, 114187, 12472, 184, 566, 1386298, 14587, 1525524] 4426 [33051, 4114, 52, 159, 378932] 1279 
141 [441193, 82834, 107064, 12507, 220, 562, 1411568, 13226, 1544919] 4646 [31823, 4138, 76, 164, 387841] 1355 
142 [428965, 78551, 100044, 12501, 224, 574, 1435867, 12228, 1563178] 4870 [30379, 4167, 67, 171, 396464] 1422 
143 [418002, 74271, 92785, 12529, 190, 592, 1459398, 10963, 1580271] 5060 [28853, 4199, 61, 172, 404923] 1483 
144 [408351, 69959, 85678, 12554, 184, 596, 1481567, 9651, 1595956] 5244 [27338, 4246, 58, 170, 413006] 1541 
145 [399614, 65240, 78618, 12539, 194, 605, 1502809, 8737, 1610496] 5438 [25713, 4270, 46, 173, 420835] 1587 
146 [391833, 60604, 71715, 12519, 211, 604, 1522895, 7781, 1623682] 5649 [23963, 4285, 68, 165, 428231] 1655 
147 [384871, 55957, 65147, 12459, 202, 603, 1541750, 6962, 1635690] 5851 [22173, 4293, 62, 166, 435280] 1717 
148 [378648, 51394, 58910, 12428, 186, 614, 1559346, 6223, 1646415] 6037 [20501, 4293, 59, 172, 441919] 1776 
149 [373218, 46987, 53156, 12374, 188, 641, 1575569, 5430, 1655998] 6225 [18917, 4280, 60, 176, 447976] 1836 
150 [368417, 42882, 47705, 12247, 201, 659, 1590463, 4801, 1664463] 6426 [17308, 4259, 67, 187, 453696] 1903 
151 [364311, 38825, 42542, 12163, 205, 663, 1604359, 4106, 1672004] 6631 [15768, 4244, 79, 194, 458922] 1982 
152 [360714, 34934, 37752, 12043, 205, 674, 1617050, 3597, 1678739] 6836 [14281, 4208, 82, 196, 463748] 2064 
153 [357583, 31428, 33402, 11923, 206, 658, 1628433, 3131, 1684664] 7042 [12890, 4175, 67, 195, 468139] 2131 
154 [354806, 28083, 29437, 11759, 203, 659, 1638834, 2777, 1689740] 7245 [11576, 4126, 76, 196, 472193] 2207 
155 [352453, 24997, 25927, 11600, 197, 672, 1648156, 2353, 1694278] 7442 [10364, 4076, 63, 199, 475884] 2270 
156 [350332, 22122, 22718, 11414, 206, 666, 1656579, 2121, 1698274] 7648 [9216, 4012, 67, 206, 479199] 2337 
157 [348485, 19579, 19811, 11165, 239, 682, 1664144, 1847, 1701794] 7887 [8174, 3930, 87, 211, 482245] 2424 
158 [346827, 17368, 17307, 10945, 216, 697, 1670695, 1658, 1704772] 8103 [7242, 3856, 72, 214, 484823] 2496 
159 [345412, 15276, 15083, 10736, 210, 714, 1676651, 1415, 1707495] 8313 [6420, 3787, 75, 216, 487130] 2571 
160 [344171, 13441, 13175, 10504, 212, 718, 1681825, 1241, 1709825] 8525 [5688, 3720, 64, 215, 489186] 2635 
161 [343152, 11777, 11586, 10282, 190, 727, 1686342, 1019, 1711729] 8715 [5010, 3645, 71, 213, 490990] 2706 
162 [342253, 10297, 10150, 10018, 223, 765, 1690280, 899, 1713396] 8938 [4392, 3540, 91, 230, 492621] 2797 
163 [341518, 8989, 8818, 9761, 184, 808, 1693849, 735, 1714861] 9122 [3844, 3450, 71, 245, 494064] 2868 
164 [340788, 7826, 7668, 9521, 184, 848, 1696913, 730, 1716149] 9306 [3352, 3376, 61, 260, 495328] 2929 
165 [340224, 6888, 6671, 9237, 222, 868, 1699620, 564, 1717228] 9528 [2980, 3270, 86, 272, 496410] 3015 
166 [339692, 5933, 5808, 8972, 207, 885, 1702043, 532, 1718275] 9735 [2575, 3196, 62, 280, 497401] 3077 
167 [339246, 5131, 5011, 8661, 207, 952, 1704211, 446, 1719151] 9942 [2207, 3096, 75, 294, 498315] 3152 
168 [338849, 4479, 4308, 8337, 220, 993, 1706075, 397, 1719976] 10162 [1935, 2998, 66, 312, 499074] 3218 
169 [338527, 3938, 3715, 8045, 189, 1044, 1707658, 322, 1720593] 10351 [1720, 2906, 65, 330, 499726] 3283 
170 [338240, 3447, 3209, 7761, 158, 1098, 1709049, 287, 1721186] 10509 [1500, 2806, 59, 353, 500323] 3342 
171 [337991, 2973, 2790, 7450, 180, 1168, 1710290, 249, 1721740] 10689 [1296, 2697, 57, 386, 500816] 3399 
172 [337787, 2571, 2459, 7155, 168, 1230, 1711337, 204, 1722183] 10857 [1128, 2598, 49, 419, 501228] 3448 
173 [337596, 2231, 2099, 6871, 145, 1294, 1712316, 191, 1722571] 11002 [993, 2507, 47, 438, 501637] 3495 
174 [337424, 1925, 1825, 6561, 153, 1355, 1713183, 172, 1722949] 11155 [860, 2380, 59, 476, 501989] 3554 
175 [337292, 1685, 1562, 6229, 153, 1453, 1713939, 132, 1723253] 11308 [742, 2269, 55, 503, 502321] 3609 
176 [337173, 1457, 1357, 5938, 118, 1543, 1714587, 119, 1723539] 11426 [661, 2174, 42, 526, 502564] 3651 
177 [337073, 1280, 1158, 5597, 132, 1671, 1715163, 100, 1723774] 11558 [580, 2057, 42, 576, 502808] 3693 
178 [336997, 1081, 1025, 5232, 116, 1801, 1715714, 76, 1724012] 11674 [477, 1924, 46, 631, 503031] 3739 
179 [336909, 948, 885, 4865, 96, 1955, 1716180, 88, 1724221] 11770 [426, 1803, 35, 683, 503216] 3774 
180 [336832, 824, 761, 4444, 125, 2138, 1716629, 77, 1724450] 11895 [374, 1663, 49, 741, 503394] 3823 
181 [336779, 696, 678, 4107, 76, 2266, 1717050, 53, 1724651] 11971 [318, 1530, 29, 800, 503564] 3852 
182 [336733, 595, 577, 3695, 84, 2453, 1717446, 46, 1724835] 12055 [268, 1394, 30, 852, 503735] 3882 
183 [336693, 500, 497, 3284, 67, 2661, 1717803, 40, 1725018] 12122 [221, 1249, 22, 922, 503900] 3904 
184 [336660, 424, 438, 2827, 68, 2903, 1718125, 33, 1725201] 12190 [195, 1094, 31, 996, 504024] 3935 
185 [336627, 372, 378, 2383, 44, 3138, 1718435, 33, 1725374] 12234 [179, 932, 19, 1069, 504156] 3954 
186 [336594, 317, 327, 1888, 28, 3423, 1718756, 33, 1725567] 12262 [147, 734, 15, 1194, 504278] 3969 
187 [336565, 277, 290, 1397, 10, 3728, 1719042, 29, 1725704] 12272 [132, 560, 4, 1310, 504379] 3973 
188 [336545, 227, 259, 920, 3, 3990, 1719364, 20, 1725862] 12275 [107, 370, 1, 1423, 504507] 3974 
189 [336532, 195, 210, 554, 3, 4096, 1719722, 13, 1726049] 12278 [97, 231, 2, 1468, 504645] 3976 
190 [336520, 159, 180, 315, 1, 4060, 1720075, 12, 1726238] 12279 [76, 138, 0, 1472, 504771] 3976 
191 [336505, 137, 159, 157, 1, 3915, 1720432, 15, 1726460] 12280 [69, 72, 1, 1443, 504884] 3977 
192 [336491, 126, 141, 63, 0, 3747, 1720738, 14, 1726644] 12280 [60, 28, 0, 1383, 505010] 3977 
193 [336472, 101, 128, 28, 0, 3454, 1721118, 19, 1726865] 12280 [50, 13, 0, 1293, 505137] 3977 
194 [336464, 95, 113, 16, 0, 3120, 1721504, 8, 1727083] 12280 [51, 7, 0, 1175, 505279] 3977 
195 [336459, 86, 93, 8, 0, 2737, 1721932, 5, 1727326] 12280 [49, 5, 0, 1052, 505417] 3977 
196 [336454, 73, 73, 10, 0, 2336, 1722369, 5, 1727562] 12280 [44, 5, 0, 909, 505581] 3977 
197 [336450, 64, 64, 6, 0, 1870, 1722862, 4, 1727834] 12280 [38, 4, 0, 726, 505776] 3977 
198 [336447, 52, 56, 5, 0, 1389, 1723368, 3, 1728154] 12280 [29, 3, 0, 556, 505960] 3977 
199 [336442, 47, 46, 5, 0, 915, 1723860, 5, 1728382] 12280 [25, 3, 0, 367, 506157] 3977 
200 [336439, 40, 38, 5, 0, 552, 1724243, 3, 1728551] 12280 [21, 3, 0, 230, 506303] 3977 
201 [336438, 35, 35, 5, 0, 314, 1724492, 1, 1728673] 12280 [19, 3, 0, 137, 506401] 3977 
202 [336435, 28, 25, 5, 0, 157, 1724667, 3, 1728744] 12280 [15, 3, 0, 72, 506476] 3977 
203 [336432, 27, 22, 5, 0, 63, 1724768, 3, 1728776] 12280 [15, 3, 0, 28, 506523] 3977 
204 [336429, 27, 21, 4, 0, 28, 1724808, 3, 1728787] 12280 [15, 2, 0, 13, 506539] 3977 
205 [336424, 26, 20, 4, 0, 16, 1724825, 5, 1728798] 12280 [14, 2, 0, 7, 506549] 3977 
206 [336421, 21, 19, 3, 0, 8, 1724845, 3, 1728807] 12280 [9, 1, 0, 5, 506560] 3977 
207 [336419, 15, 19, 1, 0, 10, 1724854, 2, 1728811] 12280 [5, 1, 0, 5, 506565] 3977 
208 [336418, 14, 15, 0, 0, 6, 1724866, 1, 1728816] 12280 [6, 0, 0, 4, 506570] 3977 
209 [336418, 13, 13, 0, 0, 5, 1724871, 0, 1728817] 12280 [6, 0, 0, 3, 506573] 3977 
210 [336417, 11, 12, 0, 0, 5, 1724874, 1, 1728820] 12280 [5, 0, 0, 3, 506574] 3977 
211 [336417, 11, 10, 0, 0, 5, 1724877, 0, 1728822] 12280 [6, 0, 0, 3, 506576] 3977 
212 [336416, 10, 7, 0, 0, 5, 1724881, 1, 1728823] 12280 [5, 0, 0, 3, 506578] 3977 
213 [336416, 10, 5, 0, 0, 5, 1724884, 0, 1728824] 12280 [5, 0, 0, 3, 506580] 3977 
214 [336414, 10, 3, 0, 0, 5, 1724886, 2, 1728824] 12280 [5, 0, 0, 3, 506581] 3977 
215 [336414, 10, 3, 0, 0, 4, 1724889, 0, 1728825] 12280 [5, 0, 0, 2, 506583] 3977 
216 [336414, 9, 3, 0, 0, 4, 1724890, 0, 1728825] 12280 [4, 0, 0, 2, 506584] 3977 
217 [336413, 9, 2, 0, 0, 3, 1724892, 1, 1728826] 12280 [4, 0, 0, 1, 506585] 3977 
218 [336413, 9, 2, 0, 0, 1, 1724895, 0, 1728827] 12280 [4, 0, 0, 1, 506585] 3977 
219 [336412, 6, 2, 0, 0, 0, 1724899, 1, 1728828] 12280 [3, 0, 0, 0, 506587] 3977 
220 [336412, 5, 3, 0, 0, 0, 1724900, 0, 1728828] 12280 [3, 0, 0, 0, 506587] 3977 
221 [336411, 3, 3, 0, 0, 0, 1724902, 1, 1728830] 12280 [1, 0, 0, 0, 506589] 3977 
222 [336411, 3, 4, 0, 0, 0, 1724902, 0, 1728830] 12280 [1, 0, 0, 0, 506589] 3977 
223 [336411, 3, 2, 0, 0, 0, 1724904, 0, 1728831] 12280 [1, 0, 0, 0, 506589] 3977 
224 [336411, 2, 2, 0, 0, 0, 1724905, 0, 1728831] 12280 [0, 0, 0, 0, 506590] 3977 
225 [336411, 2, 2, 0, 0, 0, 1724905, 0, 1728831] 12280 [0, 0, 0, 0, 506590] 3977 
226 [336411, 1, 2, 0, 0, 0, 1724906, 0, 1728832] 12280 [0, 0, 0, 0, 506590] 3977 
227 [336411, 1, 2, 0, 0, 0, 1724906, 0, 1728832] 12280 [0, 0, 0, 0, 506590] 3977 
228 [336411, 1, 1, 0, 0, 0, 1724907, 0, 1728832] 12280 [0, 0, 0, 0, 506591] 3977 
229 [336411, 1, 1, 0, 0, 0, 1724907, 0, 1728832] 12280 [0, 0, 0, 0, 506591] 3977 
230 [336411, 1, 0, 0, 0, 0, 1724908, 0, 1728832] 12280 [0, 0, 0, 0, 506592] 3977 
231 [336411, 0, 0, 0, 0, 0, 1724909, 0, 1728832] 12280 [0, 0, 0, 0, 506592] 3977 
[336411, 0, 0, 0, 0, 0, 1724909, 0, 1728832] 0.8318426890432099 12280
1030990 1216675
