1.07 1.8 207360 8 2073 960 192 1.0 0.9 0.9 0 120 False 0.7 1 12 7 0.03214285714285715 0.004166666666666667 10 0.005 10 False 1000 0.05
1 [2073599, 0, 1, 0, 0, 0, 0, 0, 0] 0 [0, 0, 0, 0, 0] 0 
2 [2073598, 0, 1, 0, 0, 0, 0, 1, 0] 0 [0, 0, 0, 0, 0] 0 
3 [2073598, 0, 2, 0, 0, 0, 0, 0, 0] 0 [0, 0, 0, 0, 0] 0 
4 [2073597, 0, 2, 0, 0, 0, 0, 1, 0] 0 [0, 0, 0, 0, 0] 0 
5 [2073597, 0, 3, 0, 0, 0, 0, 0, 0] 0 [0, 0, 0, 0, 0] 0 
6 [2073596, 0, 3, 0, 0, 0, 0, 1, 0] 0 [0, 0, 0, 0, 0] 0 
7 [2073594, 0, 4, 0, 0, 0, 0, 2, 0] 0 [0, 0, 0, 0, 0] 0 
8 [2073594, 0, 6, 0, 0, 0, 0, 0, 0] 0 [0, 0, 0, 0, 0] 0 
9 [2073594, 0, 5, 0, 0, 0, 1, 0, 3] 0 [0, 0, 0, 0, 0] 0 
10 [2073592, 0, 5, 0, 0, 0, 1, 2, 3] 0 [0, 0, 0, 0, 0] 0 
11 [2073591, 0, 6, 0, 0, 0, 2, 1, 5] 0 [0, 0, 0, 0, 0] 0 
12 [2073589, 0, 7, 0, 0, 0, 2, 2, 5] 0 [0, 0, 0, 0, 0] 0 
13 [2073588, 1, 7, 0, 0, 0, 3, 1, 6] 0 [0, 0, 0, 0, 0] 0 
14 [2073587, 2, 7, 0, 0, 0, 3, 1, 6] 0 [0, 0, 0, 0, 0] 0 
15 [2073585, 2, 7, 0, 0, 0, 4, 2, 7] 0 [0, 0, 0, 0, 0] 0 
16 [2073581, 3, 6, 0, 0, 0, 6, 4, 10] 0 [0, 0, 0, 0, 0] 0 
17 [2073577, 6, 7, 0, 0, 0, 6, 4, 10] 0 [1, 0, 0, 0, 0] 0 
18 [2073575, 8, 9, 0, 0, 0, 6, 2, 10] 0 [1, 0, 0, 0, 0] 0 
19 [2073571, 9, 8, 0, 0, 0, 8, 4, 13] 0 [1, 0, 0, 0, 0] 0 
20 [2073565, 11, 9, 0, 0, 0, 9, 6, 16] 0 [3, 0, 0, 0, 0] 0 
21 [2073561, 14, 11, 0, 0, 0, 10, 4, 19] 0 [4, 0, 0, 0, 0] 0 
22 [2073557, 15, 14, 0, 0, 0, 10, 4, 19] 0 [4, 0, 0, 0, 0] 0 
23 [2073552, 16, 16, 0, 0, 0, 11, 5, 22] 0 [5, 0, 0, 0, 0] 0 
24 [2073545, 20, 16, 0, 0, 0, 12, 7, 23] 0 [6, 0, 0, 0, 0] 0 
25 [2073542, 21, 21, 0, 0, 0, 13, 3, 25] 0 [6, 0, 0, 0, 0] 0 
26 [2073534, 19, 21, 2, 0, 0, 16, 8, 31] 0 [5, 1, 0, 0, 0] 0 
27 [2073524, 19, 26, 3, 0, 0, 18, 10, 40] 0 [6, 1, 0, 0, 0] 0 
28 [2073515, 21, 32, 3, 0, 0, 20, 9, 44] 0 [7, 1, 0, 0, 0] 0 
29 [2073506, 26, 33, 3, 0, 0, 23, 9, 47] 0 [8, 1, 0, 0, 0] 0 
30 [2073490, 25, 37, 3, 0, 0, 29, 16, 63] 0 [7, 1, 0, 0, 1] 0 
31 [2073472, 27, 46, 3, 0, 0, 34, 18, 71] 0 [8, 1, 0, 0, 2] 0 
32 [2073455, 30, 59, 3, 0, 0, 36, 17, 74] 0 [8, 1, 0, 0, 3] 0 
33 [2073440, 36, 63, 3, 0, 0, 43, 15, 88] 0 [8, 1, 0, 0, 4] 0 
34 [2073423, 36, 73, 3, 0, 0, 48, 17, 98] 0 [7, 1, 0, 0, 5] 0 
35 [2073397, 38, 81, 3, 0, 0, 55, 26, 112] 0 [7, 1, 0, 0, 6] 0 
36 [2073375, 47, 89, 3, 0, 0, 64, 22, 126] 0 [9, 1, 0, 0, 7] 0 
37 [2073334, 49, 102, 3, 0, 0, 71, 41, 145] 0 [9, 1, 0, 0, 9] 0 
38 [2073302, 63, 120, 1, 0, 3, 79, 32, 160] 0 [12, 0, 0, 1, 10] 0 
39 [2073265, 72, 130, 1, 0, 3, 92, 37, 181] 0 [15, 0, 0, 1, 13] 0 
40 [2073216, 80, 143, 1, 0, 3, 108, 49, 213] 0 [15, 0, 0, 1, 16] 0 
41 [2073160, 98, 162, 1, 0, 3, 120, 56, 237] 0 [20, 0, 0, 1, 20] 0 
42 [2073093, 105, 193, 2, 0, 3, 137, 67, 266] 0 [21, 1, 0, 1, 24] 0 
43 [2073009, 123, 226, 2, 0, 3, 153, 84, 297] 0 [25, 1, 0, 1, 28] 0 
44 [2072929, 142, 271, 2, 0, 3, 173, 80, 337] 0 [31, 1, 0, 1, 33] 0 
45 [2072834, 164, 307, 3, 0, 3, 194, 95, 389] 0 [40, 1, 0, 1, 37] 0 
46 [2072724, 187, 347, 3, 0, 3, 226, 110, 467] 0 [48, 1, 0, 1, 42] 0 
47 [2072610, 210, 407, 5, 0, 3, 251, 114, 509] 0 [56, 2, 0, 1, 44] 0 
48 [2072475, 240, 458, 8, 0, 3, 281, 135, 578] 0 [66, 3, 0, 1, 51] 0 
49 [2072285, 273, 521, 8, 0, 1, 322, 190, 662] 0 [75, 3, 0, 0, 60] 0 
50 [2072117, 332, 605, 8, 0, 1, 369, 168, 744] 0 [91, 3, 0, 0, 76] 0 
51 [2071916, 364, 677, 9, 0, 1, 432, 201, 885] 0 [106, 3, 0, 0, 87] 0 
52 [2071670, 413, 756, 11, 0, 1, 503, 246, 1028] 0 [120, 3, 0, 0, 104] 0 
53 [2071428, 479, 873, 11, 0, 2, 565, 242, 1142] 0 [141, 3, 0, 1, 116] 0 
54 [2071106, 544, 965, 13, 0, 2, 648, 322, 1330] 0 [166, 3, 0, 1, 133] 0 
55 [2070761, 628, 1108, 14, 0, 2, 742, 345, 1499] 0 [185, 4, 0, 1, 156] 0 
56 [2070368, 727, 1257, 14, 0, 3, 838, 393, 1707] 0 [216, 5, 0, 1, 181] 0 
57 [2069918, 806, 1456, 14, 0, 3, 953, 450, 1930] 0 [232, 5, 0, 1, 215] 0 
58 [2069418, 922, 1634, 15, 0, 5, 1106, 500, 2236] 0 [268, 5, 0, 2, 254] 0 
59 [2068829, 1023, 1883, 13, 0, 8, 1255, 589, 2545] 0 [311, 4, 0, 3, 295] 0 
60 [2068188, 1182, 2144, 13, 0, 8, 1424, 641, 2859] 0 [357, 4, 0, 3, 344] 0 
61 [2067431, 1336, 2419, 20, 0, 8, 1629, 757, 3273] 0 [418, 6, 0, 3, 390] 0 
62 [2066566, 1514, 2796, 21, 0, 9, 1829, 865, 3682] 0 [490, 6, 0, 3, 460] 0 
63 [2065682, 1720, 3162, 28, 0, 11, 2113, 884, 4273] 0 [559, 8, 0, 3, 539] 0 
64 [2064598, 1928, 3559, 34, 0, 11, 2386, 1084, 4816] 0 [621, 11, 0, 3, 616] 0 
65 [2063399, 2187, 4028, 36, 0, 13, 2738, 1199, 5498] 0 [709, 11, 0, 3, 717] 0 
66 [2061990, 2477, 4550, 42, 1, 14, 3117, 1409, 6251] 1 [805, 13, 0, 4, 817] 0 
67 [2060422, 2847, 5137, 47, 0, 14, 3564, 1568, 7174] 1 [932, 14, 0, 5, 938] 0 
68 [2058733, 3214, 5834, 57, 0, 14, 4058, 1689, 8144] 1 [1050, 18, 0, 5, 1063] 0 
69 [2056817, 3611, 6562, 62, 0, 15, 4616, 1916, 9256] 1 [1180, 19, 0, 5, 1226] 0 
70 [2054725, 4093, 7346, 78, 0, 13, 5252, 2092, 10463] 1 [1372, 25, 0, 4, 1407] 0 
71 [2052378, 4570, 8216, 96, 1, 13, 5978, 2347, 11830] 2 [1543, 32, 0, 4, 1612] 0 
72 [2049730, 5175, 9196, 100, 0, 19, 6730, 2648, 13246] 2 [1732, 37, 0, 6, 1844] 0 
73 [2046714, 5769, 10280, 125, 1, 20, 7673, 3016, 15009] 3 [1944, 46, 1, 6, 2131] 1 
74 [2043412, 6451, 11576, 138, 2, 27, 8689, 3302, 16906] 5 [2151, 55, 0, 8, 2439] 1 
75 [2039791, 7199, 12938, 159, 1, 33, 9853, 3621, 19101] 6 [2425, 61, 0, 11, 2819] 1 
76 [2035859, 8055, 14313, 182, 0, 35, 11218, 3932, 21660] 6 [2772, 70, 0, 11, 3234] 1 
77 [2031432, 8915, 15929, 206, 1, 42, 12642, 4427, 24263] 7 [3070, 80, 0, 13, 3670] 1 
78 [2026631, 9879, 17727, 237, 0, 46, 14272, 4801, 27216] 7 [3397, 93, 0, 14, 4165] 1 
79 [2021430, 10914, 19636, 274, 1, 56, 16081, 5201, 30514] 8 [3759, 105, 0, 18, 4725] 1 
80 [2015673, 12014, 21659, 308, 1, 61, 18119, 5757, 34193] 9 [4152, 115, 1, 19, 5332] 2 
81 [2009576, 13190, 23903, 344, 0, 74, 20407, 6097, 38266] 9 [4587, 132, 0, 24, 6016] 2 
82 [2002935, 14432, 26090, 374, 1, 93, 23025, 6641, 42648] 10 [5050, 138, 0, 31, 6874] 2 
83 [1995794, 15889, 28335, 416, 1, 97, 25917, 7141, 47604] 11 [5564, 147, 0, 36, 7765] 2 
84 [1988445, 17354, 30858, 463, 2, 120, 28998, 7349, 52668] 13 [6079, 163, 2, 45, 8734] 4 
85 [1980411, 18827, 33180, 496, 1, 134, 32504, 8034, 58471] 14 [6610, 176, 1, 54, 9801] 5 
86 [1971855, 20394, 35683, 551, 1, 155, 36391, 8556, 64639] 15 [7205, 194, 1, 60, 11037] 6 
87 [1962888, 22164, 38173, 591, 3, 177, 40622, 8967, 71275] 18 [7894, 211, 2, 69, 12386] 8 
88 [1953201, 23869, 40787, 641, 3, 201, 45193, 9687, 78373] 21 [8524, 226, 1, 78, 13901] 9 
89 [1943044, 25667, 43415, 694, 2, 231, 50369, 10157, 86093] 23 [9168, 244, 1, 90, 15622] 10 
90 [1932530, 27512, 46241, 740, 1, 268, 55771, 10514, 94096] 24 [9805, 265, 0, 101, 17403] 10 
91 [1921534, 29371, 49001, 785, 3, 303, 61583, 10996, 102463] 27 [10512, 290, 1, 112, 19292] 11 
92 [1909971, 31141, 51741, 854, 2, 339, 67962, 11563, 111611] 29 [11242, 311, 0, 129, 21441] 11 
93 [1898170, 32978, 54730, 920, 3, 369, 74600, 11801, 121036] 32 [11913, 336, 2, 135, 23583] 13 
94 [1885845, 34823, 57339, 1008, 2, 410, 81816, 12325, 131045] 34 [12614, 378, 0, 143, 26008] 13 
95 [1872923, 36725, 60052, 1083, 2, 453, 89406, 12922, 141573] 36 [13304, 403, 1, 156, 28530] 14 
96 [1859795, 38526, 62816, 1148, 5, 486, 97660, 13128, 152787] 41 [13957, 419, 2, 170, 31358] 16 
97 [1846194, 40417, 65146, 1213, 7, 540, 106441, 13601, 164117] 48 [14716, 445, 2, 189, 34295] 18 
98 [1832201, 42152, 67577, 1311, 4, 582, 115732, 13993, 176118] 52 [15474, 474, 1, 207, 37367] 19 
99 [1818100, 43912, 70019, 1384, 4, 633, 125395, 14101, 188466] 56 [16070, 501, 1, 222, 40695] 20 
100 [1803646, 45336, 72190, 1485, 8, 685, 135740, 14454, 201255] 64 [16524, 536, 5, 241, 44240] 25 
101 [1788702, 46947, 74159, 1566, 9, 728, 146481, 14944, 214502] 73 [17078, 556, 7, 260, 47925] 32 
102 [1773771, 48351, 76458, 1671, 4, 773, 157568, 14931, 227990] 77 [17578, 598, 0, 285, 51683] 32 
103 [1758409, 49755, 78341, 1748, 11, 841, 169056, 15362, 241708] 88 [18148, 635, 3, 306, 55596] 35 
104 [1742824, 51126, 80087, 1836, 8, 902, 181144, 15585, 256194] 96 [18643, 663, 4, 332, 59693] 39 
105 [1726985, 52478, 81974, 1908, 6, 986, 193328, 15839, 270546] 102 [19091, 675, 1, 372, 63861] 40 
106 [1710871, 53819, 83394, 1986, 8, 1057, 206249, 16114, 285478] 110 [19599, 709, 2, 394, 68158] 42 
107 [1694896, 55030, 84877, 2104, 11, 1118, 219479, 15975, 300555] 121 [19994, 752, 3, 410, 72647] 45 
108 [1678572, 56053, 86155, 2165, 5, 1182, 233023, 16324, 315833] 126 [20345, 787, 3, 435, 77227] 48 
109 [1662180, 57002, 87528, 2199, 10, 1275, 246888, 16392, 331327] 136 [20730, 792, 2, 461, 81896] 50 
110 [1645964, 57834, 88490, 2268, 9, 1334, 261349, 16216, 347294] 145 [21000, 826, 2, 483, 86837] 52 
111 [1629386, 58580, 89452, 2295, 12, 1432, 275720, 16578, 363098] 157 [21244, 825, 4, 519, 91776] 56 
112 [1612757, 59306, 90287, 2369, 14, 1494, 290587, 16629, 379208] 171 [21593, 869, 2, 535, 96835] 58 
113 [1595672, 60032, 91048, 2429, 18, 1566, 305579, 17085, 395350] 189 [21902, 867, 6, 563, 101862] 64 
114 [1578841, 60732, 92028, 2487, 16, 1619, 320857, 16831, 411653] 205 [22178, 887, 8, 581, 107011] 72 
115 [1561712, 61421, 92511, 2541, 12, 1666, 336403, 17129, 428343] 217 [22405, 888, 3, 605, 112286] 75 
116 [1544433, 62051, 93348, 2581, 23, 1702, 351966, 17279, 444650] 240 [22648, 904, 8, 606, 117627] 83 
117 [1527090, 62620, 94007, 2633, 20, 1720, 367927, 17343, 461732] 260 [22799, 915, 12, 620, 123016] 95 
118 [1509585, 63206, 94614, 2627, 25, 1804, 383974, 17505, 478615] 285 [22994, 905, 8, 653, 128451] 103 
119 [1491966, 63615, 95448, 2684, 26, 1807, 400150, 17619, 495673] 311 [23101, 922, 10, 655, 134065] 113 
120 [1474266, 64134, 96109, 2725, 25, 1806, 416524, 17700, 512999] 336 [23323, 936, 8, 665, 139616] 121 
121 [1456679, 64638, 96796, 2802, 18, 1816, 432928, 17587, 530065] 354 [23448, 978, 6, 663, 145127] 127 
122 [1438733, 65042, 97143, 2862, 17, 1793, 449710, 17946, 547720] 371 [23552, 1025, 3, 642, 150827] 130 
123 [1420563, 65556, 97904, 2962, 26, 1785, 466263, 18170, 565120] 397 [23758, 1067, 8, 654, 156512] 138 
124 [1402259, 66136, 98665, 3038, 16, 1786, 482999, 18304, 582528] 413 [24009, 1079, 6, 645, 162318] 144 
125 [1384082, 66651, 99375, 3083, 34, 1769, 500016, 18177, 600263] 447 [24111, 1080, 13, 643, 168216] 157 
126 [1365579, 67229, 99911, 3156, 31, 1762, 516982, 18503, 617718] 478 [24317, 1099, 9, 635, 173859] 166 
127 [1347165, 67578, 100681, 3235, 27, 1747, 534275, 18414, 635737] 505 [24400, 1125, 12, 631, 179721] 178 
128 [1328403, 68012, 101328, 3288, 34, 1749, 551519, 18762, 654085] 539 [24502, 1144, 12, 625, 185643] 190 
129 [1309700, 68397, 102145, 3406, 45, 1685, 568980, 18703, 672163] 584 [24543, 1193, 15, 599, 191541] 205 
130 [1290837, 68814, 102887, 3481, 41, 1700, 586393, 18863, 690158] 625 [24743, 1223, 13, 596, 197419] 218 
131 [1271863, 69152, 103652, 3585, 45, 1673, 604031, 18974, 708414] 670 [24846, 1276, 19, 568, 203380] 237 
132 [1252724, 69610, 104180, 3631, 49, 1669, 621928, 19139, 727022] 719 [25029, 1293, 15, 572, 209447] 252 
133 [1233421, 70000, 104777, 3718, 44, 1643, 639975, 19303, 745835] 763 [25104, 1334, 17, 570, 215587] 269 
134 [1213966, 70379, 105723, 3786, 54, 1640, 657834, 19455, 764471] 817 [25324, 1365, 17, 559, 221548] 286 
135 [1194361, 70872, 106393, 3893, 39, 1591, 676029, 19605, 783270] 856 [25499, 1414, 17, 536, 227687] 303 
136 [1174600, 71348, 107134, 3980, 46, 1583, 694292, 19761, 802383] 902 [25615, 1426, 17, 545, 233987] 320 
137 [1154791, 71911, 107718, 4087, 54, 1563, 712765, 19809, 821384] 956 [25684, 1460, 20, 538, 240344] 340 
138 [1135552, 72339, 108557, 4160, 50, 1536, 731211, 19239, 840813] 1006 [25789, 1487, 18, 534, 246510] 358 
139 [1115756, 72498, 108848, 4227, 55, 1522, 749892, 19796, 860347] 1061 [25754, 1513, 22, 537, 252829] 380 
140 [1096125, 72960, 109369, 4320, 50, 1529, 768555, 19631, 879514] 1111 [25961, 1533, 21, 535, 258983] 401 
141 [1076549, 73250, 109782, 4410, 65, 1482, 787375, 19576, 898860] 1176 [26121, 1550, 23, 523, 265269] 424 
142 [1056827, 73544, 109951, 4488, 63, 1475, 806354, 19722, 918352] 1239 [26255, 1591, 24, 528, 271648] 448 
143 [1037489, 73809, 110063, 4565, 58, 1450, 825589, 19338, 937953] 1297 [26336, 1610, 24, 513, 278117] 472 
144 [1018303, 73949, 109997, 4674, 52, 1451, 844691, 19186, 957390] 1349 [26410, 1646, 14, 509, 284499] 486 
145 [999156, 74084, 109605, 4759, 66, 1450, 863984, 19147, 976999] 1415 [26511, 1665, 24, 509, 291000] 510 
146 [980351, 74116, 109077, 4821, 62, 1486, 883467, 18805, 996581] 1477 [26538, 1688, 22, 523, 297590] 532 
147 [961669, 74025, 108682, 4912, 73, 1455, 902625, 18682, 1015894] 1550 [26512, 1704, 30, 495, 304171] 562 
148 [943238, 73892, 107910, 5004, 73, 1435, 922067, 18431, 1034992] 1623 [26511, 1734, 28, 489, 310855] 590 
149 [925149, 73436, 107002, 5104, 73, 1425, 941699, 18089, 1054255] 1696 [26372, 1775, 29, 490, 317457] 619 
150 [907312, 72855, 105943, 5185, 71, 1410, 961291, 17837, 1073281] 1767 [26246, 1815, 21, 478, 324118] 640 
151 [889807, 72325, 104605, 5270, 61, 1395, 980865, 17505, 1092635] 1828 [26139, 1842, 23, 475, 330668] 663 
152 [872650, 71831, 103340, 5359, 77, 1382, 999976, 17157, 1110783] 1905 [26123, 1877, 24, 474, 337056] 687 
153 [855585, 71021, 101970, 5439, 76, 1361, 1019178, 17065, 1129350] 1981 [25897, 1908, 28, 472, 343534] 715 
154 [839273, 70388, 100537, 5453, 79, 1378, 1038199, 16312, 1147118] 2060 [25824, 1909, 26, 492, 349966] 741 
155 [822946, 69450, 98771, 5518, 93, 1380, 1057055, 16327, 1164596] 2153 [25610, 1940, 39, 505, 356452] 780 
156 [807071, 68318, 97238, 5601, 68, 1366, 1075910, 15875, 1181780] 2221 [25309, 1963, 33, 496, 362999] 813 
157 [791445, 67378, 95405, 5651, 90, 1336, 1094448, 15626, 1198856] 2311 [25119, 1975, 34, 489, 369506] 847 
158 [776319, 66313, 93630, 5735, 88, 1342, 1112736, 15126, 1215864] 2399 [24760, 2023, 27, 490, 375871] 874 
159 [761538, 65101, 91744, 5781, 65, 1368, 1130823, 14781, 1232153] 2464 [24441, 2051, 21, 495, 382182] 895 
160 [747025, 63972, 89712, 5843, 87, 1366, 1148618, 14513, 1248419] 2551 [24122, 2087, 30, 487, 388402] 925 
161 [732547, 62689, 87875, 5871, 114, 1367, 1166108, 14478, 1263982] 2665 [23751, 2108, 32, 497, 394508] 957 
162 [718462, 61545, 86052, 5903, 89, 1364, 1183435, 14085, 1279387] 2754 [23396, 2137, 32, 494, 400514] 989 
163 [704405, 60468, 84451, 5906, 101, 1399, 1200059, 14057, 1294371] 2855 [23025, 2164, 41, 497, 406465] 1030 
164 [690569, 59339, 82755, 5946, 94, 1400, 1216806, 13836, 1309448] 2949 [22745, 2183, 26, 499, 412430] 1056 
165 [676919, 58322, 81357, 5933, 105, 1397, 1232968, 13650, 1323886] 3054 [22433, 2176, 31, 502, 418203] 1087 
166 [663592, 57375, 79956, 5937, 90, 1390, 1248879, 13327, 1337995] 3144 [22174, 2176, 31, 495, 423926] 1118 
167 [650476, 56265, 78720, 5948, 69, 1398, 1264464, 13116, 1352193] 3213 [21812, 2193, 19, 492, 429455] 1137 
168 [637558, 55271, 77634, 5932, 102, 1413, 1279559, 12918, 1365820] 3315 [21487, 2193, 36, 493, 434937] 1173 
169 [624736, 54364, 76533, 5909, 110, 1412, 1294399, 12822, 1379439] 3425 [21186, 2195, 53, 488, 440368] 1226 
170 [612131, 53480, 75375, 5882, 99, 1394, 1309209, 12605, 1392939] 3524 [20845, 2201, 39, 481, 445816] 1265 
171 [600051, 52524, 74446, 5895, 88, 1394, 1323598, 12080, 1406102] 3612 [20554, 2209, 33, 480, 451082] 1298 
172 [588090, 51629, 73053, 5900, 103, 1363, 1337889, 11961, 1419030] 3715 [20262, 2212, 37, 464, 456361] 1335 
173 [576282, 50692, 71777, 5858, 97, 1381, 1351990, 11808, 1431901] 3812 [19935, 2207, 34, 470, 461578] 1369 
174 [564887, 49848, 70600, 5864, 100, 1346, 1365748, 11395, 1444381] 3912 [19678, 2228, 36, 457, 466720] 1405 
175 [553649, 48872, 69279, 5842, 93, 1360, 1379355, 11238, 1456984] 4005 [19348, 2222, 34, 460, 471731] 1439 
176 [542607, 48058, 67876, 5811, 82, 1359, 1392760, 11042, 1469117] 4087 [19173, 2224, 36, 446, 476618] 1475 
177 [532080, 47162, 66549, 5779, 81, 1362, 1405973, 10527, 1481056] 4168 [18850, 2208, 31, 451, 481575] 1506 
178 [521750, 46189, 64971, 5725, 104, 1369, 1418994, 10330, 1492864] 4272 [18506, 2207, 35, 461, 486444] 1541 
179 [511785, 45191, 63352, 5646, 112, 1387, 1431890, 9965, 1504471] 4384 [18172, 2179, 49, 466, 491335] 1590 
180 [502140, 44198, 61910, 5619, 66, 1408, 1444230, 9645, 1515476] 4450 [17800, 2169, 33, 484, 495945] 1623 
181 [492799, 43131, 60303, 5565, 84, 1426, 1456501, 9341, 1526316] 4534 [17418, 2160, 26, 498, 500648] 1649 
182 [483905, 42171, 58448, 5485, 89, 1476, 1468598, 8894, 1536645] 4623 [17126, 2140, 35, 520, 505259] 1684 
183 [475360, 41064, 56613, 5410, 80, 1528, 1480377, 8545, 1546870] 4703 [16737, 2120, 26, 547, 509690] 1710 
184 [467098, 39902, 54798, 5308, 106, 1543, 1491880, 8262, 1556847] 4809 [16387, 2088, 41, 547, 514099] 1751 
185 [459459, 38738, 52848, 5204, 89, 1602, 1503212, 7639, 1566434] 4898 [16023, 2060, 34, 561, 518492] 1785 
186 [452020, 37460, 50865, 5127, 74, 1638, 1514079, 7439, 1575530] 4972 [15623, 2027, 27, 583, 522668] 1812 
187 [444760, 36134, 48936, 5036, 85, 1654, 1524763, 7260, 1584410] 5057 [15135, 2010, 27, 590, 526905] 1839 
188 [437919, 35067, 46936, 4927, 67, 1683, 1535103, 6841, 1592814] 5124 [14762, 1958, 36, 610, 531006] 1875 
189 [431376, 33704, 44933, 4819, 70, 1716, 1545315, 6543, 1601039] 5194 [14245, 1923, 27, 629, 535102] 1902 
190 [425283, 32383, 43079, 4711, 61, 1722, 1555074, 6093, 1608930] 5255 [13800, 1877, 24, 645, 538964] 1926 
191 [419480, 31122, 41132, 4548, 93, 1775, 1564392, 5803, 1616236] 5348 [13338, 1835, 28, 663, 542713] 1954 
192 [413974, 29804, 39242, 4388, 73, 1829, 1573436, 5506, 1623403] 5421 [12888, 1770, 37, 684, 546364] 1991 
193 [408827, 28513, 37299, 4249, 79, 1828, 1582237, 5147, 1630179] 5500 [12428, 1711, 34, 686, 549930] 2025 
194 [404176, 27261, 35501, 4077, 71, 1874, 1590489, 4651, 1636428] 5571 [11936, 1653, 27, 700, 553357] 2052 
195 [399654, 25789, 33471, 3914, 65, 1921, 1598693, 4522, 1642666] 5636 [11386, 1606, 27, 728, 556704] 2079 
196 [395626, 24469, 31646, 3712, 63, 1973, 1606447, 4028, 1648465] 5699 [10929, 1546, 19, 765, 559857] 2098 
197 [391815, 23148, 29649, 3539, 56, 2032, 1613851, 3811, 1653951] 5755 [10392, 1496, 13, 782, 562959] 2111 
198 [388313, 21834, 27695, 3370, 45, 2106, 1620980, 3502, 1659049] 5800 [9860, 1422, 17, 835, 565927] 2128 
199 [385160, 20704, 25886, 3169, 45, 2173, 1627510, 3153, 1663644] 5845 [9399, 1337, 21, 859, 568759] 2149 
200 [382235, 19565, 24000, 2948, 46, 2258, 1633778, 2925, 1667953] 5891 [8869, 1265, 12, 890, 571470] 2161 
201 [379592, 18201, 22179, 2735, 37, 2353, 1639969, 2643, 1672267] 5928 [8336, 1191, 12, 926, 574134] 2173 
202 [377306, 16967, 20452, 2535, 27, 2399, 1645700, 2286, 1676021] 5955 [7815, 1109, 14, 945, 576678] 2187 
203 [375102, 15764, 18786, 2309, 28, 2465, 1650987, 2204, 1679448] 5983 [7287, 1020, 12, 969, 578996] 2199 
204 [373184, 14558, 17185, 2108, 22, 2547, 1656095, 1918, 1682695] 6005 [6798, 920, 10, 1026, 581211] 2209 
205 [371522, 13442, 15737, 1849, 8, 2644, 1660731, 1662, 1685569] 6013 [6309, 816, 3, 1073, 583256] 2212 
206 [370053, 12340, 14230, 1578, 9, 2743, 1665165, 1469, 1688366] 6022 [5851, 702, 5, 1123, 585215] 2217 
207 [368700, 11249, 12822, 1373, 5, 2784, 1669292, 1353, 1690845] 6027 [5361, 608, 1, 1153, 587060] 2218 
208 [367453, 10323, 11559, 1184, 5, 2792, 1673010, 1247, 1693013] 6032 [4920, 532, 2, 1164, 588745] 2220 
209 [366398, 9404, 10369, 988, 3, 2789, 1676562, 1055, 1695015] 6035 [4493, 431, 2, 1175, 590381] 2222 
210 [365450, 8512, 9236, 832, 6, 2748, 1679833, 948, 1696824] 6041 [4100, 361, 4, 1165, 591904] 2226 
211 [364560, 7693, 8277, 692, 4, 2657, 1682786, 890, 1698397] 6045 [3730, 301, 2, 1143, 593222] 2228 
212 [363835, 6912, 7318, 606, 0, 2524, 1685635, 725, 1699874] 6045 [3356, 262, 0, 1099, 594546] 2228 
213 [363191, 6210, 6478, 519, 0, 2391, 1688122, 644, 1701220] 6045 [3047, 226, 0, 1053, 595594] 2228 
214 [362625, 5542, 5765, 442, 3, 2232, 1690380, 566, 1702345] 6048 [2744, 202, 0, 990, 596633] 2228 
215 [362096, 4948, 5127, 394, 0, 2067, 1692391, 529, 1703346] 6048 [2457, 187, 0, 900, 597578] 2228 
216 [361653, 4447, 4572, 360, 1, 1819, 1694257, 443, 1704256] 6049 [2233, 165, 1, 801, 598467] 2229 
217 [361245, 3966, 4029, 328, 4, 1558, 1696013, 408, 1705100] 6053 [1992, 156, 4, 693, 599275] 2233 
218 [360907, 3550, 3566, 284, 3, 1358, 1697541, 338, 1705914] 6056 [1772, 144, 2, 600, 599997] 2235 
219 [360628, 3172, 3152, 258, 0, 1171, 1698884, 279, 1706566] 6056 [1587, 132, 0, 524, 600626] 2235 
220 [360347, 2812, 2736, 246, 1, 974, 1700147, 281, 1707144] 6057 [1434, 123, 1, 424, 601223] 2236 
221 [360138, 2485, 2423, 215, 0, 822, 1701251, 209, 1707617] 6057 [1267, 108, 0, 357, 601767] 2236 
222 [359938, 2161, 2121, 193, 1, 685, 1702244, 200, 1708072] 6058 [1100, 93, 1, 298, 602270] 2237 
223 [359760, 1907, 1878, 170, 1, 595, 1703053, 178, 1708416] 6059 [976, 85, 0, 255, 602658] 2237 
224 [359607, 1672, 1626, 157, 0, 508, 1703818, 153, 1708754] 6059 [853, 80, 0, 219, 603016] 2237 
225 [359465, 1438, 1436, 139, 0, 434, 1704487, 142, 1709061] 6059 [740, 73, 0, 195, 603327] 2237 
226 [359361, 1276, 1263, 111, 0, 384, 1705042, 104, 1709317] 6059 [655, 62, 0, 179, 603607] 2237 
227 [359254, 1117, 1098, 104, 0, 350, 1705511, 107, 1709525] 6059 [566, 61, 0, 157, 603846] 2237 
228 [359181, 972, 979, 90, 1, 322, 1705923, 73, 1709704] 6060 [504, 51, 1, 152, 604053] 2238 
229 [359100, 840, 832, 80, 0, 281, 1706326, 81, 1709881] 6060 [431, 47, 0, 142, 604254] 2238 
230 [359036, 733, 737, 74, 0, 255, 1706641, 64, 1710004] 6060 [381, 43, 0, 130, 604412] 2238 
231 [358986, 617, 640, 62, 0, 244, 1706941, 50, 1710123] 6060 [336, 38, 0, 122, 604549] 2238 
232 [358942, 539, 552, 57, 1, 212, 1707193, 44, 1710214] 6061 [290, 35, 0, 106, 604686] 2238 
233 [358898, 472, 460, 50, 1, 191, 1707423, 44, 1710293] 6062 [255, 31, 1, 92, 604803] 2239 
234 [358861, 401, 398, 44, 0, 169, 1707628, 37, 1710370] 6062 [223, 28, 0, 84, 604906] 2239 
235 [358837, 360, 349, 38, 0, 156, 1707774, 24, 1710431] 6062 [202, 25, 0, 79, 604974] 2239 
236 [358802, 309, 293, 33, 0, 137, 1707929, 35, 1710498] 6062 [169, 21, 0, 71, 605061] 2239 
237 [358776, 265, 265, 31, 0, 109, 1708066, 26, 1710564] 6062 [141, 19, 0, 60, 605135] 2239 
238 [358757, 240, 229, 26, 0, 101, 1708166, 19, 1710610] 6062 [132, 16, 0, 59, 605172] 2239 
239 [358742, 202, 196, 25, 0, 88, 1708270, 15, 1710656] 6062 [115, 16, 0, 50, 605227] 2239 
240 [358725, 177, 171, 21, 0, 78, 1708349, 17, 1710678] 6062 [98, 12, 0, 46, 605271] 2239 
241 [358710, 153, 156, 17, 0, 72, 1708415, 15, 1710714] 6062 [75, 11, 0, 42, 605314] 2239 
242 [358691, 136, 130, 16, 0, 60, 1708486, 19, 1710735] 6062 [67, 9, 0, 37, 605353] 2239 
243 [358676, 121, 116, 14, 0, 56, 1708540, 15, 1710754] 6062 [61, 8, 0, 34, 605380] 2239 
244 [358665, 113, 104, 9, 1, 50, 1708585, 11, 1710768] 6063 [57, 6, 1, 31, 605405] 2240 
245 [358660, 98, 91, 8, 0, 44, 1708631, 5, 1710787] 6063 [52, 5, 0, 28, 605427] 2240 
246 [358650, 82, 76, 7, 0, 38, 1708674, 10, 1710812] 6063 [44, 4, 0, 25, 605449] 2240 
247 [358642, 77, 70, 7, 0, 33, 1708700, 8, 1710823] 6063 [41, 4, 0, 21, 605465] 2240 
248 [358639, 67, 67, 4, 0, 31, 1708726, 3, 1710830] 6063 [36, 2, 0, 19, 605481] 2240 
249 [358633, 63, 59, 4, 0, 26, 1708746, 6, 1710836] 6063 [33, 2, 0, 16, 605495] 2240 
250 [358629, 54, 52, 3, 0, 24, 1708771, 4, 1710844] 6063 [32, 1, 0, 15, 605507] 2240 
251 [358620, 49, 43, 2, 0, 20, 1708794, 9, 1710852] 6063 [29, 1, 0, 11, 605520] 2240 
252 [358617, 45, 42, 2, 0, 16, 1708812, 3, 1710863] 6063 [25, 1, 0, 10, 605527] 2240 
253 [358611, 41, 34, 0, 0, 15, 1708830, 6, 1710869] 6063 [24, 0, 0, 8, 605536] 2240 
254 [358608, 38, 33, 0, 0, 13, 1708842, 3, 1710875] 6063 [24, 0, 0, 7, 605539] 2240 
255 [358607, 33, 29, 0, 0, 9, 1708858, 1, 1710880] 6063 [21, 0, 0, 6, 605546] 2240 
256 [358604, 25, 24, 0, 0, 8, 1708873, 3, 1710890] 6063 [15, 0, 0, 5, 605557] 2240 
257 [358603, 18, 24, 0, 0, 7, 1708884, 1, 1710892] 6063 [9, 0, 0, 4, 605565] 2240 
258 [358599, 18, 21, 0, 0, 7, 1708888, 4, 1710894] 6063 [9, 0, 0, 4, 605568] 2240 
259 [358597, 20, 20, 0, 0, 4, 1708894, 2, 1710895] 6063 [10, 0, 0, 2, 605571] 2240 
260 [358597, 17, 15, 0, 0, 4, 1708904, 0, 1710901] 6063 [8, 0, 0, 2, 605576] 2240 
261 [358596, 15, 13, 0, 0, 3, 1708909, 1, 1710904] 6063 [8, 0, 0, 1, 605578] 2240 
262 [358593, 15, 11, 0, 0, 2, 1708913, 3, 1710905] 6063 [8, 0, 0, 1, 605579] 2240 
263 [358592, 13, 10, 0, 0, 2, 1708919, 1, 1710909] 6063 [7, 0, 0, 1, 605583] 2240 
264 [358589, 11, 10, 0, 0, 0, 1708924, 3, 1710913] 6063 [6, 0, 0, 0, 605586] 2240 
265 [358588, 10, 9, 0, 0, 0, 1708929, 1, 1710915] 6063 [6, 0, 0, 0, 605587] 2240 
266 [358587, 9, 10, 0, 0, 0, 1708930, 1, 1710915] 6063 [5, 0, 0, 0, 605588] 2240 
267 [358587, 7, 9, 0, 0, 0, 1708934, 0, 1710917] 6063 [3, 0, 0, 0, 605590] 2240 
268 [358587, 7, 7, 0, 0, 0, 1708936, 0, 1710917] 6063 [3, 0, 0, 0, 605591] 2240 
269 [358585, 7, 7, 0, 0, 0, 1708936, 2, 1710917] 6063 [3, 0, 0, 0, 605591] 2240 
270 [358583, 8, 7, 0, 0, 0, 1708937, 2, 1710918] 6063 [3, 0, 0, 0, 605591] 2240 
271 [358582, 7, 7, 0, 0, 0, 1708940, 1, 1710918] 6063 [2, 0, 0, 0, 605593] 2240 
272 [358581, 4, 7, 0, 0, 0, 1708944, 1, 1710923] 6063 [1, 0, 0, 0, 605594] 2240 
273 [358581, 4, 6, 0, 0, 0, 1708946, 0, 1710923] 6063 [1, 0, 0, 0, 605594] 2240 
274 [358581, 4, 5, 0, 0, 0, 1708947, 0, 1710923] 6063 [1, 0, 0, 0, 605594] 2240 
275 [358581, 4, 5, 0, 0, 0, 1708947, 0, 1710923] 6063 [1, 0, 0, 0, 605594] 2240 
276 [358581, 3, 5, 0, 0, 0, 1708948, 0, 1710923] 6063 [0, 0, 0, 0, 605595] 2240 
277 [358581, 3, 5, 0, 0, 0, 1708948, 0, 1710923] 6063 [0, 0, 0, 0, 605595] 2240 
278 [358581, 2, 4, 0, 0, 0, 1708950, 0, 1710925] 6063 [0, 0, 0, 0, 605595] 2240 
279 [358581, 2, 2, 0, 0, 0, 1708952, 0, 1710925] 6063 [0, 0, 0, 0, 605596] 2240 
280 [358581, 1, 1, 0, 0, 0, 1708954, 0, 1710925] 6063 [0, 0, 0, 0, 605596] 2240 
281 [358580, 1, 0, 0, 0, 0, 1708955, 1, 1710926] 6063 [0, 0, 0, 0, 605596] 2240 
282 [358580, 1, 1, 0, 0, 0, 1708955, 0, 1710926] 6063 [0, 0, 0, 0, 605596] 2240 
283 [358580, 0, 1, 0, 0, 0, 1708956, 0, 1710926] 6063 [0, 0, 0, 0, 605596] 2240 
284 [358580, 0, 1, 0, 0, 0, 1708956, 0, 1710926] 6063 [0, 0, 0, 0, 605596] 2240 
285 [358579, 0, 1, 0, 0, 0, 1708956, 1, 1710926] 6063 [0, 0, 0, 0, 605596] 2240 
286 [358579, 0, 2, 0, 0, 0, 1708956, 0, 1710926] 6063 [0, 0, 0, 0, 605596] 2240 
287 [358579, 0, 2, 0, 0, 0, 1708956, 0, 1710926] 6063 [0, 0, 0, 0, 605596] 2240 
288 [358579, 0, 2, 0, 0, 0, 1708956, 0, 1710926] 6063 [0, 0, 0, 0, 605596] 2240 
289 [358579, 0, 2, 0, 0, 0, 1708956, 0, 1710926] 6063 [0, 0, 0, 0, 605596] 2240 
290 [358579, 0, 1, 0, 0, 0, 1708957, 0, 1710927] 6063 [0, 0, 0, 0, 605596] 2240 
291 [358579, 0, 1, 0, 0, 0, 1708957, 0, 1710927] 6063 [0, 0, 0, 0, 605596] 2240 
292 [358579, 0, 1, 0, 0, 0, 1708957, 0, 1710927] 6063 [0, 0, 0, 0, 605596] 2240 
293 [358579, 0, 1, 0, 0, 0, 1708957, 0, 1710927] 6063 [0, 0, 0, 0, 605596] 2240 
294 [358579, 0, 0, 0, 0, 0, 1708958, 0, 1710927] 6063 [0, 0, 0, 0, 605596] 2240 
[358579, 0, 0, 0, 0, 0, 1708958, 0, 1710927] 0.8241502700617284 6063
1024691 1200097
