1.0 2.0 207360 8 2073 960 192 0.9 0.5 1 12 7 0.03571428571428571 0.008333333333333333 10 0.01 10
1 [2073599, 1, 0, 0, 0, 0, 0, 0] 0
2 [2073599, 1, 0, 0, 0, 0, 0, 0] 0
3 [2073599, 1, 0, 0, 0, 0, 0, 0] 0
4 [2073599, 1, 0, 0, 0, 0, 0, 0] 0
5 [2073599, 1, 0, 0, 0, 0, 0, 0] 0
6 [2073599, 1, 0, 0, 0, 0, 0, 0] 0
7 [2073599, 1, 0, 0, 0, 0, 0, 0] 0
8 [2073598, 1, 0, 0, 0, 0, 0, 1] 0
9 [2073598, 2, 0, 0, 0, 0, 0, 0] 0
10 [2073597, 2, 0, 0, 0, 0, 0, 1] 0
11 [2073595, 2, 1, 0, 0, 0, 0, 2] 0
12 [2073591, 3, 2, 0, 0, 0, 0, 4] 0
13 [2073589, 4, 5, 0, 0, 0, 0, 2] 0
14 [2073588, 3, 7, 0, 0, 0, 1, 1] 0
15 [2073583, 3, 8, 0, 0, 0, 1, 5] 0
16 [2073579, 5, 11, 0, 0, 0, 1, 4] 0
17 [2073573, 8, 12, 0, 0, 0, 1, 6] 0
18 [2073564, 11, 14, 1, 0, 0, 1, 9] 0
19 [2073555, 13, 20, 1, 0, 0, 2, 9] 0
20 [2073547, 18, 23, 1, 0, 0, 3, 8] 0
21 [2073535, 22, 24, 1, 0, 0, 6, 12] 0
22 [2073522, 25, 30, 1, 0, 0, 9, 13] 0
23 [2073510, 30, 37, 1, 0, 0, 10, 12] 0
24 [2073492, 35, 40, 2, 0, 0, 13, 18] 0
25 [2073471, 46, 45, 2, 0, 0, 15, 21] 0
26 [2073440, 55, 54, 2, 0, 0, 18, 31] 0
27 [2073412, 68, 65, 2, 0, 0, 25, 28] 0
28 [2073378, 82, 74, 3, 0, 0, 29, 34] 0
29 [2073335, 93, 90, 4, 0, 0, 35, 43] 0
30 [2073281, 111, 103, 5, 0, 1, 45, 54] 0
31 [2073228, 129, 127, 5, 0, 1, 57, 53] 0
32 [2073166, 152, 148, 7, 0, 1, 64, 62] 0
33 [2073097, 181, 168, 9, 0, 1, 75, 69] 0
34 [2072999, 213, 191, 10, 0, 1, 88, 98] 0
35 [2072897, 258, 220, 11, 0, 2, 110, 102] 0
36 [2072793, 297, 262, 14, 0, 2, 128, 104] 0
37 [2072645, 339, 294, 18, 0, 2, 154, 148] 0
38 [2072498, 407, 339, 21, 0, 2, 186, 147] 0
39 [2072281, 466, 384, 22, 0, 3, 227, 217] 0
40 [2072066, 564, 460, 25, 1, 4, 265, 215] 1
41 [2071785, 648, 550, 26, 0, 5, 304, 281] 1
42 [2071492, 761, 665, 31, 0, 5, 352, 293] 1
43 [2071173, 895, 756, 35, 0, 6, 415, 319] 1
44 [2070756, 1016, 869, 41, 1, 8, 491, 417] 2
45 [2070262, 1181, 1040, 43, 1, 9, 568, 494] 3
46 [2069681, 1375, 1229, 53, 0, 10, 668, 581] 3
47 [2069012, 1620, 1444, 64, 0, 13, 775, 669] 3
48 [2068263, 1905, 1669, 70, 1, 17, 923, 749] 4
49 [2067356, 2219, 1929, 82, 1, 19, 1083, 907] 5
50 [2066333, 2638, 2209, 92, 0, 20, 1280, 1023] 5
51 [2065080, 3028, 2605, 108, 1, 24, 1496, 1253] 6
52 [2063667, 3569, 3063, 130, 1, 25, 1726, 1413] 7
53 [2061950, 4140, 3544, 153, 4, 29, 2056, 1717] 11
54 [2059995, 4896, 4125, 182, 1, 33, 2402, 1955] 12
55 [2057776, 5752, 4779, 208, 1, 39, 2814, 2219] 13
56 [2055112, 6673, 5565, 240, 4, 42, 3287, 2664] 17
57 [2052306, 7828, 6516, 279, 0, 48, 3800, 2806] 17
58 [2048884, 8969, 7521, 324, 2, 59, 4402, 3422] 19
59 [2045068, 10405, 8694, 381, 1, 65, 5151, 3816] 20
60 [2040469, 11974, 9958, 454, 1, 77, 6048, 4599] 21
61 [2035348, 13927, 11516, 518, 7, 87, 7055, 5121] 28
62 [2029543, 16022, 13271, 584, 1, 100, 8246, 5805] 29
63 [2022858, 18347, 15229, 700, 4, 120, 9628, 6685] 33
64 [2015231, 21104, 17442, 814, 7, 144, 11198, 7627] 40
65 [2006594, 24163, 19928, 959, 4, 173, 13102, 8637] 44
66 [1996949, 27670, 22793, 1105, 13, 199, 15182, 9645] 57
67 [1986198, 31472, 25918, 1254, 15, 235, 17700, 10751] 72
68 [1974089, 35794, 29298, 1437, 6, 271, 20524, 12109] 78
69 [1960733, 40569, 33061, 1680, 11, 313, 23799, 13356] 89
70 [1945991, 45813, 37055, 1913, 12, 366, 27619, 14742] 101
71 [1929864, 51629, 41511, 2164, 11, 427, 31766, 16127] 112
72 [1911975, 57691, 46310, 2465, 11, 492, 36655, 17889] 123
73 [1892575, 64479, 51399, 2818, 23, 549, 42234, 19400] 146
74 [1871511, 71481, 56883, 3206, 30, 636, 48643, 21064] 176
75 [1848568, 79193, 62504, 3659, 53, 694, 55810, 22943] 229
76 [1823962, 87378, 68723, 4138, 52, 757, 63755, 24606] 281
77 [1797738, 95910, 75020, 4670, 71, 819, 72867, 26224] 352
78 [1769224, 104817, 81581, 5193, 102, 863, 82954, 28514] 454
79 [1739135, 114317, 88426, 5836, 127, 891, 94325, 30089] 581
80 [1707260, 124179, 95201, 6570, 146, 904, 106884, 31875] 727
81 [1673986, 134190, 102149, 7400, 150, 908, 120816, 33274] 877
82 [1638884, 144304, 109076, 8188, 167, 887, 136115, 35102] 1044
83 [1602050, 154788, 115941, 9148, 167, 865, 152763, 36834] 1211
84 [1563956, 165448, 122680, 10136, 195, 829, 171051, 38094] 1406
85 [1524251, 176171, 129208, 11186, 203, 759, 190711, 39705] 1609
86 [1483375, 186432, 135890, 12365, 239, 702, 212112, 40876] 1848
87 [1441858, 196554, 142267, 13585, 294, 622, 235055, 41517] 2142
88 [1399416, 206109, 148130, 14815, 308, 555, 259683, 42442] 2450
89 [1356247, 215330, 153511, 16165, 274, 496, 285958, 43169] 2724
90 [1312608, 223957, 158499, 17480, 345, 446, 313902, 43639] 3069
91 [1268395, 232264, 162888, 18906, 356, 392, 343117, 44213] 3425
92 [1224412, 239526, 166915, 20311, 389, 331, 374308, 43983] 3814
93 [1180290, 245944, 170031, 21787, 390, 288, 406934, 44122] 4204
94 [1136635, 251660, 172254, 23284, 381, 250, 441277, 43655] 4585
95 [1092918, 256439, 173568, 24847, 425, 227, 476874, 43717] 5010
96 [1049856, 260251, 174581, 26438, 425, 197, 513780, 43062] 5435
97 [1007416, 263110, 174786, 27924, 474, 181, 551834, 42440] 5909
98 [965259, 264744, 174408, 29456, 507, 172, 590988, 42157] 6416
99 [924292, 265772, 173824, 31018, 487, 149, 630675, 40967] 6903
100 [883916, 265637, 172332, 32413, 562, 134, 671327, 40376] 7465
101 [843675, 264845, 170681, 33850, 576, 118, 712149, 40241] 8041
102 [804351, 263550, 168885, 35305, 576, 105, 753463, 39324] 8617
103 [765274, 261872, 166587, 36709, 585, 101, 794778, 39077] 9202
104 [727408, 259581, 164338, 38105, 628, 95, 836377, 37866] 9830
105 [690452, 256594, 161807, 39551, 605, 80, 877725, 36956] 10435
106 [654146, 253168, 158986, 40857, 636, 68, 918998, 36306] 11071
107 [618558, 249369, 156010, 42215, 639, 62, 960088, 35588] 11710
108 [584155, 245579, 153075, 43418, 663, 49, 1000548, 34403] 12373
109 [550323, 241211, 149799, 44594, 710, 44, 1040714, 33832] 13083
110 [517560, 236799, 146414, 45709, 721, 44, 1080507, 32763] 13804
111 [486556, 232194, 143304, 46788, 753, 35, 1119162, 31004] 14557
112 [456660, 226975, 139169, 47842, 734, 30, 1157737, 29896] 15291
113 [428395, 221957, 135164, 48849, 707, 31, 1194941, 28265] 15998
114 [402088, 216339, 130670, 49806, 737, 30, 1231625, 26307] 16735
115 [377545, 209584, 125795, 50691, 780, 26, 1267901, 24543] 17515
116 [354807, 202335, 120298, 51516, 775, 24, 1303592, 22738] 18290
117 [334084, 194652, 114532, 52153, 851, 20, 1338295, 20723] 19141
118 [315340, 186374, 108055, 52794, 809, 16, 1372327, 18744] 19950
119 [298241, 177857, 100814, 53309, 863, 16, 1405451, 17099] 20813
120 [283097, 168611, 93988, 53787, 858, 14, 1437288, 15144] 21671
121 [269852, 158826, 86633, 54213, 854, 10, 1468296, 13245] 22525
122 [258133, 148654, 79183, 54588, 840, 9, 1497949, 11719] 23365
123 [248053, 138096, 71713, 54776, 930, 9, 1526578, 10080] 24295
124 [239261, 127319, 64455, 54982, 859, 7, 1553630, 8792] 25154
125 [231791, 116666, 57584, 55014, 879, 7, 1579035, 7470] 26033
126 [225239, 105939, 50940, 54948, 907, 6, 1603036, 6552] 26940
127 [219753, 95513, 44949, 54873, 858, 6, 1625222, 5486] 27798
128 [215115, 85751, 39129, 54757, 860, 6, 1645546, 4638] 28658
129 [211127, 76478, 33841, 54527, 850, 6, 1664125, 3988] 29508
130 [207784, 67586, 29281, 54199, 864, 6, 1681029, 3343] 30372
131 [204883, 59457, 25133, 53793, 870, 6, 1696185, 2901] 31242
132 [202420, 51901, 21503, 53330, 882, 4, 1709855, 2463] 32124
133 [200336, 45051, 18356, 52770, 917, 4, 1721958, 2084] 33041
134 [198642, 38921, 15615, 52240, 886, 3, 1732558, 1694] 33927
135 [197169, 33437, 13211, 51587, 916, 2, 1741878, 1473] 34843
136 [195923, 28587, 11189, 50944, 868, 1, 1749999, 1246] 35711
137 [194914, 24501, 9534, 50245, 895, 2, 1756789, 1009] 36606
138 [194064, 20812, 8046, 49523, 893, 2, 1762804, 850] 37499
139 [193344, 17729, 6809, 48793, 883, 3, 1767820, 720] 38382
140 [192719, 15031, 5717, 48025, 879, 3, 1772219, 625] 39261
141 [192224, 12765, 4777, 47268, 859, 3, 1775948, 495] 40120
142 [191828, 10781, 4012, 46507, 851, 2, 1779103, 396] 40971
143 [191460, 9096, 3349, 45679, 912, 2, 1781763, 368] 41883
144 [191139, 7692, 2804, 44896, 834, 2, 1784029, 321] 42717
145 [190884, 6505, 2365, 44098, 847, 2, 1785927, 255] 43564
146 [190664, 5498, 1974, 43342, 808, 2, 1787528, 220] 44372
147 [190487, 4580, 1663, 42562, 825, 3, 1788931, 177] 45197
148 [190362, 3885, 1402, 41788, 806, 2, 1790033, 125] 46003
149 [190218, 3225, 1157, 40962, 851, 2, 1791038, 144] 46854
150 [190100, 2687, 988, 40162, 821, 2, 1791868, 118] 47675
151 [190021, 2273, 855, 39319, 858, 3, 1792517, 79] 48533
152 [189954, 1906, 714, 38528, 799, 4, 1793095, 67] 49332
153 [189900, 1599, 592, 37777, 757, 4, 1793585, 54] 50089
154 [189847, 1323, 506, 36984, 810, 4, 1793984, 53] 50899
155 [189799, 1117, 422, 36229, 765, 4, 1794317, 48] 51664
156 [189766, 950, 355, 35454, 779, 6, 1794593, 33] 52443
157 [189744, 793, 302, 34691, 765, 7, 1794833, 22] 53208
158 [189719, 651, 238, 33890, 808, 6, 1795055, 25] 54016
159 [189697, 540, 191, 33116, 779, 7, 1795232, 22] 54795
160 [189683, 445, 166, 32349, 768, 7, 1795373, 14] 55563
161 [189667, 367, 130, 31598, 757, 7, 1795495, 16] 56320
162 [189654, 325, 107, 30872, 726, 6, 1795577, 13] 57046
163 [189641, 268, 90, 30116, 756, 6, 1795664, 13] 57802
164 [189636, 220, 72, 29402, 715, 7, 1795741, 5] 58517
165 [189628, 186, 56, 28730, 671, 8, 1795796, 8] 59188
166 [189625, 166, 49, 28013, 717, 9, 1795830, 3] 59905
167 [189621, 143, 41, 27334, 681, 7, 1795864, 4] 60586
168 [189619, 114, 30, 26629, 704, 7, 1795909, 2] 61290
169 [189616, 96, 26, 25916, 711, 9, 1795933, 3] 62001
170 [189615, 83, 21, 25192, 723, 9, 1795955, 1] 62724
171 [189613, 71, 16, 24472, 721, 9, 1795972, 2] 63445
172 [189613, 58, 11, 23801, 670, 9, 1795993, 0] 64115
173 [189612, 51, 10, 23128, 670, 12, 1796001, 1] 64785
174 [189608, 43, 7, 22474, 654, 11, 1796014, 4] 65439
175 [189605, 36, 8, 21850, 623, 11, 1796025, 3] 66062
176 [189601, 30, 6, 21208, 641, 11, 1796037, 4] 66703
177 [189599, 25, 6, 20573, 631, 14, 1796047, 2] 67334
178 [189599, 22, 5, 19960, 610, 17, 1796053, 0] 67944
179 [189599, 17, 5, 19329, 629, 18, 1796059, 0] 68573
180 [189599, 15, 5, 18767, 557, 21, 1796063, 0] 69130
181 [189599, 14, 5, 18186, 576, 25, 1796065, 0] 69706
182 [189597, 13, 5, 17592, 592, 27, 1796066, 2] 70298
183 [189597, 13, 4, 17021, 566, 31, 1796070, 0] 70864
184 [189597, 12, 3, 16477, 536, 36, 1796075, 0] 71400
185 [189597, 10, 2, 15944, 529, 40, 1796078, 0] 71929
186 [189596, 10, 1, 15416, 516, 51, 1796080, 1] 72445
187 [189596, 10, 1, 14875, 534, 57, 1796082, 0] 72979
188 [189596, 8, 1, 14342, 527, 59, 1796088, 0] 73506
189 [189596, 6, 1, 13824, 511, 63, 1796093, 0] 74017
190 [189596, 3, 1, 13350, 462, 73, 1796098, 0] 74479
191 [189596, 2, 0, 12808, 526, 84, 1796105, 0] 75005
192 [189596, 2, 0, 12327, 467, 93, 1796110, 0] 75472
193 [189596, 2, 0, 11869, 443, 106, 1796112, 0] 75915
194 [189596, 2, 0, 11355, 486, 129, 1796117, 0] 76401
195 [189596, 2, 0, 10860, 455, 161, 1796125, 0] 76856
196 [189596, 1, 0, 10353, 479, 185, 1796130, 0] 77335
197 [189596, 1, 0, 9919, 397, 210, 1796142, 0] 77732
198 [189596, 1, 0, 9490, 395, 237, 1796149, 0] 78127
199 [189596, 1, 0, 9027, 422, 272, 1796155, 0] 78549
200 [189595, 0, 0, 8581, 394, 317, 1796163, 1] 78943
201 [189595, 0, 1, 8126, 391, 369, 1796175, 0] 79334
202 [189595, 0, 1, 7708, 341, 430, 1796191, 0] 79675
203 [189595, 0, 1, 7277, 329, 518, 1796205, 0] 80004
204 [189595, 0, 1, 6839, 340, 601, 1796220, 0] 80344
205 [189595, 0, 1, 6387, 324, 701, 1796248, 0] 80668
206 [189595, 0, 1, 5934, 303, 811, 1796288, 0] 80971
207 [189595, 0, 1, 5515, 263, 939, 1796316, 0] 81234
208 [189594, 0, 1, 5079, 234, 1104, 1796353, 1] 81468
209 [189594, 1, 0, 4633, 210, 1306, 1796388, 0] 81678
210 [189594, 1, 0, 4187, 180, 1531, 1796429, 0] 81858
211 [189594, 1, 0, 3759, 157, 1750, 1796481, 0] 82015
212 [189594, 1, 0, 3286, 160, 1999, 1796545, 0] 82175
213 [189594, 1, 0, 2826, 120, 2262, 1796622, 0] 82295
214 [189594, 1, 0, 2354, 83, 2549, 1796724, 0] 82378
215 [189594, 1, 0, 1803, 61, 2941, 1796822, 0] 82439
216 [189594, 1, 0, 1266, 27, 3323, 1796950, 0] 82466
217 [189594, 1, 0, 780, 8, 3651, 1797100, 0] 82474
218 [189594, 1, 0, 428, 1, 3846, 1797256, 0] 82475
219 [189594, 1, 0, 186, 1, 3885, 1797458, 0] 82476
220 [189594, 1, 0, 73, 0, 3762, 1797694, 0] 82476
221 [189593, 1, 0, 24, 0, 3545, 1797960, 1] 82476
222 [189593, 1, 0, 6, 0, 3292, 1798232, 0] 82476
223 [189593, 1, 0, 1, 0, 2984, 1798545, 0] 82476
224 [189593, 1, 0, 0, 0, 2645, 1798885, 0] 82476
225 [189593, 1, 0, 0, 0, 2256, 1799274, 0] 82476
226 [189593, 1, 0, 0, 0, 1766, 1799764, 0] 82476
227 [189593, 1, 0, 0, 0, 1256, 1800274, 0] 82476
228 [189593, 1, 0, 0, 0, 778, 1800752, 0] 82476
229 [189593, 1, 0, 0, 0, 427, 1801103, 0] 82476
230 [189593, 1, 0, 0, 0, 186, 1801344, 0] 82476
231 [189593, 1, 0, 0, 0, 73, 1801457, 0] 82476
232 [189593, 1, 0, 0, 0, 24, 1801506, 0] 82476
233 [189593, 1, 0, 0, 0, 6, 1801524, 0] 82476
234 [189593, 1, 0, 0, 0, 1, 1801529, 0] 82476
235 [189593, 0, 0, 0, 0, 0, 1801531, 0] 82476
[189593, 0, 0, 0, 0, 0, 1801531, 0] 0.8687938850308642 82476
