1.05 1.8 207360 8 2073 960 192 0.9 1.0 120 False 0.7 1 12 7 0.03214285714285715 0.004166666666666667 10 0.005 10 1000
1 [2073599, 0, 1, 0, 0, 0, 0, 0, 0] 0 [1000, 0]
2 [2073599, 0, 1, 0, 0, 0, 0, 0, 0] 0 [1000, 0]
3 [2073599, 0, 1, 0, 0, 0, 0, 0, 0] 0 [1000, 0]
4 [2073599, 0, 1, 0, 0, 0, 0, 0, 0] 0 [1000, 0]
5 [2073599, 0, 1, 0, 0, 0, 0, 0, 0] 0 [1000, 0]
6 [2073599, 0, 1, 0, 0, 0, 0, 0, 0] 0 [1000, 0]
7 [2073599, 0, 1, 0, 0, 0, 0, 0, 0] 0 [1000, 0]
8 [2073599, 0, 1, 0, 0, 0, 0, 0, 0] 0 [1000, 0]
9 [2073598, 0, 0, 0, 0, 0, 1, 1, 1] 0 [1000, 0]
10 [2073598, 0, 1, 0, 0, 0, 1, 0, 1] 0 [1000, 0]
11 [2073598, 0, 1, 0, 0, 0, 1, 0, 1] 0 [1000, 0]
12 [2073598, 0, 1, 0, 0, 0, 1, 0, 1] 0 [1000, 0]
13 [2073597, 0, 1, 0, 0, 0, 1, 1, 1] 0 [1000, 0]
14 [2073597, 0, 2, 0, 0, 0, 1, 0, 1] 0 [1000, 0]
15 [2073596, 0, 2, 0, 0, 0, 1, 1, 1] 0 [1000, 0]
16 [2073595, 0, 3, 0, 0, 0, 1, 1, 1] 0 [1000, 0]
17 [2073594, 0, 4, 0, 0, 0, 1, 1, 1] 0 [1000, 0]
18 [2073591, 1, 3, 0, 0, 0, 2, 3, 2] 0 [1000, 0]
19 [2073590, 2, 5, 0, 0, 0, 2, 1, 2] 0 [1000, 0]
20 [2073589, 2, 6, 0, 0, 0, 2, 1, 2] 0 [1000, 0]
21 [2073588, 2, 7, 0, 0, 0, 2, 1, 2] 0 [1000, 0]
22 [2073583, 2, 7, 0, 0, 0, 3, 5, 8] 0 [1000, 0]
23 [2073580, 2, 12, 0, 0, 0, 3, 3, 8] 0 [1000, 0]
24 [2073576, 3, 13, 0, 0, 0, 4, 4, 12] 0 [1000, 0]
25 [2073573, 5, 14, 0, 0, 0, 5, 3, 17] 0 [1000, 0]
26 [2073567, 6, 16, 0, 0, 0, 5, 6, 17] 0 [1000, 0]
27 [2073562, 12, 14, 0, 0, 0, 7, 5, 19] 0 [1000, 0]
28 [2073558, 15, 15, 0, 0, 0, 8, 4, 21] 0 [1000, 0]
29 [2073551, 15, 18, 0, 0, 0, 9, 7, 23] 0 [1000, 0]
30 [2073541, 17, 22, 0, 0, 0, 10, 10, 27] 0 [1000, 0]
31 [2073532, 18, 25, 0, 0, 0, 16, 9, 39] 0 [1000, 0]
32 [2073526, 17, 31, 1, 0, 0, 19, 6, 44] 0 [1000, 0]
33 [2073513, 20, 32, 1, 0, 0, 21, 13, 47] 0 [1000, 0]
34 [2073496, 23, 40, 1, 0, 0, 23, 17, 53] 0 [1000, 0]
35 [2073487, 28, 51, 2, 0, 0, 23, 9, 53] 0 [1000, 0]
36 [2073473, 30, 56, 2, 0, 0, 25, 14, 55] 0 [1000, 0]
37 [2073455, 31, 64, 2, 0, 0, 30, 18, 66] 0 [1000, 0]
38 [2073435, 34, 72, 2, 0, 0, 37, 20, 83] 0 [1000, 0]
39 [2073407, 39, 78, 2, 0, 0, 46, 28, 98] 0 [1000, 0]
40 [2073377, 44, 89, 2, 0, 0, 58, 30, 119] 0 [1000, 0]
41 [2073347, 52, 105, 2, 0, 0, 64, 30, 135] 0 [999, 1]
42 [2073308, 66, 111, 2, 0, 0, 74, 39, 149] 0 [1000, 0]
43 [2073260, 71, 132, 2, 0, 0, 87, 48, 173] 0 [1000, 0]
44 [2073213, 81, 161, 1, 0, 1, 96, 47, 202] 0 [1000, 0]
45 [2073167, 94, 181, 2, 0, 1, 109, 46, 243] 0 [1000, 0]
46 [2073095, 107, 198, 1, 0, 2, 125, 72, 278] 0 [1000, 0]
47 [2073020, 125, 235, 1, 0, 2, 142, 75, 316] 0 [1000, 0]
48 [2072935, 138, 270, 3, 0, 2, 167, 85, 359] 0 [1000, 0]
49 [2072844, 167, 305, 2, 1, 2, 188, 91, 405] 1 [999, 1]
50 [2072734, 198, 346, 3, 0, 2, 206, 110, 433] 1 [1000, 0]
51 [2072608, 226, 391, 3, 0, 2, 243, 126, 521] 1 [1000, 0]
52 [2072465, 253, 449, 3, 0, 2, 284, 143, 607] 1 [1000, 0]
53 [2072289, 283, 522, 3, 0, 2, 324, 176, 684] 1 [1000, 0]
54 [2072117, 332, 607, 4, 0, 2, 365, 172, 769] 1 [998, 1]
55 [2071925, 373, 672, 6, 0, 1, 430, 192, 904] 1 [999, 0]
56 [2071667, 428, 750, 6, 0, 1, 489, 258, 1022] 1 [1000, 0]
57 [2071408, 481, 889, 6, 0, 0, 556, 259, 1166] 1 [1000, 0]
58 [2071089, 552, 1003, 8, 0, 0, 628, 319, 1289] 1 [1000, 0]
59 [2070756, 619, 1160, 8, 0, 2, 721, 333, 1471] 1 [999, 0]
60 [2070362, 704, 1292, 9, 0, 2, 836, 394, 1714] 1 [1000, 0]
61 [2069900, 800, 1463, 9, 0, 3, 962, 462, 1973] 1 [997, 1]
62 [2069395, 917, 1659, 12, 0, 3, 1108, 505, 2260] 1 [999, 1]
63 [2068808, 1049, 1876, 18, 0, 3, 1258, 587, 2572] 1 [999, 1]
64 [2068203, 1189, 2156, 21, 0, 3, 1422, 605, 2894] 1 [1000, 0]
65 [2067446, 1358, 2363, 27, 0, 4, 1644, 757, 3326] 1 [1000, 0]
66 [2066613, 1529, 2734, 32, 0, 6, 1852, 833, 3734] 1 [998, 1]
67 [2065646, 1716, 3085, 35, 1, 6, 2143, 967, 4309] 2 [999, 0]
68 [2064539, 1973, 3509, 42, 0, 6, 2422, 1107, 4881] 2 [995, 4]
69 [2063321, 2227, 4019, 48, 0, 8, 2757, 1218, 5555] 2 [998, 1]
70 [2061918, 2524, 4557, 53, 0, 8, 3135, 1403, 6302] 2 [997, 2]
71 [2060278, 2861, 5194, 59, 2, 9, 3555, 1640, 7150] 4 [999, 0]
72 [2058562, 3267, 5929, 65, 0, 8, 4049, 1716, 8107] 4 [997, 1]
73 [2056541, 3661, 6731, 78, 0, 11, 4553, 2021, 9124] 4 [995, 3]
74 [2054212, 4140, 7604, 86, 1, 17, 5207, 2329, 10427] 5 [994, 4]
75 [2051474, 4687, 8639, 102, 0, 20, 5935, 2738, 11922] 5 [995, 5]
76 [2048501, 5369, 9866, 114, 0, 26, 6746, 2973, 13579] 5 [992, 5]
77 [2045238, 6042, 11188, 132, 2, 30, 7700, 3263, 15416] 7 [995, 5]
78 [2041371, 6817, 12604, 157, 0, 34, 8743, 3867, 17453] 7 [991, 5]
79 [2037144, 7743, 14339, 181, 0, 41, 9918, 4227, 19791] 7 [993, 5]
80 [2032239, 8787, 16109, 203, 1, 46, 11303, 4905, 22529] 8 [988, 10]
81 [2026885, 9883, 18381, 228, 0, 51, 12810, 5354, 25593] 8 [987, 8]
82 [2020615, 11181, 20680, 256, 3, 58, 14529, 6270, 28976] 11 [984, 7]
83 [2013749, 12658, 23445, 307, 1, 63, 16500, 6866, 32851] 12 [986, 8]
84 [2006082, 14247, 26379, 345, 3, 75, 18790, 7667, 37271] 15 [983, 11]
85 [1997234, 16067, 29584, 395, 0, 84, 21373, 8848, 42328] 15 [980, 17]
86 [1987592, 18193, 33478, 445, 5, 99, 24131, 9642, 47572] 20 [972, 20]
87 [1976658, 20414, 37535, 525, 1, 109, 27404, 10934, 53838] 21 [983, 11]
88 [1964645, 22996, 42224, 572, 4, 129, 30996, 12013, 60722] 25 [971, 13]
89 [1950941, 25698, 47148, 643, 1, 154, 35286, 13704, 68885] 26 [978, 16]
90 [1936139, 28806, 53084, 744, 4, 175, 39820, 14802, 77339] 30 [960, 22]
91 [1919541, 32217, 59044, 810, 4, 195, 45161, 16598, 87486] 34 [966, 20]
92 [1901473, 35983, 65838, 893, 5, 218, 51088, 18068, 98441] 39 [954, 31]
93 [1881598, 39958, 73224, 1003, 6, 248, 57649, 19875, 110541] 45 [949, 33]
94 [1860111, 44431, 80961, 1105, 6, 295, 65159, 21487, 124310] 51 [946, 36]
95 [1837006, 49174, 89244, 1193, 5, 331, 73491, 23105, 139068] 56 [939, 36]
96 [1811531, 54141, 97809, 1309, 3, 377, 82899, 25475, 155606] 59 [930, 45]
97 [1784324, 59576, 107252, 1474, 5, 430, 93273, 27207, 173523] 64 [924, 49]
98 [1754987, 65323, 116598, 1597, 8, 507, 105179, 29337, 193854] 72 [907, 54]
99 [1723749, 71296, 126776, 1795, 8, 554, 118112, 31238, 215314] 80 [914, 49]
100 [1690364, 77720, 136973, 1953, 7, 618, 132500, 33385, 239251] 87 [919, 56]
101 [1655377, 84353, 147557, 2139, 3, 718, 148379, 34987, 264922] 90 [888, 76]
102 [1618257, 91120, 158115, 2358, 10, 784, 165746, 37120, 292258] 100 [901, 56]
103 [1579271, 97942, 169136, 2595, 13, 864, 184693, 38986, 321635] 113 [877, 67]
104 [1539067, 105033, 180209, 2843, 14, 950, 205167, 40204, 352816] 127 [879, 68]
105 [1497156, 111954, 190531, 3108, 16, 1029, 227768, 41911, 385940] 143 [860, 89]
106 [1454192, 118944, 200928, 3423, 30, 1073, 251903, 42964, 420599] 173 [846, 97]
107 [1409759, 125607, 210526, 3763, 28, 1113, 278198, 44433, 457795] 201 [848, 93]
108 [1364748, 132404, 219756, 4099, 36, 1157, 306188, 45011, 496338] 237 [847, 86]
109 [1318915, 138681, 228034, 4529, 37, 1167, 336167, 45833, 536341] 274 [801, 125]
110 [1272571, 144635, 235649, 4935, 48, 1188, 367956, 46344, 577732] 322 [833, 105]
111 [1226366, 150066, 242093, 5371, 53, 1177, 401947, 46205, 620644] 375 [805, 125]
112 [1179775, 154881, 247241, 5815, 61, 1144, 437717, 46591, 664950] 436 [804, 117]
113 [1133428, 159465, 251539, 6227, 70, 1144, 474944, 46347, 709504] 506 [812, 111]
114 [1087568, 163001, 254701, 6719, 66, 1121, 514058, 45860, 755237] 572 [805, 117]
115 [1042183, 165969, 256812, 7181, 103, 1070, 554325, 45385, 801299] 675 [804, 126]
116 [997734, 168464, 257512, 7653, 86, 1019, 596008, 44449, 847327] 761 [782, 138]
117 [953639, 170085, 256998, 8067, 108, 1002, 638845, 44095, 893859] 869 [781, 141]
118 [910830, 171370, 255695, 8568, 82, 948, 682429, 42809, 939997] 951 [798, 124]
119 [869259, 171652, 253151, 8998, 123, 919, 726976, 41571, 985777] 1074 [796, 129]
120 [829383, 171157, 249854, 9521, 106, 866, 771763, 39876, 1031109] 1180 [792, 117]
121 [790533, 169797, 245207, 10007, 125, 833, 817068, 38850, 1075568] 1305 [796, 115]
122 [752882, 167945, 239885, 10505, 134, 785, 862508, 37651, 1119070] 1439 [797, 114]
123 [717280, 165556, 233975, 10977, 142, 744, 907885, 35602, 1161474] 1581 [804, 113]
124 [683369, 162482, 227114, 11433, 130, 701, 952879, 33911, 1202811] 1711 [799, 105]
125 [651415, 158858, 219858, 11865, 142, 672, 997125, 31954, 1242076] 1853 [808, 107]
126 [621272, 154437, 211376, 12327, 167, 643, 1041382, 30143, 1281034] 2020 [802, 105]
127 [592607, 149784, 202488, 12702, 171, 598, 1084565, 28665, 1317483] 2191 [793, 109]
128 [566125, 144915, 193358, 13098, 165, 550, 1126716, 26482, 1352683] 2356 [812, 110]
129 [541371, 139347, 184066, 13445, 170, 541, 1167550, 24754, 1385894] 2526 [828, 92]
130 [518605, 133406, 174238, 13794, 160, 493, 1207612, 22766, 1417338] 2686 [849, 83]
131 [497592, 127251, 163709, 14064, 193, 473, 1246619, 21013, 1447284] 2879 [855, 75]
132 [478593, 120825, 153595, 14305, 184, 445, 1283775, 18999, 1475262] 3063 [853, 70]
133 [461264, 114163, 143122, 14546, 198, 441, 1319474, 17329, 1501368] 3261 [841, 72]
134 [445631, 107559, 132925, 14720, 184, 425, 1353262, 15633, 1525349] 3445 [860, 83]
135 [431586, 100824, 122784, 14867, 201, 419, 1385429, 14045, 1547474] 3646 [870, 69]
136 [418729, 93940, 112631, 14966, 218, 391, 1416222, 12857, 1568316] 3864 [890, 50]
137 [407541, 87237, 103131, 15006, 235, 389, 1445009, 11188, 1586857] 4099 [885, 51]
138 [397619, 80581, 93628, 15049, 242, 388, 1472072, 9922, 1603787] 4341 [909, 44]
139 [388650, 73990, 84830, 15093, 224, 391, 1497112, 8969, 1618937] 4565 [903, 47]
140 [380832, 67721, 76399, 15119, 210, 380, 1520556, 7818, 1632690] 4775 [907, 44]
141 [373934, 61540, 68519, 15155, 200, 372, 1542207, 6898, 1645262] 4975 [907, 38]
142 [367809, 55883, 61217, 15125, 207, 372, 1561887, 6125, 1656161] 5182 [933, 28]
143 [362408, 50490, 54594, 15062, 219, 371, 1579873, 5401, 1665834] 5401 [933, 33]
144 [357784, 45298, 48557, 14951, 244, 385, 1596356, 4624, 1674538] 5645 [939, 31]
145 [353758, 40556, 42790, 14890, 208, 371, 1611356, 4026, 1682016] 5853 [942, 26]
146 [350066, 36205, 37717, 14787, 207, 369, 1624704, 3692, 1688748] 6060 [950, 21]
147 [347044, 32180, 33323, 14649, 226, 374, 1636722, 3022, 1694448] 6286 [951, 20]
148 [344433, 28525, 29090, 14501, 229, 373, 1647552, 2611, 1699563] 6515 [960, 22]
149 [342066, 25222, 25439, 14327, 224, 382, 1657058, 2367, 1703922] 6739 [961, 13]
150 [340043, 22177, 22325, 14164, 217, 384, 1665528, 2023, 1707881] 6956 [966, 12]
151 [338389, 19552, 19438, 13973, 232, 399, 1673007, 1654, 1711207] 7188 [974, 10]
152 [336852, 17231, 16798, 13734, 257, 417, 1679586, 1537, 1714044] 7445 [969, 8]
153 [335571, 15133, 14590, 13530, 244, 419, 1685387, 1281, 1716515] 7689 [984, 4]
154 [334429, 13218, 12635, 13282, 241, 439, 1690525, 1142, 1718725] 7930 [984, 3]
155 [333430, 11527, 10826, 13032, 252, 434, 1695170, 999, 1720624] 8182 [977, 9]
156 [332597, 10039, 9458, 12794, 252, 450, 1698995, 833, 1722156] 8434 [977, 3]
157 [331897, 8714, 8240, 12551, 242, 452, 1702370, 700, 1723481] 8676 [986, 6]
158 [331291, 7569, 7078, 12289, 231, 470, 1705390, 606, 1724702] 8907 [983, 2]
159 [330748, 6569, 6081, 12045, 219, 485, 1708003, 543, 1725716] 9126 [981, 3]
160 [330284, 5667, 5337, 11757, 227, 521, 1710217, 464, 1726589] 9353 [980, 3]
161 [329839, 4889, 4626, 11486, 222, 552, 1712188, 445, 1727372] 9575 [991, 1]
162 [329483, 4226, 4068, 11176, 266, 574, 1713876, 356, 1728076] 9841 [989, 1]
163 [329184, 3652, 3524, 10900, 220, 601, 1715379, 299, 1728655] 10061 [991, 2]
164 [328930, 3190, 2991, 10606, 222, 645, 1716701, 254, 1729160] 10283 [988, 2]
165 [328702, 2761, 2601, 10308, 204, 692, 1717821, 228, 1729614] 10487 [983, 1]
166 [328491, 2350, 2248, 10023, 203, 748, 1718839, 211, 1730020] 10690 [991, 2]
167 [328347, 2016, 1971, 9709, 242, 791, 1719690, 144, 1730351] 10932 [984, 0]
168 [328204, 1709, 1691, 9414, 213, 839, 1720455, 143, 1730677] 11145 [984, 2]
169 [328075, 1482, 1460, 9127, 188, 889, 1721105, 129, 1730942] 11333 [990, 0]
170 [327966, 1251, 1240, 8817, 198, 952, 1721734, 109, 1731196] 11531 [988, 0]
171 [327863, 1106, 1065, 8484, 197, 1013, 1722238, 103, 1731398] 11728 [991, 0]
172 [327779, 978, 933, 8173, 190, 1072, 1722663, 84, 1731568] 11918 [991, 0]
173 [327698, 851, 820, 7828, 204, 1151, 1723049, 81, 1731718] 12122 [988, 0]
174 [327624, 747, 720, 7513, 162, 1234, 1723404, 74, 1731879] 12284 [988, 0]
175 [327576, 641, 624, 7182, 151, 1337, 1723757, 48, 1732051] 12435 [987, 1]
176 [327526, 554, 540, 6806, 171, 1444, 1724074, 50, 1732184] 12606 [990, 0]
177 [327488, 470, 467, 6417, 181, 1557, 1724376, 38, 1732345] 12787 [991, 0]
178 [327452, 413, 399, 6030, 136, 1725, 1724622, 36, 1732452] 12923 [991, 1]
179 [327419, 351, 353, 5617, 158, 1890, 1724856, 33, 1732573] 13081 [985, 0]
180 [327389, 299, 321, 5202, 142, 2061, 1725075, 30, 1732681] 13223 [990, 0]
181 [327361, 276, 277, 4806, 120, 2219, 1725290, 28, 1732805] 13343 [995, 0]
182 [327339, 250, 238, 4384, 107, 2394, 1725523, 22, 1732930] 13450 [986, 0]
183 [327323, 224, 196, 3957, 94, 2603, 1725737, 16, 1733048] 13544 [992, 0]
184 [327306, 194, 179, 3483, 74, 2860, 1725943, 17, 1733164] 13618 [991, 0]
185 [327295, 159, 158, 3027, 70, 3088, 1726174, 11, 1733318] 13688 [994, 0]
186 [327282, 141, 140, 2510, 57, 3369, 1726400, 13, 1733465] 13745 [993, 0]
187 [327275, 119, 123, 1997, 41, 3636, 1726657, 7, 1733603] 13786 [987, 0]
188 [327264, 104, 99, 1462, 20, 3944, 1726910, 11, 1733766] 13806 [988, 0]
189 [327257, 87, 84, 963, 2, 4191, 1727203, 7, 1733942] 13808 [995, 0]
190 [327251, 73, 71, 531, 1, 4365, 1727494, 6, 1734140] 13809 [990, 0]
191 [327246, 64, 61, 288, 2, 4332, 1727793, 5, 1734292] 13811 [992, 0]
192 [327242, 56, 55, 126, 0, 4217, 1728089, 4, 1734454] 13811 [990, 0]
193 [327237, 54, 46, 52, 0, 3976, 1728419, 5, 1734673] 13811 [993, 0]
194 [327232, 50, 38, 22, 0, 3672, 1728770, 5, 1734853] 13811 [992, 0]
195 [327228, 41, 32, 10, 0, 3284, 1729190, 4, 1735080] 13811 [991, 0]
196 [327226, 35, 31, 4, 0, 2904, 1729587, 2, 1735311] 13811 [988, 0]
197 [327225, 29, 26, 3, 0, 2444, 1730061, 1, 1735552] 13811 [992, 0]
198 [327224, 24, 22, 2, 0, 1972, 1730544, 1, 1735812] 13811 [995, 0]
199 [327222, 23, 18, 1, 0, 1457, 1731066, 2, 1736097] 13811 [988, 0]
200 [327221, 21, 15, 0, 0, 960, 1731571, 1, 1736407] 13811 [993, 0]
201 [327221, 19, 13, 0, 0, 529, 1732007, 0, 1736614] 13811 [995, 0]
202 [327219, 15, 11, 0, 0, 288, 1732254, 2, 1736727] 13811 [989, 0]
203 [327216, 12, 9, 0, 0, 126, 1732423, 3, 1736805] 13811 [988, 0]
204 [327214, 11, 9, 0, 0, 52, 1732501, 2, 1736838] 13811 [995, 0]
205 [327214, 10, 8, 1, 0, 22, 1732534, 0, 1736846] 13811 [994, 0]
206 [327213, 8, 8, 1, 0, 10, 1732548, 1, 1736849] 13811 [998, 0]
207 [327213, 6, 8, 1, 0, 4, 1732557, 0, 1736855] 13811 [998, 0]
208 [327212, 5, 7, 1, 0, 3, 1732560, 1, 1736856] 13811 [995, 0]
209 [327211, 4, 8, 1, 0, 2, 1732562, 1, 1736858] 13811 [997, 0]
210 [327211, 4, 9, 1, 0, 1, 1732563, 0, 1736858] 13811 [991, 0]
211 [327211, 3, 7, 1, 0, 0, 1732567, 0, 1736859] 13811 [990, 0]
212 [327211, 3, 4, 1, 0, 0, 1732570, 0, 1736859] 13811 [995, 0]
213 [327210, 2, 3, 1, 0, 0, 1732572, 1, 1736861] 13811 [990, 0]
214 [327210, 1, 4, 1, 0, 0, 1732573, 0, 1736861] 13811 [996, 0]
215 [327210, 1, 3, 1, 0, 0, 1732574, 0, 1736861] 13811 [997, 0]
216 [327210, 1, 3, 1, 0, 0, 1732574, 0, 1736861] 13811 [997, 0]
217 [327210, 1, 2, 0, 0, 1, 1732575, 0, 1736861] 13811 [993, 0]
218 [327210, 0, 1, 0, 0, 1, 1732577, 0, 1736862] 13811 [995, 0]
219 [327210, 0, 1, 0, 0, 1, 1732577, 0, 1736862] 13811 [995, 0]
220 [327210, 0, 1, 0, 0, 1, 1732577, 0, 1736862] 13811 [994, 0]
221 [327209, 0, 1, 0, 0, 1, 1732577, 1, 1736862] 13811 [994, 0]
222 [327209, 0, 1, 0, 0, 1, 1732578, 0, 1736863] 13811 [989, 0]
223 [327209, 0, 1, 0, 0, 1, 1732578, 0, 1736863] 13811 [996, 0]
224 [327209, 0, 1, 0, 0, 1, 1732578, 0, 1736863] 13811 [993, 0]
225 [327209, 0, 1, 0, 0, 1, 1732578, 0, 1736863] 13811 [997, 0]
226 [327209, 0, 1, 0, 0, 1, 1732578, 0, 1736863] 13811 [990, 0]
227 [327209, 0, 1, 0, 0, 1, 1732578, 0, 1736863] 13811 [994, 0]
228 [327209, 0, 1, 0, 0, 0, 1732579, 0, 1736863] 13811 [987, 0]
229 [327209, 0, 1, 0, 0, 0, 1732579, 0, 1736863] 13811 [994, 0]
230 [327209, 0, 0, 0, 0, 0, 1732580, 0, 1736863] 13811 [992, 0]
[327209, 0, 0, 0, 0, 0, 1732580, 0, 1736863] 0.8355420524691358 13811
1033480 1221860
