1.07 2.8 207360 8 2073 960 192 0.9 0.9 0.9 0 120 False 0.7 5 7 7 0.049999999999999996 0.0071428571428571435 10 0.005 10 False 1000 0.05
1 [2073599, 0, 0, 0, 0, 0, 0, 1, 0] 0 [0, 0, 0, 0, 0] 0 
2 [2073599, 0, 0, 0, 0, 0, 0, 1, 0] 0 [0, 0, 0, 0, 0] 0 
3 [2073599, 0, 0, 0, 0, 0, 0, 1, 0] 0 [0, 0, 0, 0, 0] 0 
4 [2073599, 0, 0, 0, 0, 0, 0, 1, 0] 0 [0, 0, 0, 0, 0] 0 
5 [2073599, 0, 1, 0, 0, 0, 0, 0, 0] 0 [0, 0, 0, 0, 0] 0 
6 [2073599, 0, 1, 0, 0, 0, 0, 0, 0] 0 [0, 0, 0, 0, 0] 0 
7 [2073599, 0, 1, 0, 0, 0, 0, 0, 0] 0 [0, 0, 0, 0, 0] 0 
8 [2073599, 0, 1, 0, 0, 0, 0, 0, 0] 0 [0, 0, 0, 0, 0] 0 
9 [2073599, 0, 1, 0, 0, 0, 0, 0, 0] 0 [0, 0, 0, 0, 0] 0 
10 [2073599, 0, 1, 0, 0, 0, 0, 0, 0] 0 [0, 0, 0, 0, 0] 0 
11 [2073598, 0, 1, 0, 0, 0, 0, 1, 0] 0 [0, 0, 0, 0, 0] 0 
12 [2073598, 0, 1, 0, 0, 0, 0, 1, 0] 0 [0, 0, 0, 0, 0] 0 
13 [2073598, 0, 0, 0, 0, 0, 1, 1, 1] 0 [0, 0, 0, 0, 0] 0 
14 [2073598, 0, 0, 0, 0, 0, 1, 1, 1] 0 [0, 0, 0, 0, 0] 0 
15 [2073598, 0, 0, 0, 0, 0, 1, 1, 1] 0 [0, 0, 0, 0, 0] 0 
16 [2073598, 0, 1, 0, 0, 0, 1, 0, 1] 0 [0, 0, 0, 0, 0] 0 
17 [2073598, 0, 1, 0, 0, 0, 1, 0, 1] 0 [0, 0, 0, 0, 0] 0 
18 [2073598, 0, 1, 0, 0, 0, 1, 0, 1] 0 [0, 0, 0, 0, 0] 0 
19 [2073597, 0, 1, 0, 0, 0, 1, 1, 1] 0 [0, 0, 0, 0, 0] 0 
20 [2073597, 0, 1, 0, 0, 0, 1, 1, 1] 0 [0, 0, 0, 0, 0] 0 
21 [2073597, 0, 1, 0, 0, 0, 1, 1, 1] 0 [0, 0, 0, 0, 0] 0 
22 [2073596, 0, 1, 0, 0, 0, 1, 2, 1] 0 [0, 0, 0, 0, 0] 0 
23 [2073595, 0, 1, 0, 0, 0, 1, 3, 1] 0 [0, 0, 0, 0, 0] 0 
24 [2073595, 0, 1, 0, 0, 0, 2, 2, 4] 0 [0, 0, 0, 0, 0] 0 
25 [2073595, 0, 1, 0, 0, 0, 2, 2, 4] 0 [0, 0, 0, 0, 0] 0 
26 [2073595, 0, 1, 0, 0, 0, 2, 2, 4] 0 [0, 0, 0, 0, 0] 0 
27 [2073595, 1, 1, 0, 0, 0, 2, 1, 4] 0 [0, 0, 0, 0, 0] 0 
28 [2073595, 1, 2, 0, 0, 0, 2, 0, 4] 0 [0, 0, 0, 0, 0] 0 
29 [2073593, 1, 2, 0, 0, 0, 2, 2, 4] 0 [0, 0, 0, 0, 0] 0 
30 [2073592, 1, 2, 0, 0, 0, 2, 3, 4] 0 [0, 0, 0, 0, 0] 0 
31 [2073591, 1, 2, 0, 0, 0, 2, 4, 4] 0 [0, 0, 0, 0, 0] 0 
32 [2073587, 1, 1, 0, 0, 0, 3, 8, 7] 0 [0, 0, 0, 0, 0] 0 
33 [2073587, 1, 1, 0, 0, 0, 3, 8, 7] 0 [0, 0, 0, 0, 0] 0 
34 [2073587, 1, 3, 0, 0, 0, 3, 6, 7] 0 [0, 0, 0, 0, 0] 0 
35 [2073586, 0, 4, 0, 0, 0, 4, 6, 9] 0 [0, 0, 0, 0, 0] 0 
36 [2073584, 1, 3, 0, 0, 0, 5, 7, 13] 0 [0, 0, 0, 0, 0] 0 
37 [2073582, 1, 7, 0, 0, 0, 5, 5, 13] 0 [0, 0, 0, 0, 0] 0 
38 [2073580, 1, 7, 0, 0, 0, 5, 7, 13] 0 [0, 0, 0, 0, 0] 0 
39 [2073576, 1, 7, 0, 0, 0, 5, 11, 13] 0 [0, 0, 0, 0, 0] 0 
40 [2073575, 1, 8, 0, 0, 0, 5, 11, 13] 0 [0, 0, 0, 0, 0] 0 
41 [2073573, 3, 8, 0, 0, 0, 5, 11, 13] 0 [0, 0, 0, 0, 0] 0 
42 [2073569, 4, 7, 0, 0, 0, 7, 13, 19] 0 [0, 0, 0, 0, 0] 0 
43 [2073565, 3, 8, 1, 0, 0, 8, 15, 22] 0 [0, 0, 0, 0, 0] 0 
44 [2073562, 2, 12, 1, 0, 0, 9, 14, 24] 0 [0, 0, 0, 0, 0] 0 
45 [2073557, 2, 9, 1, 0, 0, 13, 18, 30] 0 [0, 0, 0, 0, 0] 0 
46 [2073553, 2, 11, 1, 0, 0, 13, 20, 30] 0 [0, 0, 0, 0, 0] 0 
47 [2073550, 3, 14, 1, 0, 0, 13, 19, 30] 0 [0, 0, 0, 0, 0] 0 
48 [2073543, 5, 15, 1, 0, 0, 14, 22, 35] 0 [0, 0, 0, 0, 0] 0 
49 [2073536, 5, 17, 1, 0, 0, 15, 26, 38] 0 [0, 0, 0, 0, 0] 0 
50 [2073526, 6, 19, 1, 0, 0, 17, 31, 47] 0 [0, 0, 0, 0, 0] 0 
51 [2073518, 6, 21, 1, 0, 0, 19, 35, 50] 0 [0, 0, 0, 0, 0] 0 
52 [2073508, 7, 19, 1, 0, 0, 23, 42, 59] 0 [0, 0, 0, 0, 0] 0 
53 [2073497, 8, 24, 1, 0, 0, 24, 46, 62] 0 [0, 0, 0, 0, 0] 0 
54 [2073480, 9, 28, 1, 0, 0, 26, 56, 66] 0 [0, 0, 0, 0, 0] 0 
55 [2073466, 12, 31, 0, 0, 1, 30, 60, 81] 0 [0, 0, 0, 0, 0] 0 
56 [2073456, 12, 35, 0, 0, 1, 34, 62, 93] 0 [0, 0, 0, 0, 0] 0 
57 [2073436, 12, 42, 0, 0, 1, 37, 72, 102] 0 [0, 0, 0, 0, 0] 0 
58 [2073414, 14, 46, 0, 0, 1, 42, 83, 115] 0 [0, 0, 0, 0, 0] 0 
59 [2073403, 21, 52, 0, 0, 1, 46, 77, 125] 0 [0, 0, 0, 0, 0] 0 
60 [2073385, 27, 57, 0, 0, 1, 49, 81, 139] 0 [0, 0, 0, 0, 0] 0 
61 [2073356, 28, 59, 0, 0, 1, 56, 100, 159] 0 [0, 0, 0, 0, 0] 0 
62 [2073319, 32, 68, 0, 0, 1, 63, 117, 180] 0 [0, 0, 0, 0, 0] 0 
63 [2073284, 36, 76, 0, 0, 1, 73, 130, 204] 0 [1, 0, 0, 0, 0] 0 
64 [2073257, 35, 79, 1, 0, 1, 81, 146, 224] 0 [1, 0, 0, 0, 0] 0 
65 [2073208, 38, 84, 1, 0, 1, 91, 177, 252] 0 [1, 0, 0, 0, 0] 0 
66 [2073155, 40, 99, 2, 0, 0, 103, 201, 284] 0 [1, 0, 0, 0, 0] 0 
67 [2073096, 40, 118, 3, 0, 0, 120, 223, 326] 0 [2, 0, 0, 0, 0] 0 
68 [2073039, 46, 134, 3, 0, 0, 133, 245, 353] 0 [2, 0, 0, 0, 0] 0 
69 [2072972, 47, 150, 3, 0, 0, 143, 285, 379] 0 [2, 0, 0, 0, 0] 0 
70 [2072913, 54, 171, 4, 0, 0, 163, 295, 445] 0 [3, 0, 0, 0, 0] 0 
71 [2072830, 55, 201, 5, 0, 0, 184, 325, 518] 0 [2, 0, 0, 0, 1] 0 
72 [2072730, 72, 232, 5, 0, 0, 195, 366, 562] 0 [3, 0, 0, 0, 1] 0 
73 [2072616, 84, 259, 5, 0, 0, 213, 423, 612] 0 [4, 0, 0, 0, 1] 0 
74 [2072497, 96, 286, 5, 0, 0, 241, 475, 695] 0 [6, 0, 0, 0, 1] 0 
75 [2072364, 104, 300, 6, 0, 0, 277, 549, 788] 0 [6, 0, 0, 0, 2] 0 
76 [2072218, 116, 336, 5, 0, 1, 312, 612, 886] 0 [8, 0, 0, 0, 2] 0 
77 [2072057, 135, 390, 4, 0, 2, 339, 673, 956] 0 [8, 0, 0, 0, 2] 0 
78 [2071879, 159, 429, 6, 0, 3, 387, 737, 1087] 0 [9, 1, 0, 0, 3] 0 
79 [2071658, 191, 463, 6, 0, 3, 440, 839, 1251] 0 [11, 1, 0, 0, 3] 0 
80 [2071399, 216, 512, 8, 0, 3, 497, 965, 1423] 0 [14, 1, 0, 0, 5] 0 
81 [2071147, 234, 579, 11, 0, 4, 554, 1071, 1581] 0 [15, 1, 0, 0, 6] 0 
82 [2070861, 269, 640, 10, 0, 5, 619, 1196, 1770] 0 [16, 1, 0, 0, 8] 0 
83 [2070554, 311, 716, 12, 0, 5, 677, 1325, 1937] 0 [19, 1, 0, 0, 9] 0 
84 [2070157, 360, 801, 16, 0, 5, 760, 1501, 2179] 0 [25, 1, 0, 0, 11] 0 
85 [2069702, 407, 913, 17, 0, 5, 859, 1697, 2459] 0 [36, 1, 0, 0, 11] 0 
86 [2069221, 450, 1009, 19, 0, 6, 969, 1926, 2744] 0 [41, 1, 0, 0, 14] 0 
87 [2068668, 503, 1121, 22, 1, 5, 1087, 2193, 3098] 1 [45, 1, 0, 0, 17] 0 
88 [2068055, 564, 1237, 23, 0, 4, 1217, 2499, 3466] 1 [51, 2, 0, 0, 23] 0 
89 [2067395, 645, 1406, 23, 0, 6, 1362, 2762, 3915] 1 [57, 1, 0, 1, 26] 0 
90 [2066664, 706, 1635, 28, 0, 6, 1522, 3038, 4414] 1 [64, 3, 0, 1, 32] 0 
91 [2065821, 792, 1846, 35, 0, 8, 1697, 3400, 4944] 1 [77, 4, 0, 1, 36] 0 
92 [2064847, 884, 2086, 34, 0, 11, 1916, 3821, 5593] 1 [81, 5, 0, 1, 43] 0 
93 [2063775, 986, 2332, 43, 0, 10, 2173, 4280, 6332] 1 [86, 6, 0, 1, 58] 0 
94 [2062578, 1101, 2623, 46, 0, 12, 2422, 4817, 7066] 1 [98, 6, 0, 1, 71] 0 
95 [2061229, 1216, 2950, 50, 0, 16, 2703, 5435, 7873] 1 [112, 6, 0, 1, 78] 0 
96 [2059742, 1373, 3325, 59, 1, 17, 3003, 6079, 8717] 2 [122, 6, 0, 1, 92] 0 
97 [2058090, 1540, 3729, 69, 0, 18, 3395, 6757, 9848] 2 [146, 6, 0, 1, 103] 0 
98 [2056219, 1722, 4167, 71, 0, 21, 3842, 7556, 11098] 2 [160, 7, 0, 1, 127] 0 
99 [2054118, 1907, 4694, 79, 1, 22, 4317, 8460, 12395] 3 [167, 7, 0, 2, 155] 0 
100 [2051736, 2132, 5266, 86, 0, 22, 4862, 9493, 13967] 3 [189, 7, 0, 1, 178] 0 
101 [2049099, 2409, 5856, 94, 1, 27, 5468, 10643, 15706] 4 [207, 8, 0, 3, 209] 0 
102 [2046151, 2694, 6561, 99, 1, 34, 6117, 11939, 17545] 5 [241, 10, 0, 4, 248] 0 
103 [2042795, 3029, 7362, 109, 0, 33, 6843, 13424, 19510] 5 [278, 9, 0, 5, 292] 0 
104 [2039074, 3361, 8274, 126, 0, 42, 7674, 15044, 21871] 5 [325, 12, 0, 6, 331] 0 
105 [2034870, 3788, 9247, 143, 1, 44, 8636, 16866, 24616] 6 [357, 14, 0, 6, 393] 0 
106 [2030381, 4286, 10305, 159, 0, 48, 9697, 18718, 27637] 6 [413, 15, 0, 6, 460] 0 
107 [2025223, 4780, 11546, 175, 0, 58, 10884, 20928, 31029] 6 [485, 18, 0, 6, 521] 0 
108 [2019575, 5374, 12953, 193, 2, 68, 12209, 23220, 34771] 8 [554, 21, 0, 6, 597] 0 
109 [2013121, 6011, 14541, 221, 1, 70, 13674, 25953, 38925] 9 [638, 24, 0, 7, 688] 0 
110 [2006088, 6755, 16321, 265, 0, 77, 15303, 28782, 43554] 9 [724, 25, 0, 7, 805] 0 
111 [1998116, 7596, 18091, 288, 0, 84, 17151, 32265, 48721] 9 [837, 27, 0, 7, 928] 0 
112 [1989205, 8460, 20245, 333, 3, 92, 19235, 36018, 54404] 12 [933, 29, 0, 8, 1065] 0 
113 [1979650, 9446, 22517, 357, 7, 97, 21589, 39925, 60874] 19 [1056, 31, 0, 10, 1218] 0 
114 [1968887, 10564, 25198, 396, 1, 106, 24195, 44234, 67942] 20 [1196, 38, 0, 9, 1402] 0 
115 [1957065, 11825, 28002, 434, 3, 121, 27107, 49023, 75932] 23 [1333, 42, 0, 12, 1621] 0 
116 [1944032, 13139, 31271, 488, 4, 138, 30421, 54084, 84861] 27 [1483, 53, 0, 14, 1843] 0 
117 [1929606, 14732, 34826, 554, 2, 152, 34102, 59599, 94564] 29 [1676, 65, 1, 15, 2122] 1 
118 [1913470, 16313, 38579, 606, 8, 165, 38250, 66180, 105426] 37 [1870, 73, 2, 18, 2442] 3 
119 [1895950, 18058, 43051, 684, 8, 182, 42693, 72937, 116978] 45 [2075, 92, 1, 21, 2809] 4 
120 [1876733, 20051, 47703, 741, 5, 209, 47781, 80332, 130263] 50 [2326, 96, 1, 24, 3219] 5 
121 [1855701, 22199, 52913, 799, 4, 248, 53355, 88331, 144630] 54 [2659, 104, 0, 25, 3668] 5 
122 [1832877, 24572, 58478, 896, 10, 269, 59715, 96729, 160714] 64 [3029, 117, 2, 27, 4171] 7 
123 [1807846, 27260, 64824, 984, 8, 311, 66679, 105624, 178153] 72 [3390, 123, 3, 29, 4775] 10 
124 [1780631, 30089, 71464, 1110, 6, 338, 74571, 115319, 197701] 78 [3815, 135, 0, 31, 5434] 10 
125 [1751112, 33048, 78745, 1250, 11, 373, 83362, 125621, 219230] 89 [4252, 151, 0, 36, 6207] 10 
126 [1719604, 36462, 86719, 1398, 6, 408, 92817, 136097, 241819] 95 [4688, 170, 1, 39, 7048] 11 
127 [1685731, 40112, 95004, 1587, 10, 458, 103457, 147146, 266893] 105 [5194, 211, 1, 47, 8019] 12 
128 [1649520, 44060, 104212, 1713, 10, 521, 115133, 158326, 293797] 115 [5832, 225, 1, 60, 9076] 13 
129 [1611078, 48154, 114193, 1929, 9, 575, 127994, 169553, 322922] 124 [6421, 240, 1, 70, 10311] 14 
130 [1569506, 52608, 124706, 2150, 9, 648, 142243, 181606, 354299] 133 [7065, 259, 0, 89, 11672] 14 
131 [1526031, 57086, 135512, 2396, 16, 702, 158151, 193573, 388432] 149 [7780, 301, 0, 92, 13186] 14 
132 [1480394, 61823, 147041, 2634, 17, 751, 175454, 205337, 424549] 166 [8507, 331, 3, 98, 14857] 17 
133 [1432269, 66734, 159008, 2876, 33, 836, 194427, 217251, 463327] 199 [9286, 367, 2, 107, 16786] 19 
134 [1382445, 71813, 171232, 3172, 34, 888, 215184, 228633, 504281] 233 [10148, 410, 3, 113, 18797] 22 
135 [1330696, 77266, 184345, 3481, 54, 954, 237761, 238810, 547209] 287 [11058, 458, 9, 120, 21167] 31 
136 [1276908, 82793, 197163, 3802, 55, 1013, 262456, 249123, 592927] 342 [11930, 516, 11, 124, 23800] 42 
137 [1222071, 88292, 209943, 4159, 63, 1060, 289347, 258323, 640896] 405 [12995, 565, 7, 128, 26591] 49 
138 [1166292, 93479, 223243, 4553, 79, 1096, 318476, 265977, 690833] 484 [13853, 643, 5, 129, 29696] 54 
139 [1109308, 98912, 235947, 5016, 79, 1081, 349636, 273137, 742532] 563 [14765, 695, 9, 130, 33104] 63 
140 [1052046, 104229, 248333, 5492, 101, 1099, 383087, 278650, 795758] 664 [15673, 778, 12, 131, 36768] 75 
141 [994983, 109325, 260616, 6032, 112, 1071, 418872, 281925, 850430] 776 [16613, 873, 14, 119, 40804] 89 
142 [938383, 113958, 272187, 6611, 111, 1052, 456834, 283688, 905570] 887 [17444, 961, 13, 120, 45096] 102 
143 [881449, 117939, 282335, 7144, 132, 1021, 497850, 284843, 962730] 1019 [18141, 1050, 14, 123, 49856] 116 
144 [825956, 121705, 291977, 7701, 157, 964, 540769, 283352, 1019744] 1176 [18787, 1124, 27, 118, 54761] 143 
145 [771898, 125079, 300166, 8273, 149, 909, 585802, 280148, 1076591] 1325 [19395, 1207, 15, 115, 60158] 158 
146 [720049, 127970, 306106, 8839, 173, 852, 633352, 274934, 1133543] 1498 [19958, 1289, 34, 109, 65813] 192 
147 [670173, 129728, 311067, 9456, 171, 796, 682501, 268210, 1189730] 1669 [20431, 1386, 31, 105, 71659] 223 
148 [622217, 131113, 314780, 10116, 187, 727, 733559, 259232, 1244769] 1856 [20816, 1499, 20, 97, 77909] 243 
149 [576304, 131888, 315690, 10671, 228, 653, 786658, 249652, 1298683] 2084 [21062, 1559, 39, 93, 84319] 282 
150 [533442, 131509, 315229, 11322, 192, 628, 840738, 238456, 1351191] 2276 [21106, 1679, 26, 80, 91005] 308 
151 [493187, 130537, 312253, 11897, 261, 567, 895760, 226862, 1401075] 2537 [21057, 1781, 36, 71, 97945] 344 
152 [455266, 128500, 307179, 12463, 228, 525, 951995, 214907, 1449209] 2765 [20914, 1878, 27, 66, 104974] 371 
153 [420648, 125714, 300717, 13018, 221, 484, 1008464, 201569, 1494594] 2986 [20610, 1977, 28, 60, 112338] 399 
154 [388938, 122461, 293014, 13484, 234, 440, 1064677, 187366, 1536971] 3220 [20203, 2053, 29, 51, 119663] 428 
155 [359783, 118419, 283392, 13947, 286, 406, 1120488, 173659, 1576787] 3506 [19634, 2135, 48, 48, 126940] 476 
156 [332898, 113491, 271751, 14407, 277, 378, 1176603, 160289, 1614864] 3783 [18880, 2225, 38, 45, 134328] 514 
157 [308857, 108098, 259756, 14728, 302, 350, 1231317, 146409, 1649231] 4085 [18111, 2295, 46, 43, 141472] 560 
158 [287356, 102549, 245992, 15036, 321, 320, 1284649, 133292, 1681261] 4406 [17406, 2335, 55, 40, 148562] 615 
159 [268110, 96512, 232000, 15292, 336, 310, 1335806, 120828, 1709841] 4742 [16533, 2378, 57, 44, 155429] 672 
160 [251020, 90532, 217405, 15574, 309, 295, 1384960, 108763, 1735844] 5051 [15609, 2421, 50, 38, 162070] 722 
161 [235830, 84283, 202652, 15812, 311, 269, 1432324, 97068, 1759455] 5362 [14598, 2471, 38, 43, 168658] 760 
162 [222476, 77906, 187294, 16001, 311, 251, 1477618, 86381, 1780913] 5673 [13626, 2506, 51, 41, 174872] 811 
163 [210645, 71602, 172378, 16158, 311, 239, 1519883, 76711, 1799793] 5984 [12608, 2542, 47, 36, 180721] 858 
164 [200573, 65578, 157620, 16197, 329, 229, 1559553, 67537, 1816194] 6313 [11638, 2559, 55, 35, 186258] 913 
165 [191658, 59479, 142999, 16261, 340, 226, 1596962, 59362, 1831005] 6653 [10581, 2586, 52, 37, 191562] 965 
166 [183900, 53940, 129281, 16298, 341, 217, 1631040, 51930, 1843980] 6994 [9564, 2599, 48, 36, 196508] 1013 
167 [177069, 48416, 116615, 16204, 383, 209, 1662303, 45407, 1855275] 7377 [8641, 2593, 50, 32, 201077] 1063 
168 [171366, 43299, 104565, 16106, 366, 206, 1691036, 39279, 1865010] 7743 [7826, 2564, 60, 32, 205270] 1123 
169 [166323, 38329, 92834, 16002, 353, 202, 1717564, 34250, 1873616] 8096 [6965, 2542, 57, 33, 209205] 1180 
170 [162099, 33926, 82220, 15860, 370, 187, 1741283, 29559, 1881051] 8466 [6195, 2524, 63, 28, 212677] 1243 
171 [158509, 30132, 72399, 15669, 385, 178, 1762471, 25391, 1887275] 8851 [5560, 2491, 68, 27, 215826] 1311 
172 [155427, 26539, 63696, 15471, 349, 178, 1781447, 21642, 1892731] 9200 [4922, 2443, 69, 21, 218649] 1380 
173 [152830, 23193, 55745, 15247, 380, 174, 1798295, 18536, 1897438] 9580 [4361, 2415, 54, 19, 221187] 1434 
174 [150521, 20114, 48755, 15038, 335, 171, 1813284, 15802, 1901433] 9915 [3862, 2379, 54, 22, 223438] 1488 
175 [148615, 17578, 42252, 14794, 339, 169, 1826454, 13484, 1904715] 10254 [3393, 2349, 45, 23, 225501] 1533 
176 [147017, 15202, 36510, 14498, 366, 170, 1838091, 11492, 1907577] 10620 [2920, 2305, 67, 20, 227354] 1600 
177 [145651, 13217, 31531, 14247, 328, 171, 1848059, 9776, 1909927] 10948 [2566, 2268, 49, 20, 228935] 1649 
178 [144472, 11316, 27172, 13932, 365, 168, 1856869, 8358, 1911978] 11313 [2201, 2234, 49, 20, 230297] 1698 
179 [143475, 9667, 23430, 13620, 346, 170, 1864533, 7046, 1913750] 11659 [1865, 2187, 59, 16, 231496] 1757 
180 [142596, 8248, 19972, 13268, 391, 174, 1871273, 6019, 1915279] 12050 [1613, 2138, 53, 16, 232544] 1810 
181 [141909, 7093, 17056, 12900, 389, 185, 1876910, 5108, 1916514] 12439 [1359, 2079, 60, 19, 233462] 1870 
182 [141314, 6052, 14435, 12573, 356, 199, 1881895, 4337, 1917608] 12795 [1152, 2027, 60, 22, 234297] 1930 
183 [140814, 5179, 12283, 12246, 340, 202, 1886083, 3658, 1918434] 13135 [988, 1986, 46, 23, 234980] 1976 
184 [140375, 4433, 10461, 11900, 347, 213, 1889636, 3100, 1919146] 13482 [856, 1937, 52, 24, 235566] 2028 
185 [140011, 3796, 8913, 11541, 357, 224, 1892691, 2585, 1919765] 13839 [731, 1877, 61, 25, 236075] 2089 
186 [139723, 3217, 7602, 11178, 352, 242, 1895261, 2186, 1920267] 14191 [644, 1813, 67, 24, 236473] 2156 
187 [139465, 2711, 6410, 10854, 317, 253, 1897550, 1849, 1920755] 14508 [548, 1767, 48, 27, 236854] 2204 
188 [139223, 2303, 5424, 10517, 317, 274, 1899443, 1591, 1921173] 14825 [471, 1721, 48, 27, 237187] 2252 
189 [139050, 1985, 4594, 10149, 333, 307, 1901032, 1325, 1921478] 15158 [424, 1654, 61, 34, 237434] 2313 
190 [138902, 1645, 3944, 9802, 316, 329, 1902395, 1109, 1921734] 15474 [347, 1601, 48, 42, 237679] 2361 
191 [138760, 1387, 3318, 9439, 319, 366, 1903574, 963, 1921968] 15793 [289, 1535, 56, 50, 237895] 2417 
192 [138641, 1152, 2816, 9127, 264, 400, 1904583, 824, 1922177] 16057 [237, 1490, 41, 52, 238071] 2458 
193 [138548, 973, 2364, 8741, 327, 441, 1905474, 675, 1922351] 16384 [201, 1431, 49, 59, 238219] 2507 
194 [138452, 849, 1988, 8392, 296, 475, 1906166, 598, 1922522] 16680 [170, 1381, 43, 65, 238338] 2550 
195 [138377, 733, 1664, 8033, 300, 512, 1906776, 525, 1922661] 16980 [146, 1322, 53, 71, 238440] 2603 
196 [138311, 627, 1417, 7690, 276, 554, 1907296, 449, 1922777] 17256 [128, 1276, 36, 78, 238516] 2639 
197 [138245, 524, 1201, 7334, 276, 604, 1907764, 396, 1922897] 17532 [104, 1210, 49, 94, 238592] 2688 
198 [138212, 453, 1003, 7010, 240, 660, 1908154, 336, 1922988] 17772 [92, 1148, 51, 102, 238648] 2739 
199 [138175, 387, 875, 6645, 271, 721, 1908477, 277, 1923070] 18043 [75, 1084, 46, 120, 238702] 2785 
200 [138148, 328, 747, 6277, 236, 811, 1908781, 229, 1923137] 18279 [64, 1024, 38, 134, 238761] 2823 
201 [138126, 271, 633, 5945, 209, 892, 1909060, 185, 1923220] 18488 [57, 964, 35, 151, 238807] 2858 
202 [138108, 226, 572, 5574, 216, 992, 1909287, 137, 1923292] 18704 [46, 902, 36, 166, 238851] 2894 
203 [138091, 191, 493, 5180, 200, 1130, 1909490, 121, 1923348] 18904 [38, 841, 30, 190, 238882] 2924 
204 [138079, 167, 412, 4808, 176, 1263, 1909695, 96, 1923415] 19080 [35, 784, 28, 209, 238916] 2952 
205 [138064, 141, 349, 4445, 148, 1422, 1909867, 84, 1923452] 19228 [34, 721, 26, 238, 238943] 2978 
206 [138052, 124, 296, 4046, 149, 1611, 1910020, 74, 1923496] 19377 [29, 656, 28, 267, 238963] 3006 
207 [138049, 98, 245, 3656, 112, 1819, 1910185, 59, 1923550] 19489 [22, 594, 22, 296, 238993] 3028 
208 [138046, 87, 199, 3215, 108, 2070, 1910341, 45, 1923611] 19597 [18, 519, 19, 335, 239027] 3047 
209 [138040, 67, 163, 2738, 101, 2362, 1910493, 39, 1923672] 19698 [12, 439, 15, 388, 239053] 3062 
210 [138035, 55, 123, 2249, 71, 2682, 1910658, 29, 1923730] 19769 [11, 367, 14, 426, 239085] 3076 
211 [138032, 47, 109, 1787, 37, 2972, 1910827, 20, 1923793] 19806 [9, 291, 5, 475, 239111] 3081 
212 [138030, 38, 85, 1276, 19, 3340, 1910987, 19, 1923862] 19825 [7, 220, 2, 519, 239141] 3083 
213 [138027, 27, 69, 811, 4, 3647, 1911171, 19, 1923926] 19829 [4, 134, 1, 578, 239172] 3084 
214 [138025, 25, 57, 424, 5, 3834, 1911386, 15, 1923997] 19834 [4, 68, 1, 612, 239208] 3085 
215 [138024, 22, 48, 212, 0, 3849, 1911600, 11, 1924082] 19834 [3, 38, 0, 613, 239239] 3085 
216 [138020, 14, 44, 93, 0, 3753, 1911830, 12, 1924165] 19834 [1, 15, 0, 599, 239279] 3085 
217 [138019, 13, 35, 43, 1, 3552, 1912092, 11, 1924264] 19835 [1, 7, 0, 570, 239318] 3085 
218 [138017, 14, 23, 17, 0, 3300, 1912384, 10, 1924358] 19835 [0, 2, 0, 535, 239360] 3085 
219 [138017, 12, 15, 10, 0, 2974, 1912729, 8, 1924466] 19835 [1, 0, 0, 481, 239418] 3085 
220 [138016, 10, 14, 7, 0, 2600, 1913110, 8, 1924599] 19835 [1, 0, 0, 416, 239483] 3085 
221 [138014, 10, 15, 5, 0, 2183, 1913532, 6, 1924722] 19835 [1, 0, 0, 358, 239541] 3085 
222 [138014, 7, 13, 4, 0, 1758, 1913964, 5, 1924851] 19835 [1, 0, 0, 287, 239612] 3085 
223 [138011, 6, 11, 4, 0, 1266, 1914461, 6, 1925002] 19835 [1, 0, 0, 218, 239682] 3085 
224 [138010, 6, 8, 1, 0, 805, 1914928, 7, 1925107] 19835 [1, 0, 0, 133, 239767] 3085 
225 [138009, 6, 7, 1, 0, 423, 1915312, 7, 1925225] 19835 [1, 0, 0, 68, 239832] 3085 
226 [138008, 4, 9, 1, 0, 211, 1915526, 6, 1925285] 19835 [1, 0, 0, 38, 239862] 3085 
227 [138008, 3, 8, 1, 0, 92, 1915647, 6, 1925317] 19835 [0, 0, 0, 15, 239886] 3085 
228 [138007, 4, 9, 1, 0, 43, 1915697, 4, 1925327] 19835 [0, 0, 0, 7, 239894] 3085 
229 [138007, 3, 7, 1, 0, 17, 1915727, 3, 1925339] 19835 [0, 0, 0, 2, 239899] 3085 
230 [138007, 2, 8, 1, 0, 10, 1915735, 2, 1925339] 19835 [0, 0, 0, 0, 239901] 3085 
231 [138007, 1, 8, 0, 0, 7, 1915741, 1, 1925339] 19835 [0, 0, 0, 0, 239901] 3085 
232 [138007, 1, 8, 0, 0, 5, 1915743, 1, 1925339] 19835 [0, 0, 0, 0, 239901] 3085 
233 [138006, 1, 8, 0, 0, 4, 1915745, 1, 1925342] 19835 [0, 0, 0, 0, 239901] 3085 
234 [138006, 1, 6, 0, 0, 4, 1915747, 1, 1925343] 19835 [0, 0, 0, 0, 239901] 3085 
235 [138006, 1, 6, 0, 0, 1, 1915750, 1, 1925343] 19835 [0, 0, 0, 0, 239901] 3085 
236 [138006, 0, 4, 0, 0, 1, 1915753, 1, 1925343] 19835 [0, 0, 0, 0, 239901] 3085 
237 [138006, 0, 3, 0, 0, 1, 1915754, 1, 1925343] 19835 [0, 0, 0, 0, 239901] 3085 
238 [138006, 0, 3, 0, 0, 1, 1915755, 0, 1925343] 19835 [0, 0, 0, 0, 239901] 3085 
239 [138006, 0, 2, 0, 0, 1, 1915756, 0, 1925343] 19835 [0, 0, 0, 0, 239901] 3085 
240 [138006, 0, 2, 0, 0, 1, 1915756, 0, 1925343] 19835 [0, 0, 0, 0, 239901] 3085 
241 [138006, 0, 1, 0, 0, 1, 1915757, 0, 1925343] 19835 [0, 0, 0, 0, 239901] 3085 
242 [138006, 0, 1, 0, 0, 0, 1915758, 0, 1925343] 19835 [0, 0, 0, 0, 239901] 3085 
243 [138006, 0, 1, 0, 0, 0, 1915758, 0, 1925343] 19835 [0, 0, 0, 0, 239901] 3085 
244 [138006, 0, 1, 0, 0, 0, 1915758, 0, 1925343] 19835 [0, 0, 0, 0, 239901] 3085 
245 [138006, 0, 1, 0, 0, 0, 1915758, 0, 1925343] 19835 [0, 0, 0, 0, 239901] 3085 
246 [138006, 0, 0, 0, 0, 0, 1915759, 0, 1925343] 19835 [0, 0, 0, 0, 239901] 3085 
[138006, 0, 0, 0, 0, 0, 1915759, 0, 1925343] 0.9238806905864198 19835
1069913 1354965
