1.07 1.8 207360 8 2073 960 192 0.9 0.9 0.9 0 120 False 0.7 5 7 7 0.03214285714285715 0.0071428571428571435 10 0.005 10 False 1000 0.05
1 [2073599, 0, 0, 0, 0, 0, 0, 1, 0] 0 [0, 0, 0, 0, 0] 0 
2 [2073599, 0, 0, 0, 0, 0, 0, 1, 0] 0 [0, 0, 0, 0, 0] 0 
3 [2073599, 0, 0, 0, 0, 0, 0, 1, 0] 0 [0, 0, 0, 0, 0] 0 
4 [2073599, 0, 0, 0, 0, 0, 0, 1, 0] 0 [0, 0, 0, 0, 0] 0 
5 [2073599, 0, 1, 0, 0, 0, 0, 0, 0] 0 [0, 0, 0, 0, 0] 0 
6 [2073599, 0, 1, 0, 0, 0, 0, 0, 0] 0 [0, 0, 0, 0, 0] 0 
7 [2073599, 0, 1, 0, 0, 0, 0, 0, 0] 0 [0, 0, 0, 0, 0] 0 
8 [2073599, 0, 1, 0, 0, 0, 0, 0, 0] 0 [0, 0, 0, 0, 0] 0 
9 [2073599, 0, 1, 0, 0, 0, 0, 0, 0] 0 [0, 0, 0, 0, 0] 0 
10 [2073599, 0, 1, 0, 0, 0, 0, 0, 0] 0 [0, 0, 0, 0, 0] 0 
11 [2073598, 0, 1, 0, 0, 0, 0, 1, 0] 0 [0, 0, 0, 0, 0] 0 
12 [2073597, 0, 1, 0, 0, 0, 0, 2, 0] 0 [0, 0, 0, 0, 0] 0 
13 [2073597, 0, 0, 0, 0, 0, 1, 2, 2] 0 [0, 0, 0, 0, 0] 0 
14 [2073597, 0, 0, 0, 0, 0, 1, 2, 2] 0 [0, 0, 0, 0, 0] 0 
15 [2073597, 0, 0, 0, 0, 0, 1, 2, 2] 0 [0, 0, 0, 0, 0] 0 
16 [2073597, 0, 1, 0, 0, 0, 1, 1, 2] 0 [0, 0, 0, 0, 0] 0 
17 [2073596, 1, 1, 0, 0, 0, 1, 1, 2] 0 [0, 0, 0, 0, 0] 0 
18 [2073596, 1, 1, 0, 0, 0, 1, 1, 2] 0 [0, 0, 0, 0, 0] 0 
19 [2073595, 1, 1, 0, 0, 0, 1, 2, 2] 0 [0, 0, 0, 0, 0] 0 
20 [2073595, 1, 1, 0, 0, 0, 1, 2, 2] 0 [0, 0, 0, 0, 0] 0 
21 [2073595, 1, 1, 0, 0, 0, 1, 2, 2] 0 [0, 0, 0, 0, 0] 0 
22 [2073595, 1, 2, 0, 0, 0, 1, 1, 2] 0 [0, 0, 0, 0, 0] 0 
23 [2073595, 1, 2, 0, 0, 0, 1, 1, 2] 0 [0, 0, 0, 0, 0] 0 
24 [2073595, 1, 2, 0, 0, 0, 2, 0, 4] 0 [0, 0, 0, 0, 0] 0 
25 [2073595, 0, 2, 0, 0, 0, 3, 0, 4] 0 [0, 0, 0, 0, 0] 0 
26 [2073595, 0, 2, 0, 0, 0, 3, 0, 4] 0 [0, 0, 0, 0, 0] 0 
27 [2073595, 0, 2, 0, 0, 0, 3, 0, 4] 0 [0, 0, 0, 0, 0] 0 
28 [2073594, 0, 2, 0, 0, 0, 3, 1, 4] 0 [0, 0, 0, 0, 0] 0 
29 [2073594, 0, 2, 0, 0, 0, 3, 1, 4] 0 [0, 0, 0, 0, 0] 0 
30 [2073594, 0, 1, 0, 0, 0, 4, 1, 4] 0 [0, 0, 0, 0, 0] 0 
31 [2073593, 0, 1, 0, 0, 0, 4, 2, 4] 0 [0, 0, 0, 0, 0] 0 
32 [2073593, 0, 0, 0, 0, 0, 5, 2, 6] 0 [0, 0, 0, 0, 0] 0 
33 [2073593, 1, 0, 0, 0, 0, 5, 1, 6] 0 [0, 0, 0, 0, 0] 0 
34 [2073592, 1, 0, 0, 0, 0, 5, 2, 6] 0 [0, 0, 0, 0, 0] 0 
35 [2073592, 1, 0, 0, 0, 0, 5, 2, 6] 0 [0, 0, 0, 0, 0] 0 
36 [2073591, 1, 1, 0, 0, 0, 5, 2, 6] 0 [0, 0, 0, 0, 0] 0 
37 [2073591, 1, 1, 0, 0, 0, 5, 2, 6] 0 [0, 0, 0, 0, 0] 0 
38 [2073591, 1, 1, 0, 0, 0, 5, 2, 6] 0 [0, 0, 0, 0, 0] 0 
39 [2073591, 2, 1, 0, 0, 0, 5, 1, 6] 0 [0, 0, 0, 0, 0] 0 
40 [2073591, 2, 1, 0, 0, 0, 5, 1, 6] 0 [0, 0, 0, 0, 0] 0 
41 [2073590, 2, 1, 0, 0, 0, 6, 1, 8] 0 [0, 0, 0, 0, 0] 0 
42 [2073590, 2, 1, 0, 0, 0, 6, 1, 8] 0 [0, 0, 0, 0, 0] 0 
43 [2073588, 2, 1, 0, 0, 0, 6, 3, 8] 0 [0, 0, 0, 0, 0] 0 
44 [2073588, 2, 0, 0, 0, 0, 7, 3, 8] 0 [0, 0, 0, 0, 0] 0 
45 [2073587, 2, 0, 0, 0, 0, 7, 4, 8] 0 [0, 0, 0, 0, 0] 0 
46 [2073587, 3, 0, 0, 0, 0, 7, 3, 8] 0 [0, 0, 0, 0, 0] 0 
47 [2073587, 2, 0, 0, 0, 0, 8, 3, 12] 0 [0, 0, 0, 0, 0] 0 
48 [2073587, 2, 2, 0, 0, 0, 8, 1, 12] 0 [0, 0, 0, 0, 0] 0 
49 [2073587, 1, 2, 0, 0, 0, 9, 1, 12] 0 [0, 0, 0, 0, 0] 0 
50 [2073587, 2, 2, 0, 0, 0, 9, 0, 12] 0 [0, 0, 0, 0, 0] 0 
51 [2073585, 2, 2, 0, 0, 0, 9, 2, 12] 0 [0, 0, 0, 0, 0] 0 
52 [2073584, 2, 2, 0, 0, 0, 9, 3, 12] 0 [0, 0, 0, 0, 0] 0 
53 [2073582, 2, 2, 0, 0, 0, 9, 5, 12] 0 [0, 0, 0, 0, 0] 0 
54 [2073579, 1, 2, 0, 0, 0, 10, 8, 14] 0 [0, 0, 0, 0, 0] 0 
55 [2073576, 1, 2, 0, 0, 0, 10, 11, 14] 0 [0, 0, 0, 0, 0] 0 
56 [2073576, 1, 2, 0, 0, 0, 12, 9, 19] 0 [0, 0, 0, 0, 0] 0 
57 [2073576, 1, 3, 0, 0, 0, 12, 8, 19] 0 [0, 0, 0, 0, 0] 0 
58 [2073576, 0, 5, 0, 0, 0, 13, 6, 23] 0 [0, 0, 0, 0, 0] 0 
59 [2073576, 1, 7, 0, 0, 0, 13, 3, 23] 0 [0, 0, 0, 0, 0] 0 
60 [2073575, 2, 9, 0, 0, 0, 13, 1, 23] 0 [0, 0, 0, 0, 0] 0 
61 [2073575, 2, 9, 0, 0, 0, 13, 1, 23] 0 [0, 0, 0, 0, 0] 0 
62 [2073570, 2, 9, 0, 0, 0, 13, 6, 23] 0 [0, 0, 0, 0, 0] 0 
63 [2073567, 2, 9, 0, 0, 0, 13, 9, 23] 0 [0, 0, 0, 0, 0] 0 
64 [2073563, 2, 7, 0, 0, 0, 15, 13, 28] 0 [0, 0, 0, 0, 0] 0 
65 [2073562, 2, 7, 0, 0, 0, 16, 13, 28] 0 [0, 0, 0, 0, 0] 0 
66 [2073562, 2, 5, 0, 0, 0, 18, 13, 31] 0 [0, 0, 0, 0, 0] 0 
67 [2073561, 2, 7, 0, 0, 0, 21, 9, 33] 0 [0, 0, 0, 0, 0] 0 
68 [2073558, 1, 8, 0, 0, 0, 24, 9, 39] 0 [0, 0, 0, 0, 0] 0 
69 [2073556, 4, 9, 0, 0, 0, 24, 7, 39] 0 [0, 0, 0, 0, 0] 0 
70 [2073552, 4, 10, 0, 0, 0, 24, 10, 39] 0 [0, 0, 0, 0, 0] 0 
71 [2073547, 4, 10, 0, 0, 0, 24, 15, 39] 0 [0, 0, 0, 0, 0] 0 
72 [2073546, 4, 11, 0, 0, 0, 24, 15, 39] 0 [0, 0, 0, 0, 0] 0 
73 [2073542, 4, 13, 0, 0, 0, 25, 16, 42] 0 [0, 0, 0, 0, 0] 0 
74 [2073538, 3, 15, 1, 0, 0, 25, 18, 42] 0 [0, 0, 0, 0, 0] 0 
75 [2073536, 3, 14, 1, 0, 0, 30, 16, 48] 0 [0, 0, 0, 0, 0] 0 
76 [2073534, 5, 14, 1, 0, 0, 33, 13, 54] 0 [0, 0, 0, 0, 0] 0 
77 [2073528, 3, 14, 1, 0, 0, 36, 18, 63] 0 [0, 0, 0, 0, 0] 0 
78 [2073524, 4, 16, 1, 0, 0, 37, 18, 64] 0 [0, 0, 0, 0, 0] 0 
79 [2073520, 5, 19, 1, 0, 0, 37, 18, 64] 0 [0, 0, 0, 0, 0] 0 
80 [2073516, 6, 19, 1, 0, 0, 38, 20, 67] 0 [0, 0, 0, 0, 0] 0 
81 [2073506, 6, 18, 1, 0, 0, 41, 28, 70] 0 [0, 0, 0, 0, 0] 0 
82 [2073498, 6, 22, 1, 0, 0, 43, 30, 73] 0 [0, 0, 0, 0, 0] 0 
83 [2073491, 6, 22, 1, 0, 0, 47, 33, 77] 0 [0, 0, 0, 0, 0] 0 
84 [2073482, 4, 23, 1, 0, 0, 52, 38, 91] 0 [0, 0, 0, 0, 0] 0 
85 [2073475, 6, 24, 1, 0, 0, 53, 41, 93] 0 [0, 0, 0, 0, 0] 0 
86 [2073465, 6, 30, 0, 0, 1, 57, 41, 100] 0 [0, 0, 0, 0, 0] 0 
87 [2073460, 10, 30, 0, 0, 1, 61, 38, 111] 0 [1, 0, 0, 0, 0] 0 
88 [2073451, 11, 34, 0, 0, 1, 63, 40, 117] 0 [1, 0, 0, 0, 0] 0 
89 [2073442, 12, 39, 1, 0, 1, 65, 40, 120] 0 [1, 0, 0, 0, 0] 0 
90 [2073433, 12, 40, 1, 0, 1, 71, 42, 133] 0 [1, 0, 0, 0, 0] 0 
91 [2073420, 13, 45, 0, 1, 1, 75, 45, 140] 1 [1, 0, 0, 0, 0] 0 
92 [2073401, 15, 44, 0, 0, 1, 79, 59, 148] 1 [1, 0, 0, 0, 0] 0 
93 [2073382, 17, 47, 0, 0, 1, 83, 69, 155] 1 [1, 0, 0, 0, 0] 0 
94 [2073371, 22, 41, 0, 0, 1, 93, 71, 175] 1 [1, 0, 0, 0, 0] 0 
95 [2073359, 23, 42, 0, 0, 1, 100, 74, 191] 1 [0, 0, 0, 0, 1] 0 
96 [2073342, 24, 47, 0, 0, 1, 107, 78, 199] 1 [0, 0, 0, 0, 1] 0 
97 [2073314, 28, 53, 0, 0, 0, 117, 87, 217] 1 [0, 0, 0, 0, 1] 0 
98 [2073295, 33, 60, 0, 0, 0, 124, 87, 238] 1 [0, 0, 0, 0, 1] 0 
99 [2073272, 36, 58, 0, 0, 0, 134, 99, 264] 1 [1, 0, 0, 0, 1] 0 
100 [2073253, 38, 63, 0, 0, 0, 139, 106, 270] 1 [1, 0, 0, 0, 1] 0 
101 [2073219, 37, 72, 0, 0, 0, 148, 123, 280] 1 [1, 0, 0, 0, 1] 0 
102 [2073192, 40, 88, 0, 0, 0, 157, 122, 312] 1 [1, 0, 0, 0, 1] 0 
103 [2073159, 42, 96, 0, 0, 0, 166, 136, 329] 1 [1, 0, 0, 0, 1] 0 
104 [2073121, 44, 104, 0, 0, 0, 179, 151, 350] 1 [3, 0, 0, 0, 1] 0 
105 [2073087, 44, 104, 0, 0, 0, 198, 166, 390] 1 [3, 0, 0, 0, 1] 0 
106 [2073053, 46, 117, 0, 0, 0, 217, 166, 430] 1 [3, 0, 0, 0, 2] 0 
107 [2073002, 51, 128, 0, 0, 0, 228, 190, 451] 1 [2, 0, 0, 0, 3] 0 
108 [2072960, 59, 141, 0, 0, 0, 240, 199, 482] 1 [3, 0, 0, 0, 3] 0 
109 [2072917, 74, 147, 0, 0, 0, 257, 204, 502] 1 [3, 0, 0, 0, 3] 0 
110 [2072872, 70, 157, 0, 0, 0, 285, 215, 553] 1 [3, 0, 0, 0, 3] 0 
111 [2072806, 70, 172, 0, 0, 0, 304, 247, 600] 1 [4, 0, 0, 0, 3] 0 
112 [2072757, 83, 187, 0, 0, 0, 327, 245, 638] 1 [5, 0, 0, 0, 5] 0 
113 [2072695, 87, 202, 4, 0, 0, 346, 265, 669] 1 [5, 0, 0, 0, 5] 0 
114 [2072617, 95, 203, 4, 0, 0, 380, 300, 739] 1 [6, 0, 0, 0, 5] 0 
115 [2072546, 103, 213, 4, 0, 0, 407, 326, 800] 1 [7, 0, 0, 0, 6] 0 
116 [2072467, 101, 245, 7, 0, 0, 440, 339, 863] 1 [6, 0, 0, 0, 7] 0 
117 [2072393, 101, 257, 8, 0, 0, 476, 364, 933] 1 [6, 0, 0, 0, 7] 0 
118 [2072306, 122, 264, 8, 1, 0, 509, 389, 994] 2 [9, 0, 0, 0, 9] 0 
119 [2072223, 133, 298, 8, 0, 0, 542, 394, 1063] 2 [8, 0, 0, 0, 10] 0 
120 [2072111, 140, 313, 9, 0, 0, 590, 435, 1147] 2 [5, 1, 0, 0, 14] 0 
121 [2072001, 149, 340, 10, 0, 0, 632, 466, 1219] 2 [7, 1, 0, 0, 14] 0 
122 [2071875, 164, 356, 10, 0, 0, 675, 518, 1307] 2 [7, 1, 0, 0, 17] 0 
123 [2071744, 177, 387, 10, 0, 0, 718, 562, 1408] 2 [13, 1, 0, 0, 17] 0 
124 [2071592, 185, 394, 12, 0, 0, 784, 631, 1524] 2 [15, 1, 0, 0, 19] 0 
125 [2071439, 206, 437, 9, 0, 3, 832, 672, 1618] 2 [18, 1, 0, 0, 19] 0 
126 [2071284, 215, 476, 9, 0, 3, 894, 717, 1736] 2 [17, 1, 0, 0, 22] 0 
127 [2071125, 239, 499, 8, 0, 6, 971, 750, 1899] 2 [23, 1, 0, 0, 24] 0 
128 [2070953, 253, 546, 7, 1, 7, 1040, 791, 2033] 3 [22, 1, 0, 0, 28] 0 
129 [2070765, 271, 599, 9, 0, 7, 1119, 827, 2190] 3 [23, 1, 0, 0, 30] 0 
130 [2070533, 275, 670, 13, 0, 7, 1193, 906, 2345] 3 [23, 1, 0, 0, 33] 0 
131 [2070311, 291, 721, 14, 0, 8, 1279, 973, 2499] 3 [22, 1, 0, 1, 41] 0 
132 [2070065, 318, 770, 15, 0, 9, 1360, 1060, 2655] 3 [24, 1, 0, 1, 46] 0 
133 [2069802, 334, 814, 16, 0, 9, 1471, 1151, 2878] 3 [29, 1, 0, 1, 51] 0 
134 [2069536, 354, 872, 18, 0, 9, 1579, 1229, 3089] 3 [32, 1, 0, 1, 56] 0 
135 [2069226, 382, 949, 20, 0, 11, 1702, 1307, 3336] 3 [37, 2, 0, 1, 65] 0 
136 [2068888, 415, 1007, 22, 0, 8, 1834, 1423, 3568] 3 [40, 3, 0, 1, 68] 0 
137 [2068552, 440, 1074, 27, 0, 8, 1983, 1513, 3871] 3 [48, 4, 0, 1, 74] 0 
138 [2068196, 482, 1141, 31, 0, 7, 2134, 1606, 4185] 3 [58, 4, 0, 1, 80] 0 
139 [2067812, 508, 1221, 35, 1, 7, 2289, 1724, 4475] 4 [63, 5, 0, 1, 91] 0 
140 [2067375, 543, 1334, 38, 0, 9, 2446, 1851, 4777] 4 [67, 5, 0, 1, 99] 0 
141 [2066911, 588, 1455, 38, 0, 13, 2614, 1977, 5107] 4 [74, 6, 0, 1, 110] 0 
142 [2066428, 626, 1565, 41, 0, 14, 2798, 2124, 5460] 4 [83, 6, 0, 1, 122] 0 
143 [2065900, 668, 1650, 41, 1, 15, 3025, 2296, 5904] 5 [81, 6, 0, 1, 141] 0 
144 [2065340, 710, 1771, 45, 0, 16, 3241, 2472, 6307] 5 [93, 6, 0, 1, 151] 0 
145 [2064708, 784, 1890, 45, 0, 18, 3483, 2667, 6803] 5 [96, 6, 0, 1, 167] 0 
146 [2064095, 834, 2038, 48, 0, 20, 3744, 2816, 7297] 5 [101, 5, 0, 2, 185] 0 
147 [2063393, 903, 2181, 55, 0, 22, 4006, 3035, 7807] 5 [117, 5, 0, 3, 203] 0 
148 [2062637, 996, 2301, 58, 0, 27, 4313, 3263, 8406] 5 [129, 6, 0, 4, 222] 0 
149 [2061879, 1075, 2444, 57, 1, 30, 4648, 3461, 9028] 6 [142, 6, 0, 4, 247] 0 
150 [2061023, 1169, 2644, 58, 1, 34, 4980, 3685, 9680] 7 [138, 8, 0, 5, 276] 0 
151 [2060130, 1248, 2819, 58, 2, 37, 5334, 3965, 10323] 9 [149, 9, 0, 5, 296] 0 
152 [2059150, 1370, 3016, 61, 0, 37, 5714, 4243, 11080] 9 [160, 10, 0, 6, 320] 0 
153 [2058063, 1451, 3247, 66, 0, 40, 6150, 4574, 11889] 9 [175, 11, 0, 6, 350] 0 
154 [2056978, 1544, 3448, 71, 1, 41, 6607, 4901, 12770] 10 [185, 12, 0, 6, 388] 0 
155 [2055806, 1636, 3730, 73, 0, 45, 7083, 5217, 13676] 10 [192, 13, 0, 6, 432] 0 
156 [2054526, 1708, 4018, 79, 1, 45, 7609, 5604, 14644] 11 [199, 13, 0, 6, 472] 0 
157 [2053152, 1817, 4322, 89, 0, 47, 8164, 5998, 15741] 11 [201, 15, 0, 5, 522] 0 
158 [2051715, 1944, 4657, 90, 0, 52, 8783, 6348, 16869] 11 [243, 15, 0, 5, 568] 0 
159 [2050146, 2080, 4991, 98, 1, 54, 9387, 6832, 18021] 12 [263, 15, 0, 6, 619] 0 
160 [2048445, 2210, 5328, 108, 0, 53, 10083, 7361, 19291] 12 [282, 17, 0, 6, 678] 0 
161 [2046688, 2380, 5678, 112, 1, 55, 10836, 7838, 20734] 13 [312, 14, 1, 8, 742] 1 
162 [2044765, 2546, 6115, 121, 1, 56, 11596, 8387, 22172] 14 [342, 13, 1, 9, 797] 2 
163 [2042670, 2698, 6537, 137, 0, 58, 12441, 9045, 23744] 14 [359, 16, 0, 9, 879] 2 
164 [2040558, 2928, 6988, 139, 1, 62, 13322, 9588, 25402] 15 [397, 15, 0, 10, 954] 2 
165 [2038216, 3135, 7501, 150, 2, 68, 14284, 10229, 27213] 17 [423, 17, 0, 11, 1036] 2 
166 [2035723, 3375, 7920, 168, 2, 70, 15360, 10965, 29179] 19 [440, 18, 1, 12, 1148] 3 
167 [2033017, 3672, 8461, 176, 2, 77, 16428, 11748, 31232] 21 [491, 22, 0, 12, 1243] 3 
168 [2030127, 3916, 9128, 185, 1, 87, 17592, 12543, 33422] 22 [513, 23, 0, 14, 1358] 3 
169 [2026975, 4171, 9699, 199, 0, 88, 18863, 13583, 35813] 22 [554, 26, 0, 14, 1492] 3 
170 [2023720, 4458, 10379, 219, 1, 94, 20211, 14496, 38433] 23 [609, 31, 0, 13, 1630] 3 
171 [2020165, 4815, 11075, 233, 1, 102, 21628, 15558, 41085] 24 [670, 30, 0, 15, 1780] 3 
172 [2016375, 5138, 11883, 250, 0, 107, 23181, 16642, 43917] 24 [714, 35, 0, 13, 1958] 3 
173 [2012437, 5503, 12695, 266, 3, 114, 24868, 17690, 47103] 27 [764, 37, 1, 12, 2108] 4 
174 [2008264, 5853, 13740, 277, 0, 129, 26599, 18711, 50393] 27 [833, 35, 0, 15, 2287] 4 
175 [2003669, 6191, 14725, 300, 1, 132, 28504, 20051, 53934] 28 [878, 39, 0, 14, 2499] 4 
176 [1998788, 6610, 15753, 314, 4, 145, 30581, 21377, 57855] 32 [983, 41, 1, 16, 2707] 5 
177 [1993693, 7061, 16972, 321, 3, 163, 32673, 22682, 61751] 35 [1039, 46, 0, 18, 2968] 5 
178 [1988204, 7519, 18097, 349, 2, 171, 34990, 24233, 66105] 37 [1108, 45, 1, 22, 3248] 6 
179 [1982031, 7982, 19292, 375, 1, 180, 37469, 26233, 70705] 38 [1205, 53, 0, 22, 3529] 6 
180 [1975848, 8539, 20612, 407, 0, 192, 40143, 27821, 75540] 38 [1337, 54, 0, 24, 3845] 6 
181 [1969195, 9064, 22065, 424, 1, 212, 43008, 29593, 80702] 39 [1468, 53, 0, 29, 4156] 6 
182 [1962298, 9681, 23363, 466, 2, 225, 46131, 31395, 86466] 41 [1563, 59, 1, 28, 4509] 7 
183 [1954695, 10304, 24944, 516, 3, 240, 49348, 33509, 92363] 44 [1649, 66, 0, 32, 4877] 7 
184 [1946786, 11095, 26744, 556, 9, 256, 52865, 35245, 98878] 53 [1760, 73, 1, 35, 5311] 8 
185 [1938263, 11809, 28415, 592, 5, 265, 56613, 37585, 105551] 58 [1887, 81, 0, 33, 5736] 8 
186 [1929421, 12620, 30295, 640, 6, 287, 60499, 39774, 112628] 64 [2010, 89, 1, 37, 6229] 9 
187 [1919934, 13461, 32151, 686, 9, 304, 64627, 42364, 119942] 73 [2097, 99, 4, 40, 6771] 13 
188 [1909898, 14339, 34271, 730, 3, 312, 69177, 44797, 128161] 76 [2233, 104, 0, 45, 7369] 13 
189 [1899374, 15284, 36347, 765, 4, 340, 73998, 47412, 136823] 80 [2407, 117, 0, 45, 7971] 13 
190 [1888254, 16262, 38792, 803, 5, 365, 79030, 50009, 145652] 85 [2581, 120, 1, 53, 8593] 14 
191 [1876464, 17308, 41076, 864, 4, 393, 84449, 52957, 155120] 89 [2790, 141, 0, 53, 9253] 14 
192 [1864017, 18318, 43350, 934, 7, 404, 90564, 55917, 165811] 96 [2972, 154, 0, 51, 10035] 14 
193 [1850926, 19473, 46027, 979, 4, 442, 96681, 58972, 176434] 100 [3203, 167, 0, 57, 10826] 14 
194 [1837083, 20564, 48790, 1010, 5, 488, 103269, 62291, 187678] 105 [3426, 180, 0, 63, 11709] 14 
195 [1822644, 21758, 51804, 1045, 7, 530, 110097, 65610, 199215] 112 [3682, 187, 3, 70, 12575] 17 
196 [1807562, 22943, 54771, 1120, 3, 568, 117619, 68902, 211671] 115 [3919, 203, 1, 77, 13582] 18 
197 [1791581, 24194, 58002, 1189, 7, 618, 125458, 72436, 225051] 122 [4109, 215, 1, 84, 14684] 19 
198 [1775111, 25663, 61073, 1256, 10, 667, 133883, 75815, 239060] 132 [4435, 212, 2, 98, 15792] 21 
199 [1757763, 27118, 64610, 1336, 2, 709, 142610, 79320, 253400] 134 [4720, 216, 1, 103, 17009] 22 
200 [1739470, 28556, 68084, 1426, 6, 744, 152006, 83174, 268776] 140 [5030, 230, 3, 116, 18309] 25 
201 [1720612, 30032, 71623, 1504, 10, 781, 161948, 86950, 284761] 150 [5348, 246, 1, 119, 19752] 26 
202 [1700904, 31672, 75414, 1575, 5, 839, 172364, 90677, 301634] 155 [5651, 255, 1, 139, 21274] 27 
203 [1680707, 33149, 79245, 1669, 3, 911, 183357, 94404, 318848] 158 [5977, 277, 0, 151, 22804] 27 
204 [1659579, 34899, 83015, 1757, 8, 955, 195045, 98184, 336987] 166 [6335, 289, 0, 163, 24447] 27 
205 [1637739, 36648, 87062, 1887, 13, 983, 207371, 101731, 355960] 179 [6730, 312, 2, 175, 26253] 29 
206 [1615062, 38252, 91194, 1984, 9, 1014, 220356, 105550, 375955] 188 [7059, 336, 1, 180, 28132] 30 
207 [1591946, 39941, 95322, 2058, 17, 1087, 234083, 108958, 396468] 205 [7426, 347, 2, 197, 30179] 32 
208 [1567977, 41477, 99493, 2161, 20, 1154, 248383, 112730, 417887] 225 [7721, 371, 3, 209, 32350] 35 
209 [1543388, 43255, 103660, 2283, 16, 1222, 263360, 116191, 439723] 241 [8093, 397, 4, 205, 34584] 39 
210 [1517951, 44990, 107749, 2389, 17, 1289, 279186, 119788, 462757] 258 [8488, 427, 4, 210, 36937] 43 
211 [1492046, 46939, 111964, 2510, 16, 1355, 295496, 123016, 485849] 274 [8906, 453, 0, 218, 39421] 43 
212 [1465567, 48643, 116006, 2670, 22, 1392, 312647, 126379, 509583] 296 [9295, 491, 3, 224, 42120] 46 
213 [1438855, 50350, 119930, 2817, 32, 1429, 330769, 129122, 534675] 328 [9645, 518, 3, 234, 45003] 49 
214 [1411343, 52055, 123975, 2923, 37, 1455, 349439, 132045, 560075] 365 [10008, 539, 5, 244, 47910] 54 
215 [1383529, 53767, 127994, 3056, 45, 1479, 368943, 134422, 586235] 410 [10364, 578, 5, 248, 50987] 59 
216 [1355528, 55442, 131957, 3200, 55, 1527, 388963, 136518, 612489] 465 [10802, 613, 10, 244, 54163] 69 
217 [1327607, 56909, 135751, 3353, 63, 1563, 409929, 137960, 639627] 528 [11215, 638, 15, 259, 57564] 84 
218 [1299136, 58421, 139031, 3570, 54, 1530, 431611, 139719, 667290] 582 [11564, 673, 15, 256, 61017] 99 
219 [1270542, 59808, 142483, 3736, 67, 1492, 454089, 140801, 694976] 649 [11875, 697, 17, 250, 64663] 116 
220 [1241609, 60946, 146046, 3904, 68, 1442, 477016, 141920, 722914] 717 [12145, 725, 14, 258, 68426] 130 
221 [1212900, 62002, 148995, 4115, 76, 1388, 500779, 142628, 751378] 793 [12399, 787, 8, 253, 72388] 138 
222 [1184344, 62822, 151448, 4321, 98, 1345, 525166, 143263, 779685] 891 [12705, 824, 16, 245, 76357] 154 
223 [1155605, 63723, 153578, 4495, 83, 1327, 550367, 143531, 808318] 974 [13045, 850, 16, 242, 80518] 170 
224 [1127539, 64494, 155486, 4701, 93, 1274, 576036, 143003, 837080] 1067 [13228, 895, 17, 230, 84906] 187 
225 [1099669, 65182, 157225, 4917, 91, 1235, 602274, 141940, 865585] 1158 [13335, 945, 20, 221, 89510] 207 
226 [1072391, 65669, 158718, 5104, 104, 1207, 628740, 140509, 894041] 1262 [13503, 998, 21, 214, 94029] 228 
227 [1045251, 65933, 159464, 5311, 123, 1145, 656018, 139093, 922772] 1385 [13671, 1030, 27, 207, 98690] 255 
228 [1018587, 66532, 159728, 5551, 119, 1102, 683578, 137018, 950992] 1504 [13825, 1088, 23, 190, 103565] 278 
229 [992183, 66661, 159627, 5765, 121, 1096, 711287, 135356, 978731] 1625 [13950, 1136, 26, 185, 108350] 304 
230 [966430, 66761, 159443, 5985, 137, 1065, 738915, 133239, 1005958] 1762 [14002, 1187, 21, 185, 113246] 325 
231 [941392, 66401, 158588, 6220, 124, 1044, 767070, 130999, 1033022] 1886 [13942, 1237, 25, 176, 118162] 350 
232 [916772, 66031, 157491, 6449, 146, 1023, 795323, 128479, 1059613] 2032 [13879, 1283, 26, 181, 123198] 376 
233 [893067, 65381, 155929, 6622, 144, 1005, 823900, 125520, 1085889] 2176 [13847, 1315, 29, 182, 128283] 405 
234 [870347, 64710, 154338, 6777, 140, 978, 852298, 121836, 1111441] 2316 [13812, 1349, 25, 186, 133425] 430 
235 [847939, 63884, 152383, 6993, 142, 947, 880505, 118491, 1136186] 2458 [13656, 1409, 34, 178, 138531] 464 
236 [826285, 62564, 150039, 7164, 142, 917, 908924, 115107, 1160558] 2600 [13416, 1450, 33, 175, 143711] 497 
237 [805786, 61465, 147739, 7349, 150, 872, 936653, 110986, 1183908] 2750 [13284, 1491, 32, 166, 148697] 529 
238 [785734, 60177, 144870, 7458, 197, 855, 964226, 107333, 1206815] 2947 [13082, 1530, 36, 162, 153741] 565 
239 [766688, 58848, 141618, 7606, 179, 821, 991234, 103659, 1228559] 3126 [12849, 1553, 33, 164, 158735] 598 
240 [748325, 57325, 138441, 7749, 174, 775, 1018071, 99614, 1249797] 3300 [12627, 1573, 37, 158, 163700] 635 
241 [730838, 55755, 135016, 7864, 185, 763, 1044432, 95447, 1270625] 3485 [12313, 1606, 31, 149, 168521] 666 
242 [714074, 54065, 130854, 7970, 196, 742, 1070502, 91712, 1290440] 3681 [11946, 1647, 32, 146, 173331] 698 
243 [698129, 52541, 126704, 8047, 192, 740, 1095961, 87605, 1309197] 3873 [11645, 1664, 47, 141, 178141] 745 
244 [683019, 50952, 122355, 8120, 189, 725, 1120698, 83669, 1327010] 4062 [11370, 1688, 44, 134, 182848] 789 
245 [668886, 49053, 118027, 8197, 182, 705, 1145049, 79439, 1344264] 4244 [10938, 1710, 42, 126, 187626] 831 
246 [655354, 47266, 113696, 8197, 212, 710, 1168437, 75484, 1360525] 4456 [10563, 1701, 43, 126, 192139] 874 
247 [642525, 45482, 109570, 8230, 193, 699, 1190896, 71549, 1375893] 4649 [10190, 1730, 31, 122, 196452] 905 
248 [630477, 43679, 104968, 8237, 216, 698, 1213024, 67652, 1390578] 4865 [9798, 1748, 40, 125, 200648] 945 
249 [619275, 41779, 100401, 8211, 204, 687, 1234434, 63744, 1404690] 5069 [9402, 1744, 41, 131, 204737] 986 
250 [608564, 39731, 96139, 8178, 215, 687, 1254695, 60322, 1417682] 5284 [8969, 1752, 38, 127, 208704] 1024 
251 [598654, 37723, 91669, 8174, 192, 688, 1274516, 56700, 1430316] 5476 [8568, 1754, 42, 125, 212634] 1066 
252 [589342, 35777, 87438, 8138, 202, 678, 1293366, 53183, 1441826] 5678 [8116, 1755, 39, 127, 216232] 1105 
253 [580428, 34032, 82889, 8105, 198, 679, 1311542, 50049, 1452865] 5876 [7738, 1755, 44, 132, 219864] 1149 
254 [572192, 32258, 78409, 8042, 229, 683, 1328828, 47083, 1463167] 6105 [7408, 1742, 50, 131, 223341] 1199 
255 [564660, 30494, 74176, 7955, 236, 670, 1345400, 43904, 1472906] 6341 [7059, 1738, 47, 130, 226681] 1246 
256 [557483, 28816, 69855, 7858, 215, 683, 1361178, 41171, 1482066] 6556 [6721, 1721, 40, 134, 229928] 1286 
257 [550835, 27289, 65620, 7760, 220, 678, 1376135, 38507, 1490579] 6776 [6421, 1706, 47, 128, 233001] 1333 
258 [544730, 25990, 61727, 7647, 206, 696, 1390130, 35698, 1498506] 6982 [6125, 1684, 46, 138, 235831] 1379 
259 [538944, 24463, 57974, 7508, 224, 721, 1403536, 33248, 1506079] 7206 [5785, 1658, 52, 143, 238437] 1431 
260 [533517, 22938, 54237, 7393, 193, 741, 1416232, 31143, 1513040] 7399 [5467, 1629, 45, 150, 241026] 1476 
261 [528505, 21570, 50791, 7226, 199, 775, 1428157, 28978, 1519328] 7598 [5145, 1597, 46, 152, 243430] 1522 
262 [523948, 20187, 47679, 7053, 226, 804, 1439218, 26887, 1525137] 7824 [4788, 1570, 46, 158, 245777] 1568 
263 [519625, 18849, 44459, 6838, 226, 849, 1449825, 25105, 1530593] 8050 [4506, 1533, 42, 171, 248064] 1610 
264 [515674, 17597, 41644, 6671, 191, 874, 1459629, 23270, 1535683] 8241 [4176, 1518, 31, 172, 250166] 1641 
265 [512133, 16413, 38977, 6476, 188, 918, 1468870, 21384, 1540432] 8429 [3907, 1459, 44, 196, 252114] 1685 
266 [508736, 15140, 36375, 6251, 214, 959, 1477727, 19769, 1544965] 8643 [3647, 1423, 42, 202, 253991] 1727 
267 [505661, 13991, 33856, 6079, 167, 1004, 1485912, 18287, 1549167] 8810 [3407, 1391, 38, 208, 255708] 1765 
268 [502771, 13058, 31590, 5866, 186, 1066, 1493399, 16854, 1552931] 8996 [3202, 1344, 42, 227, 257281] 1807 
269 [500198, 12119, 29337, 5650, 167, 1116, 1500541, 15476, 1556392] 9163 [3016, 1291, 28, 247, 258803] 1835 
270 [497682, 11310, 27086, 5412, 161, 1167, 1507168, 14451, 1559661] 9324 [2837, 1247, 37, 256, 260258] 1872 
271 [495472, 10509, 25159, 5207, 162, 1229, 1513274, 13264, 1562540] 9486 [2637, 1194, 30, 276, 261613] 1902 
272 [493416, 9752, 23234, 4961, 169, 1271, 1519066, 12245, 1565358] 9655 [2463, 1139, 41, 288, 262847] 1943 
273 [491558, 9046, 21431, 4730, 139, 1332, 1524496, 11213, 1567937] 9794 [2287, 1093, 30, 303, 264065] 1973 
274 [489776, 8404, 19662, 4475, 142, 1388, 1529537, 10422, 1570271] 9936 [2114, 1032, 35, 313, 265181] 2008 
275 [488119, 7787, 18255, 4233, 120, 1473, 1534114, 9563, 1572452] 10056 [1959, 976, 26, 334, 266242] 2034 
276 [486684, 7179, 16784, 3950, 109, 1572, 1538478, 8788, 1574487] 10165 [1813, 915, 22, 350, 267200] 2056 
277 [485337, 6569, 15509, 3663, 121, 1687, 1542470, 8079, 1576304] 10286 [1655, 871, 23, 372, 268103] 2079 
278 [484142, 6065, 14351, 3363, 92, 1820, 1546065, 7416, 1578009] 10378 [1527, 807, 22, 404, 268889] 2101 
279 [483021, 5559, 13254, 3082, 83, 1932, 1549536, 6755, 1579545] 10461 [1373, 742, 17, 438, 269691] 2118 
280 [481958, 5161, 12246, 2759, 78, 2079, 1552697, 6161, 1580950] 10539 [1301, 674, 20, 454, 270377] 2138 
281 [480994, 4728, 11235, 2437, 53, 2242, 1555682, 5690, 1582305] 10592 [1190, 605, 12, 495, 271023] 2150 
282 [480084, 4381, 10374, 2117, 37, 2402, 1558360, 5253, 1583443] 10629 [1109, 517, 9, 539, 271656] 2159 
283 [479259, 4016, 9432, 1784, 26, 2593, 1560978, 4883, 1584615] 10655 [1035, 430, 7, 600, 272194] 2166 
284 [478495, 3701, 8650, 1446, 10, 2802, 1563315, 4526, 1585715] 10665 [986, 351, 3, 650, 272731] 2169 
285 [477780, 3420, 7950, 1142, 8, 2958, 1565499, 4178, 1586765] 10673 [921, 274, 0, 695, 273258] 2169 
286 [477157, 3130, 7340, 922, 4, 3024, 1567513, 3837, 1587630] 10677 [861, 224, 0, 710, 273726] 2169 
287 [476601, 2883, 6716, 704, 4, 3048, 1569484, 3483, 1588463] 10681 [810, 178, 1, 708, 274174] 2170 
288 [476082, 2617, 6163, 528, 2, 3027, 1571323, 3177, 1589331] 10683 [739, 134, 1, 719, 274587] 2171 
289 [475636, 2413, 5706, 405, 5, 2903, 1572990, 2859, 1590074] 10688 [692, 103, 1, 697, 274947] 2172 
290 [475204, 2230, 5279, 327, 1, 2762, 1574533, 2576, 1590712] 10689 [638, 90, 0, 657, 275339] 2172 
291 [474813, 2086, 4855, 257, 1, 2566, 1575989, 2344, 1591267] 10690 [596, 66, 1, 628, 275702] 2173 
292 [474398, 1884, 4483, 231, 1, 2322, 1577388, 2203, 1591892] 10691 [519, 60, 0, 574, 276058] 2173 
293 [474047, 1712, 4116, 200, 2, 2059, 1578738, 2035, 1592452] 10693 [475, 50, 0, 502, 276390] 2173 
294 [473710, 1567, 3744, 184, 3, 1751, 1580022, 1926, 1592935] 10696 [426, 44, 0, 423, 276729] 2173 
295 [473426, 1404, 3435, 167, 1, 1420, 1581273, 1778, 1593429] 10697 [375, 41, 0, 347, 277036] 2173 
296 [473168, 1293, 3108, 157, 1, 1122, 1582409, 1645, 1593891] 10698 [353, 42, 0, 270, 277296] 2173 
297 [472945, 1160, 2903, 138, 1, 904, 1583398, 1453, 1594295] 10699 [324, 40, 0, 220, 277528] 2173 
298 [472732, 1061, 2643, 122, 2, 688, 1584338, 1315, 1594695] 10701 [298, 36, 1, 175, 277752] 2174 
299 [472507, 974, 2448, 110, 0, 514, 1585143, 1203, 1595024] 10701 [270, 31, 0, 132, 277947] 2174 
300 [472320, 887, 2267, 107, 0, 396, 1585816, 1106, 1595311] 10701 [250, 29, 0, 102, 278108] 2174 
301 [472147, 825, 2069, 96, 0, 319, 1586422, 1021, 1595519] 10701 [233, 22, 0, 89, 278257] 2174 
302 [471966, 770, 1899, 91, 0, 250, 1586944, 979, 1595738] 10701 [223, 20, 0, 66, 278389] 2174 
303 [471818, 731, 1723, 65, 1, 223, 1587424, 914, 1595961] 10702 [208, 15, 0, 60, 278507] 2174 
304 [471704, 677, 1616, 58, 0, 194, 1587846, 803, 1596139] 10702 [190, 12, 0, 50, 278627] 2174 
305 [471569, 623, 1441, 56, 0, 181, 1588277, 751, 1596318] 10702 [171, 13, 0, 44, 278727] 2174 
306 [471461, 563, 1324, 51, 0, 164, 1588649, 686, 1596490] 10702 [152, 12, 0, 41, 278816] 2174 
307 [471362, 501, 1228, 49, 0, 154, 1589000, 604, 1596651] 10702 [133, 15, 0, 41, 278921] 2174 
308 [471274, 471, 1125, 46, 0, 136, 1589302, 544, 1596784] 10702 [123, 13, 0, 39, 278998] 2174 
309 [471176, 418, 1029, 47, 0, 122, 1589578, 528, 1596903] 10702 [107, 14, 0, 36, 279081] 2174 
310 [471110, 388, 973, 46, 1, 110, 1589811, 459, 1596999] 10703 [97, 15, 0, 31, 279142] 2174 
311 [471047, 354, 906, 43, 0, 107, 1590026, 414, 1597081] 10703 [95, 17, 0, 29, 279190] 2174 
312 [470967, 318, 816, 40, 0, 96, 1590265, 395, 1597170] 10703 [83, 17, 0, 22, 279265] 2174 
313 [470921, 302, 734, 35, 0, 90, 1590462, 353, 1597248] 10703 [82, 15, 0, 20, 279312] 2174 
314 [470864, 274, 687, 37, 0, 65, 1590658, 312, 1597328] 10703 [73, 15, 0, 15, 279359] 2174 
315 [470819, 244, 607, 35, 1, 58, 1590842, 291, 1597393] 10704 [66, 14, 1, 12, 279398] 2175 
316 [470772, 214, 554, 31, 0, 56, 1590994, 275, 1597460] 10704 [62, 13, 0, 13, 279435] 2175 
317 [470725, 199, 534, 32, 0, 50, 1591114, 242, 1597509] 10704 [58, 13, 0, 12, 279468] 2175 
318 [470690, 179, 465, 25, 1, 47, 1591258, 231, 1597556] 10705 [54, 9, 0, 14, 279509] 2175 
319 [470669, 163, 427, 26, 0, 44, 1591371, 195, 1597609] 10705 [46, 10, 0, 12, 279546] 2175 
320 [470636, 148, 389, 20, 0, 45, 1591474, 183, 1597639] 10705 [42, 7, 0, 13, 279568] 2175 
321 [470610, 141, 357, 15, 0, 44, 1591566, 162, 1597685] 10705 [37, 5, 0, 14, 279596] 2175 
322 [470575, 129, 320, 14, 0, 41, 1591666, 150, 1597729] 10705 [35, 4, 0, 16, 279625] 2175 
323 [470548, 122, 297, 13, 0, 38, 1591735, 142, 1597752] 10705 [36, 4, 0, 16, 279645] 2175 
324 [470526, 118, 260, 12, 0, 33, 1591803, 143, 1597782] 10705 [31, 4, 0, 14, 279670] 2175 
325 [470500, 105, 225, 11, 0, 35, 1591883, 136, 1597820] 10705 [26, 4, 0, 14, 279686] 2175 
326 [470486, 96, 215, 10, 0, 34, 1591930, 124, 1597841] 10705 [26, 4, 0, 14, 279699] 2175 
327 [470463, 81, 208, 9, 0, 30, 1591992, 112, 1597863] 10705 [24, 3, 0, 13, 279719] 2175 
328 [470437, 73, 198, 5, 1, 31, 1592039, 111, 1597880] 10706 [23, 1, 1, 13, 279727] 2176 
329 [470418, 63, 183, 5, 0, 25, 1592092, 108, 1597914] 10706 [22, 1, 0, 9, 279746] 2176 
330 [470410, 66, 159, 2, 0, 26, 1592141, 90, 1597943] 10706 [23, 0, 0, 10, 279764] 2176 
331 [470401, 61, 143, 1, 0, 20, 1592183, 85, 1597962] 10706 [19, 0, 0, 7, 279778] 2176 
332 [470389, 60, 145, 2, 0, 15, 1592209, 74, 1597973] 10706 [21, 0, 0, 5, 279783] 2176 
333 [470377, 61, 136, 3, 0, 13, 1592244, 60, 1597989] 10706 [21, 0, 0, 3, 279791] 2176 
334 [470368, 57, 131, 5, 0, 12, 1592271, 50, 1598000] 10706 [17, 1, 0, 3, 279800] 2176 
335 [470357, 52, 108, 6, 0, 11, 1592307, 53, 1598014] 10706 [14, 1, 0, 3, 279813] 2176 
336 [470346, 52, 91, 5, 0, 10, 1592335, 55, 1598028] 10706 [15, 1, 0, 3, 279817] 2176 
337 [470336, 51, 84, 5, 0, 9, 1592356, 53, 1598031] 10706 [15, 1, 0, 3, 279822] 2176 
338 [470326, 45, 76, 5, 0, 8, 1592383, 51, 1598050] 10706 [12, 1, 0, 2, 279829] 2176 
339 [470317, 43, 74, 5, 0, 5, 1592399, 51, 1598059] 10706 [11, 1, 0, 1, 279837] 2176 
340 [470310, 37, 68, 5, 0, 5, 1592422, 47, 1598066] 10706 [9, 1, 0, 1, 279844] 2176 
341 [470299, 28, 63, 5, 0, 2, 1592450, 47, 1598082] 10706 [7, 1, 0, 0, 279850] 2176 
342 [470297, 20, 62, 5, 0, 1, 1592470, 39, 1598095] 10706 [5, 1, 0, 0, 279855] 2176 
343 [470292, 21, 63, 3, 1, 2, 1592478, 34, 1598099] 10707 [7, 0, 1, 0, 279856] 2177 
344 [470287, 21, 63, 2, 0, 3, 1592487, 30, 1598105] 10707 [6, 0, 0, 0, 279857] 2177 
345 [470282, 21, 58, 1, 0, 4, 1592499, 28, 1598111] 10707 [6, 0, 0, 0, 279858] 2177 
346 [470272, 21, 57, 0, 0, 5, 1592511, 27, 1598121] 10707 [6, 0, 0, 0, 279863] 2177 
347 [470266, 22, 49, 0, 0, 4, 1592521, 31, 1598123] 10707 [6, 0, 0, 0, 279866] 2177 
348 [470263, 18, 47, 0, 0, 4, 1592532, 29, 1598130] 10707 [4, 0, 0, 0, 279870] 2177 
349 [470262, 18, 41, 0, 0, 4, 1592543, 25, 1598136] 10707 [5, 0, 0, 0, 279873] 2177 
350 [470259, 17, 37, 0, 0, 4, 1592553, 23, 1598141] 10707 [5, 0, 0, 0, 279876] 2177 
351 [470257, 15, 38, 1, 0, 4, 1592563, 15, 1598144] 10707 [3, 0, 0, 0, 279881] 2177 
352 [470253, 16, 34, 1, 0, 4, 1592572, 13, 1598148] 10707 [4, 0, 0, 0, 279882] 2177 
353 [470252, 14, 32, 1, 0, 4, 1592579, 11, 1598150] 10707 [3, 0, 0, 0, 279883] 2177 
354 [470250, 12, 25, 1, 0, 3, 1592590, 12, 1598153] 10707 [3, 0, 0, 0, 279885] 2177 
355 [470250, 11, 27, 1, 0, 2, 1592593, 9, 1598155] 10707 [3, 0, 0, 0, 279885] 2177 
356 [470247, 11, 24, 1, 0, 1, 1592599, 10, 1598157] 10707 [2, 0, 0, 0, 279887] 2177 
357 [470244, 10, 24, 1, 0, 0, 1592605, 9, 1598162] 10707 [1, 0, 0, 0, 279889] 2177 
358 [470244, 9, 21, 1, 0, 0, 1592610, 8, 1598163] 10707 [1, 0, 0, 0, 279889] 2177 
359 [470244, 7, 15, 1, 0, 0, 1592620, 6, 1598166] 10707 [1, 0, 0, 0, 279890] 2177 
360 [470244, 3, 13, 1, 0, 0, 1592626, 6, 1598166] 10707 [0, 0, 0, 0, 279892] 2177 
361 [470242, 2, 14, 1, 0, 0, 1592629, 5, 1598167] 10707 [0, 0, 0, 0, 279894] 2177 
362 [470242, 2, 16, 1, 0, 0, 1592630, 2, 1598168] 10707 [0, 0, 0, 0, 279894] 2177 
363 [470241, 2, 13, 0, 0, 1, 1592633, 3, 1598169] 10707 [0, 0, 0, 0, 279894] 2177 
364 [470240, 0, 13, 0, 0, 1, 1592635, 4, 1598169] 10707 [0, 0, 0, 0, 279894] 2177 
365 [470239, 0, 9, 0, 0, 1, 1592639, 5, 1598169] 10707 [0, 0, 0, 0, 279894] 2177 
366 [470239, 0, 10, 0, 0, 1, 1592640, 3, 1598170] 10707 [0, 0, 0, 0, 279894] 2177 
367 [470239, 0, 8, 0, 0, 1, 1592642, 3, 1598172] 10707 [0, 0, 0, 0, 279895] 2177 
368 [470239, 0, 9, 0, 0, 1, 1592642, 2, 1598172] 10707 [0, 0, 0, 0, 279895] 2177 
369 [470238, 0, 7, 0, 0, 1, 1592645, 2, 1598172] 10707 [0, 0, 0, 0, 279896] 2177 
370 [470238, 1, 4, 0, 0, 1, 1592648, 1, 1598173] 10707 [0, 0, 0, 0, 279897] 2177 
371 [470238, 1, 4, 0, 0, 1, 1592648, 1, 1598173] 10707 [0, 0, 0, 0, 279897] 2177 
372 [470238, 1, 4, 0, 0, 1, 1592648, 1, 1598173] 10707 [0, 0, 0, 0, 279897] 2177 
373 [470238, 1, 4, 0, 0, 1, 1592648, 1, 1598173] 10707 [0, 0, 0, 0, 279897] 2177 
374 [470238, 1, 3, 0, 0, 0, 1592651, 0, 1598174] 10707 [0, 0, 0, 0, 279897] 2177 
375 [470238, 1, 3, 0, 0, 0, 1592651, 0, 1598174] 10707 [0, 0, 0, 0, 279897] 2177 
376 [470238, 1, 2, 0, 0, 0, 1592652, 0, 1598174] 10707 [0, 0, 0, 0, 279897] 2177 
377 [470238, 1, 1, 0, 0, 0, 1592653, 0, 1598174] 10707 [0, 0, 0, 0, 279897] 2177 
378 [470238, 0, 1, 0, 0, 0, 1592654, 0, 1598174] 10707 [0, 0, 0, 0, 279897] 2177 
379 [470238, 0, 1, 0, 0, 0, 1592654, 0, 1598174] 10707 [0, 0, 0, 0, 279897] 2177 
380 [470238, 0, 1, 0, 0, 0, 1592654, 0, 1598174] 10707 [0, 0, 0, 0, 279897] 2177 
381 [470238, 0, 1, 0, 0, 0, 1592654, 0, 1598174] 10707 [0, 0, 0, 0, 279897] 2177 
382 [470238, 0, 0, 0, 0, 0, 1592655, 0, 1598174] 10707 [0, 0, 0, 0, 279897] 2177 
[470238, 0, 0, 0, 0, 0, 1592655, 0, 1598174] 0.7680627893518519 10707
978112 1122775
