1.11 1.8 15 207360 8 2073 960 192 1.0 1.0 0.9 60 120 True 0.7 5 7 7 0.03214285714285715 0.0071428571428571435 20 0.0025 1 False False 1000 0.05 True
1 [2073585, 4, 11, 0, 0, 0, 0, 0, 0] 0 [0, 0, 0, 0, 0] 0 
moved_n 0
2 [2073583, 4, 11, 0, 0, 0, 0, 2, 0] 0 [0, 0, 0, 0, 0] 0 
moved_n 0
3 [2073578, 4, 11, 0, 0, 0, 0, 7, 0] 0 [0, 0, 0, 0, 0] 0 
moved_n 0
4 [2073576, 4, 11, 0, 0, 0, 0, 9, 0] 0 [0, 0, 0, 0, 0] 0 
moved_n 0
5 [2073573, 4, 11, 0, 0, 0, 0, 12, 0] 0 [0, 0, 0, 0, 0] 0 
moved_n 0
6 [2073566, 4, 11, 0, 0, 0, 0, 19, 0] 0 [0, 0, 0, 0, 0] 0 
moved_n 0
7 [2073562, 4, 13, 0, 0, 0, 0, 21, 0] 0 [0, 0, 0, 0, 0] 0 
moved_n 0
8 [2073557, 0, 7, 0, 0, 0, 15, 21, 26] 0 [0, 0, 0, 0, 0] 0 
moved_n 0
9 [2073556, 1, 8, 0, 0, 0, 15, 20, 26] 0 [1, 0, 0, 0, 0] 0 
moved_n 0
10 [2073555, 1, 11, 0, 0, 0, 15, 18, 26] 0 [1, 0, 0, 0, 0] 0 
moved_n 0
11 [2073551, 2, 17, 0, 0, 0, 15, 15, 26] 0 [1, 0, 0, 0, 0] 0 
moved_n 0
12 [2073547, 3, 20, 0, 0, 0, 15, 15, 26] 0 [1, 0, 0, 0, 0] 0 
moved_n 0
13 [2073541, 6, 22, 0, 0, 0, 15, 16, 26] 0 [1, 0, 0, 0, 0] 0 
moved_n 0
14 [2073534, 7, 20, 0, 0, 0, 17, 22, 30] 0 [1, 0, 0, 0, 0] 0 
moved_n 0
15 [2073526, 7, 16, 0, 0, 0, 22, 29, 39] 0 [1, 0, 0, 0, 0] 0 
moved_n 0
16 [2073524, 6, 19, 0, 0, 0, 24, 27, 42] 0 [0, 0, 0, 0, 1] 0 
moved_n 0
17 [2073517, 7, 19, 0, 0, 0, 27, 30, 45] 0 [0, 0, 0, 0, 1] 0 
moved_n 0
18 [2073506, 7, 18, 0, 0, 0, 34, 35, 61] 0 [0, 0, 0, 0, 1] 0 
moved_n 0
19 [2073499, 10, 18, 0, 0, 0, 38, 35, 69] 0 [0, 0, 0, 0, 1] 0 
moved_n 0
20 [2073495, 10, 21, 0, 0, 0, 43, 31, 75] 0 [0, 0, 0, 0, 1] 0 
moved_n 0
21 [2073487, 10, 22, 0, 0, 0, 44, 37, 79] 0 [0, 0, 0, 0, 1] 0 
moved_n 0
22 [2073482, 12, 26, 0, 0, 0, 45, 35, 81] 0 [0, 0, 0, 0, 1] 0 
moved_n 0
23 [2073473, 18, 27, 0, 0, 0, 49, 33, 88] 0 [0, 0, 0, 0, 1] 0 
moved_n 0
24 [2073461, 20, 28, 0, 0, 0, 53, 38, 95] 0 [0, 0, 0, 0, 1] 0 
moved_n 0
25 [2073454, 20, 26, 0, 0, 0, 59, 41, 105] 0 [0, 0, 0, 0, 2] 0 
moved_n 0
26 [2073445, 19, 28, 0, 0, 0, 66, 42, 115] 0 [1, 0, 0, 0, 2] 0 
moved_n 0
27 [2073438, 17, 27, 0, 0, 0, 74, 44, 125] 0 [2, 0, 0, 0, 2] 0 
moved_n 0
28 [2073421, 20, 31, 0, 0, 0, 76, 52, 128] 0 [5, 0, 0, 0, 2] 0 
moved_n 0
29 [2073406, 22, 34, 0, 0, 0, 83, 55, 138] 0 [5, 0, 0, 0, 2] 0 
moved_n 0
30 [2073391, 19, 33, 0, 0, 0, 94, 63, 157] 0 [5, 0, 0, 0, 2] 0 
moved_n 0
31 [2073379, 19, 35, 0, 0, 0, 101, 66, 169] 0 [5, 0, 0, 0, 2] 0 
moved_n 0
32 [2073366, 20, 36, 1, 0, 0, 105, 72, 172] 0 [5, 0, 0, 0, 2] 0 
moved_n 0
33 [2073352, 20, 45, 1, 0, 0, 113, 69, 184] 0 [4, 0, 0, 0, 3] 0 
moved_n 0
34 [2073339, 23, 52, 1, 0, 0, 118, 67, 195] 0 [4, 0, 0, 0, 4] 0 
moved_n 0
35 [2073312, 22, 59, 1, 0, 0, 127, 79, 224] 0 [2, 0, 0, 0, 7] 0 
moved_n 0
36 [2073292, 19, 62, 1, 0, 0, 139, 87, 250] 0 [3, 0, 0, 0, 7] 0 
moved_n 0
37 [2073276, 22, 65, 1, 0, 0, 146, 90, 260] 0 [4, 0, 0, 0, 7] 0 
moved_n 0
38 [2073251, 24, 68, 2, 0, 0, 154, 101, 271] 0 [5, 1, 0, 0, 7] 0 
moved_n 0
39 [2073218, 25, 73, 2, 0, 0, 161, 121, 282] 0 [5, 1, 0, 0, 7] 0 
moved_n 0
40 [2073190, 32, 75, 3, 0, 0, 178, 122, 307] 0 [6, 1, 0, 0, 9] 0 
moved_n 0
41 [2073164, 36, 77, 3, 0, 0, 192, 128, 330] 0 [8, 1, 0, 0, 10] 0 
moved_n 0
42 [2073134, 37, 76, 4, 0, 0, 207, 142, 356] 0 [7, 1, 0, 0, 12] 0 
moved_n 0
43 [2073112, 41, 85, 4, 0, 0, 219, 139, 375] 0 [7, 1, 0, 0, 14] 0 
moved_n 0
44 [2073081, 44, 102, 4, 0, 0, 232, 137, 409] 0 [7, 1, 0, 0, 16] 0 
moved_n 0
45 [2073039, 52, 109, 4, 0, 0, 245, 151, 431] 0 [7, 1, 0, 0, 20] 0 
moved_n 0
46 [2073006, 54, 121, 4, 0, 0, 257, 158, 450] 0 [7, 1, 0, 0, 22] 0 
moved_n 0
47 [2072964, 52, 126, 4, 0, 0, 284, 170, 491] 0 [8, 1, 0, 0, 26] 0 
moved_n 0
48 [2072923, 48, 130, 6, 0, 0, 304, 189, 527] 0 [8, 1, 0, 0, 32] 0 
moved_n 0
49 [2072882, 50, 144, 6, 0, 0, 319, 199, 547] 0 [9, 1, 0, 0, 33] 0 
moved_n 0
50 [2072836, 58, 153, 6, 0, 0, 344, 203, 593] 0 [10, 1, 0, 0, 35] 0 
moved_n 0
51 [2072783, 60, 151, 6, 0, 0, 377, 223, 649] 0 [10, 1, 0, 0, 37] 0 
moved_n 0
52 [2072745, 56, 169, 6, 0, 0, 405, 219, 696] 0 [11, 1, 0, 0, 41] 0 
moved_n 0
53 [2072706, 64, 175, 6, 0, 1, 431, 217, 740] 0 [15, 1, 0, 0, 44] 0 
moved_n 0
54 [2072661, 63, 187, 7, 0, 0, 461, 221, 782] 0 [13, 1, 0, 0, 51] 0 
moved_n 0
55 [2072600, 74, 200, 7, 0, 0, 483, 236, 822] 0 [15, 1, 0, 0, 55] 0 
moved_n 0
56 [2072525, 90, 205, 9, 0, 0, 513, 258, 874] 0 [15, 2, 0, 0, 60] 0 
moved_n 0
57 [2072449, 83, 208, 10, 0, 0, 554, 296, 935] 0 [15, 2, 0, 0, 63] 0 
moved_n 0
58 [2072378, 81, 216, 9, 0, 1, 587, 328, 990] 0 [15, 1, 0, 1, 70] 0 
moved_n 0
59 [2072309, 88, 211, 10, 0, 0, 630, 352, 1057] 0 [12, 1, 0, 0, 79] 0 
moved_n 0
60 [2072226, 94, 227, 9, 0, 1, 669, 374, 1118] 0 [14, 1, 0, 0, 91] 0 
moved_n 0
61 [2072146, 105, 249, 11, 0, 0, 710, 379, 1184] 0 [21, 1, 0, 0, 94] 0 
moved_n 0
62 [2072061, 114, 269, 12, 0, 1, 755, 388, 1262] 0 [21, 1, 0, 0, 99] 0 
moved_n 0
63 [2071990, 116, 285, 13, 0, 0, 808, 388, 1346] 0 [26, 1, 0, 0, 107] 0 
moved_n 0
64 [2071890, 132, 299, 14, 0, 0, 846, 419, 1413] 0 [25, 2, 0, 0, 114] 0 
moved_n 0
65 [2071791, 151, 321, 17, 0, 0, 885, 435, 1490] 0 [33, 3, 0, 0, 122] 0 
moved_n 0
66 [2071685, 160, 347, 20, 0, 0, 927, 461, 1554] 0 [39, 3, 0, 0, 126] 0 
moved_n 0
67 [2071570, 169, 364, 20, 0, 0, 986, 491, 1648] 0 [41, 3, 0, 0, 139] 0 
moved_n 0
68 [2071451, 168, 362, 18, 0, 2, 1060, 539, 1772] 0 [36, 3, 0, 0, 157] 0 
moved_n 0
69 [2071314, 165, 390, 19, 0, 0, 1136, 576, 1906] 0 [38, 3, 0, 0, 165] 0 
moved_n 0
70 [2071181, 164, 418, 20, 0, 0, 1207, 610, 2010] 0 [37, 3, 0, 0, 180] 0 
moved_n 0
71 [2071043, 175, 445, 21, 0, 0, 1274, 642, 2112] 0 [41, 3, 0, 0, 191] 0 
moved_n 0
72 [2070908, 182, 473, 21, 0, 0, 1354, 662, 2246] 0 [41, 3, 0, 0, 208] 0 
moved_n 0
73 [2070739, 189, 504, 21, 0, 1, 1434, 712, 2398] 0 [42, 3, 0, 0, 220] 0 
moved_n 0
74 [2070558, 205, 539, 21, 0, 1, 1520, 756, 2530] 0 [44, 4, 0, 0, 237] 0 
moved_n 0
75 [2070361, 230, 575, 22, 0, 0, 1592, 820, 2654] 0 [50, 5, 0, 0, 251] 0 
moved_n 0
76 [2070143, 248, 593, 22, 0, 2, 1692, 900, 2807] 0 [50, 6, 0, 1, 279] 0 
moved_n 0
77 [2069944, 262, 617, 22, 0, 1, 1790, 964, 2979] 0 [53, 6, 0, 0, 292] 0 
moved_n 0
78 [2069705, 282, 660, 23, 0, 0, 1896, 1034, 3164] 0 [60, 7, 0, 0, 311] 0 
moved_n 0
79 [2069478, 302, 706, 24, 0, 1, 2009, 1080, 3344] 0 [66, 8, 0, 0, 333] 0 
moved_n 0
80 [2069259, 322, 764, 24, 0, 0, 2129, 1102, 3585] 0 [68, 8, 0, 0, 363] 0 
moved_n 0
81 [2068987, 338, 823, 29, 0, 2, 2265, 1156, 3831] 0 [68, 10, 0, 0, 391] 0 
moved_n 0
82 [2068712, 349, 873, 33, 0, 2, 2399, 1232, 4070] 0 [70, 12, 0, 0, 419] 0 
moved_n 0
83 [2068424, 373, 952, 35, 0, 1, 2534, 1281, 4291] 0 [84, 13, 0, 0, 442] 0 
moved_n 0
84 [2068152, 407, 1012, 37, 0, 1, 2665, 1326, 4511] 0 [95, 13, 0, 1, 467] 0 
moved_n 0
85 [2067786, 415, 1054, 35, 0, 3, 2834, 1473, 4771] 0 [92, 12, 0, 1, 511] 0 
moved_n 0
86 [2067466, 444, 1119, 33, 0, 3, 3014, 1521, 5047] 0 [95, 13, 0, 0, 552] 0 
moved_n 0
87 [2067083, 482, 1161, 33, 0, 0, 3212, 1629, 5383] 0 [112, 13, 0, 0, 591] 0 
moved_n 0
88 [2066700, 501, 1212, 36, 0, 0, 3427, 1724, 5720] 0 [130, 14, 0, 0, 644] 0 
moved_n 0
89 [2066283, 524, 1261, 38, 0, 1, 3624, 1869, 6046] 0 [143, 15, 0, 0, 677] 0 
moved_n 0
90 [2065864, 573, 1337, 42, 1, 1, 3860, 1922, 6439] 1 [157, 17, 0, 0, 729] 0 
moved_n 0
91 [2065412, 583, 1416, 47, 0, 1, 4086, 2054, 6800] 1 [158, 20, 0, 0, 779] 0 
moved_n 0
92 [2064919, 644, 1518, 51, 0, 0, 4303, 2164, 7144] 1 [176, 23, 0, 0, 823] 0 
moved_n 0
93 [2064425, 669, 1606, 52, 0, 1, 4571, 2275, 7610] 1 [182, 24, 0, 0, 873] 0 
moved_n 0
94 [2063898, 700, 1715, 56, 0, 1, 4844, 2385, 8078] 1 [185, 25, 0, 1, 946] 0 
moved_n 0
95 [2063270, 724, 1820, 63, 0, 1, 5127, 2594, 8547] 1 [196, 24, 0, 1, 1010] 0 
moved_n 0
96 [2062630, 783, 1941, 62, 1, 2, 5398, 2782, 8986] 2 [204, 22, 1, 2, 1071] 1 
moved_n 0
97 [2061965, 831, 2023, 65, 0, 1, 5759, 2954, 9648] 2 [212, 23, 0, 0, 1154] 1 
moved_n 0
98 [2061257, 902, 2124, 68, 0, 1, 6078, 3168, 10183] 2 [231, 23, 0, 1, 1223] 1 
moved_n 0
99 [2060494, 947, 2223, 70, 1, 2, 6457, 3404, 10807] 3 [241, 24, 1, 1, 1304] 2 
moved_n 0
100 [2059751, 1018, 2392, 76, 1, 0, 6840, 3519, 11446] 4 [258, 26, 1, 0, 1388] 3 
moved_n 0
101 [2058917, 1075, 2560, 73, 0, 7, 7251, 3713, 12153] 4 [273, 24, 0, 2, 1474] 3 
moved_n 0
102 [2057999, 1153, 2720, 80, 0, 6, 7672, 3966, 12861] 4 [292, 23, 0, 2, 1592] 3 
moved_n 0
103 [2057113, 1229, 2899, 82, 3, 3, 8123, 4144, 13619] 7 [318, 22, 0, 1, 1701] 3 
moved_n 0
104 [2056139, 1312, 3090, 83, 1, 3, 8610, 4355, 14458] 8 [329, 24, 0, 1, 1804] 3 
moved_n 0
105 [2055161, 1376, 3271, 92, 0, 0, 9102, 4590, 15283] 8 [337, 26, 0, 0, 1918] 3 
moved_n 0
106 [2054071, 1476, 3481, 94, 2, 1, 9621, 4846, 16156] 10 [373, 25, 0, 1, 2030] 3 
moved_n 0
107 [2052878, 1556, 3691, 98, 1, 0, 10245, 5121, 17152] 11 [399, 26, 0, 0, 2174] 3 
moved_n 0
108 [2051629, 1647, 3843, 103, 2, 3, 10878, 5484, 18207] 13 [442, 26, 0, 1, 2317] 3 
moved_n 0
109 [2050276, 1736, 4056, 110, 1, 2, 11543, 5863, 19287] 14 [465, 28, 0, 1, 2488] 3 
moved_n 0
110 [2048834, 1799, 4265, 114, 0, 5, 12242, 6327, 20496] 14 [487, 29, 0, 2, 2662] 3 
moved_n 0
111 [2047463, 1867, 4523, 120, 2, 5, 12998, 6608, 21722] 16 [504, 32, 0, 2, 2838] 3 
moved_n 0
112 [2045869, 2023, 4810, 129, 1, 3, 13740, 7009, 23021] 17 [545, 33, 0, 2, 3006] 3 
moved_n 0
113 [2044244, 2149, 5091, 142, 1, 2, 14569, 7385, 24337] 18 [578, 34, 0, 1, 3190] 3 
moved_n 0
114 [2042574, 2305, 5368, 151, 0, 3, 15479, 7702, 25859] 18 [621, 34, 0, 2, 3409] 3 
moved_n 0
115 [2040804, 2459, 5766, 157, 1, 6, 16359, 8030, 27365] 19 [660, 37, 0, 0, 3649] 3 
moved_n 0
116 [2038885, 2550, 6066, 176, 0, 1, 17325, 8578, 28887] 19 [686, 39, 0, 0, 3892] 3 
moved_n 0
117 [2036920, 2759, 6477, 182, 1, 2, 18291, 8949, 30474] 20 [762, 42, 0, 1, 4144] 3 
moved_n 0
118 [2034730, 2900, 6867, 198, 3, 4, 19364, 9514, 32288] 23 [814, 45, 1, 1, 4384] 4 
moved_n 0
119 [2032521, 2970, 7265, 215, 0, 5, 20548, 10053, 34183] 23 [840, 50, 0, 3, 4661] 4 
moved_n 0
jump_distance_rate 1.0 -> 0.9
120 [2030141, 3079, 7683, 220, 2, 6, 21783, 10663, 36166] 25 [876, 51, 0, 3, 4967] 4 
moved_n 322
121 [2027607, 3253, 8077, 239, 1, 3, 23117, 11278, 38328] 26 [923, 58, 1, 0, 5309] 5 
moved_n 311
122 [2024960, 3422, 8440, 243, 1, 9, 24539, 11960, 40638] 27 [964, 62, 0, 1, 5673] 5 
moved_n 321
123 [2022216, 3674, 8999, 256, 1, 6, 25907, 12514, 42778] 28 [1043, 66, 1, 0, 6000] 6 
moved_n 355
124 [2019411, 3860, 9428, 272, 1, 4, 27486, 13110, 45235] 29 [1085, 68, 1, 3, 6406] 7 
moved_n 317
125 [2016361, 4070, 9961, 286, 0, 9, 29104, 13780, 47791] 29 [1142, 74, 0, 2, 6815] 7 
moved_n 403
126 [2013154, 4370, 10517, 308, 2, 4, 30763, 14453, 50441] 31 [1229, 84, 2, 0, 7260] 9 
moved_n 438
127 [2009774, 4638, 11119, 325, 1, 5, 32521, 15186, 53165] 32 [1308, 88, 0, 1, 7713] 9 
moved_n 437
128 [2006147, 4853, 11719, 344, 3, 10, 34423, 16069, 56225] 35 [1384, 93, 1, 1, 8168] 10 
moved_n 452
129 [2002395, 5081, 12333, 358, 3, 10, 36369, 17016, 59277] 38 [1466, 95, 1, 3, 8678] 11 
moved_n 445
130 [1998408, 5346, 12923, 383, 1, 9, 38539, 17953, 62621] 39 [1548, 105, 0, 3, 9269] 11 
moved_n 532
131 [1994211, 5604, 13644, 402, 3, 13, 40741, 18943, 66042] 42 [1633, 106, 1, 5, 9834] 12 
moved_n 566
132 [1989867, 5910, 14328, 426, 1, 12, 43107, 19907, 69772] 43 [1706, 116, 0, 2, 10449] 12 
moved_n 567
133 [1985209, 6235, 15100, 446, 6, 12, 45611, 20938, 73688] 49 [1796, 122, 2, 1, 11098] 14 
moved_n 548
134 [1980485, 6586, 15853, 467, 4, 11, 48235, 21910, 77759] 53 [1871, 132, 2, 1, 11771] 16 
moved_n 584
135 [1975437, 6932, 16741, 499, 1, 12, 50954, 22971, 82055] 54 [1983, 148, 0, 2, 12478] 16 
moved_n 654
136 [1970196, 7372, 17674, 526, 5, 18, 53740, 24015, 86393] 59 [2135, 165, 0, 2, 13225] 16 
moved_n 725
137 [1964663, 7742, 18606, 553, 4, 8, 56761, 25204, 91063] 63 [2248, 173, 1, 4, 14025] 17 
moved_n 818
138 [1958807, 8185, 19611, 570, 4, 21, 59937, 26402, 95899] 67 [2393, 180, 2, 5, 14843] 19 
moved_n 789
139 [1952834, 8619, 20506, 602, 4, 18, 63299, 27651, 100999] 71 [2532, 192, 0, 6, 15730] 19 
moved_n 706
140 [1946479, 9063, 21473, 637, 0, 10, 66909, 28958, 106449] 71 [2694, 206, 0, 3, 16702] 19 
moved_n 839
141 [1939712, 9471, 22546, 661, 7, 21, 70627, 30484, 112175] 78 [2848, 211, 4, 7, 17681] 23 
moved_n 816
142 [1932656, 9943, 23604, 713, 1, 12, 74586, 32007, 118079] 79 [3017, 225, 0, 4, 18746] 23 
moved_n 942
143 [1925342, 10455, 24733, 764, 3, 17, 78742, 33465, 124355] 82 [3167, 244, 0, 2, 19889] 23 
moved_n 1000
144 [1917706, 10957, 25867, 803, 2, 18, 83037, 35128, 130852] 84 [3332, 254, 2, 6, 21010] 25 
moved_n 993
145 [1909542, 11403, 27110, 840, 6, 18, 87660, 36937, 137867] 90 [3484, 262, 1, 7, 22249] 26 
moved_n 1033
146 [1901133, 12011, 28528, 887, 2, 26, 92344, 38579, 144973] 92 [3666, 273, 1, 11, 23530] 27 
moved_n 1115
147 [1892486, 12534, 30006, 936, 9, 21, 97346, 40170, 152274] 101 [3770, 284, 1, 4, 24928] 28 
moved_n 1200
148 [1883367, 13161, 31411, 991, 8, 30, 102556, 41975, 160091] 109 [3988, 300, 5, 7, 26312] 33 
moved_n 1206
149 [1873949, 13862, 32811, 1039, 8, 23, 108042, 43757, 168295] 117 [4162, 315, 0, 6, 27820] 33 
moved_n 1368
150 [1864276, 14518, 34452, 1089, 7, 30, 113845, 45266, 176771] 124 [4374, 331, 4, 11, 29449] 37 
moved_n 1319
151 [1853991, 15274, 36105, 1139, 6, 32, 119787, 47142, 185492] 130 [4582, 351, 3, 5, 31074] 40 
moved_n 1356
152 [1843335, 15987, 37670, 1198, 11, 34, 126084, 49151, 194555] 141 [4811, 371, 1, 11, 32810] 41 
moved_n 1462
153 [1832283, 16658, 39344, 1242, 7, 35, 132806, 51084, 204249] 148 [5057, 394, 2, 8, 34663] 43 
moved_n 1479
154 [1820953, 17383, 40959, 1316, 8, 32, 139805, 52996, 214387] 156 [5346, 411, 3, 12, 36571] 46 
moved_n 1587
155 [1809027, 18078, 42625, 1368, 10, 42, 147045, 55249, 224630] 166 [5591, 421, 2, 17, 38569] 48 
moved_n 1614
156 [1796772, 18689, 44658, 1420, 13, 44, 154619, 57219, 235281] 179 [5815, 435, 5, 16, 40683] 53 
moved_n 1718
157 [1784185, 19456, 46374, 1486, 10, 37, 162723, 59150, 246788] 189 [6033, 451, 4, 12, 43006] 57 
moved_n 1888
158 [1771048, 20231, 48220, 1558, 8, 40, 171071, 61235, 258611] 197 [6296, 476, 2, 13, 45377] 59 
moved_n 1918
159 [1757824, 20961, 50153, 1616, 15, 46, 179659, 63129, 270533] 212 [6546, 489, 7, 15, 47804] 66 
moved_n 1972
160 [1743850, 21800, 52087, 1711, 14, 40, 188709, 65177, 282824] 226 [6777, 516, 4, 16, 50384] 70 
moved_n 2022
161 [1729603, 22507, 54146, 1819, 9, 48, 198073, 67169, 295602] 235 [7029, 543, 3, 16, 53007] 73 
moved_n 2082
162 [1714781, 23333, 56245, 1883, 15, 57, 207647, 69404, 308445] 250 [7329, 559, 2, 16, 55809] 75 
moved_n 2206
163 [1699711, 24362, 58087, 1924, 18, 64, 217847, 71337, 321940] 268 [7690, 584, 3, 19, 58736] 78 
moved_n 2143
164 [1684216, 25018, 59967, 2018, 18, 52, 228435, 73608, 335979] 286 [7922, 612, 4, 15, 61713] 82 
moved_n 2376
165 [1668583, 25885, 62006, 2118, 12, 51, 239392, 75267, 350363] 298 [8214, 643, 3, 14, 64784] 85 
moved_n 2354
166 [1652322, 26706, 64058, 2220, 21, 59, 250635, 77281, 365180] 319 [8476, 682, 6, 16, 68053] 91 
moved_n 2487
167 [1635903, 27538, 66128, 2316, 9, 65, 262444, 78878, 380370] 328 [8784, 712, 4, 15, 71425] 95 
moved_n 2560
168 [1619012, 28430, 68026, 2379, 23, 79, 274624, 80699, 395850] 351 [9087, 735, 5, 25, 74984] 100 
moved_n 2630
169 [1601920, 29328, 70000, 2485, 24, 56, 287140, 82296, 411842] 375 [9389, 764, 6, 14, 78739] 106 
moved_n 2752
170 [1584288, 30099, 71689, 2613, 24, 57, 300160, 84295, 428239] 399 [9723, 803, 4, 23, 82625] 110 
moved_n 2740
171 [1566549, 31109, 73725, 2677, 44, 74, 313250, 85773, 444461] 443 [10036, 822, 15, 27, 86424] 125 
moved_n 2804
172 [1548031, 31779, 75526, 2737, 65, 52, 327095, 87872, 461498] 508 [10318, 839, 22, 17, 90424] 147 
moved_n 2900
173 [1529832, 32581, 77354, 2805, 59, 59, 341222, 89180, 478617] 567 [10563, 874, 16, 16, 94646] 163 
moved_n 2946
174 [1511336, 33252, 78947, 2872, 69, 57, 355916, 90584, 496531] 636 [10856, 902, 20, 21, 98995] 183 
moved_n 3037
175 [1492509, 33830, 80872, 2995, 56, 46, 370877, 91779, 514352] 692 [11137, 943, 19, 9, 103446] 202 
moved_n 3119
176 [1473613, 34446, 82520, 3056, 60, 66, 386211, 92936, 532607] 752 [11359, 972, 11, 25, 108049] 213 
moved_n 3180
177 [1454704, 35214, 84627, 3139, 69, 60, 401708, 93327, 550596] 821 [11630, 1001, 18, 19, 112782] 231 
moved_n 3158
178 [1435522, 35696, 86064, 3232, 80, 42, 417833, 94310, 569206] 901 [11885, 1034, 30, 8, 117535] 261 
moved_n 3286
179 [1416352, 36238, 87572, 3319, 74, 52, 434108, 94984, 587469] 975 [12102, 1069, 25, 17, 122594] 286 
moved_n 3448
180 [1397194, 36761, 88961, 3419, 86, 47, 450842, 95315, 606412] 1061 [12343, 1098, 27, 19, 127642] 313 
moved_n 3475
181 [1377837, 37267, 90217, 3542, 94, 48, 467758, 95776, 625116] 1155 [12541, 1152, 32, 11, 132774] 345 
moved_n 3602
182 [1358326, 37777, 90944, 3616, 107, 55, 485242, 96378, 644150] 1262 [12740, 1179, 29, 16, 138105] 374 
moved_n 3606
183 [1339136, 38335, 91822, 3719, 93, 36, 502811, 96386, 662907] 1355 [12957, 1223, 26, 8, 143560] 400 
moved_n 3322
184 [1319888, 38582, 92252, 3817, 87, 41, 521114, 96464, 682575] 1442 [13055, 1258, 26, 14, 149214] 426 
moved_n 3550
185 [1300782, 38846, 92937, 3913, 112, 23, 539133, 96412, 701599] 1554 [13194, 1287, 43, 9, 154916] 469 
moved_n 3526
186 [1281427, 39243, 93443, 3985, 113, 33, 557392, 96410, 720455] 1667 [13336, 1318, 36, 8, 160584] 505 
moved_n 3605
187 [1262369, 39526, 93840, 4090, 98, 47, 576006, 95957, 739599] 1765 [13586, 1352, 21, 14, 166362] 526 
moved_n 3708
188 [1243634, 39669, 93975, 4203, 101, 37, 594714, 95502, 758553] 1866 [13675, 1395, 29, 10, 172237] 555 
moved_n 3697
189 [1225223, 39707, 94264, 4321, 108, 27, 613419, 94665, 777173] 1974 [13733, 1429, 40, 11, 178174] 595 
moved_n 3749
190 [1207148, 39625, 94266, 4366, 146, 35, 632406, 93634, 795804] 2120 [13832, 1448, 40, 14, 184123] 635 
moved_n 3673
191 [1189061, 39676, 94387, 4453, 132, 21, 651384, 92366, 814412] 2252 [13901, 1456, 45, 8, 190218] 680 
moved_n 3688
192 [1171324, 39577, 94390, 4525, 139, 24, 670324, 91045, 832492] 2391 [13870, 1482, 44, 7, 196288] 724 
moved_n 3542
193 [1153599, 39420, 93939, 4653, 106, 27, 689430, 90035, 850814] 2497 [13926, 1533, 32, 14, 202332] 756 
moved_n 3569
194 [1136394, 39029, 93271, 4658, 162, 31, 708729, 88829, 868544] 2659 [13779, 1560, 47, 4, 208596] 803 
moved_n 3666
195 [1119546, 38545, 92654, 4732, 133, 26, 727703, 87602, 886070] 2792 [13618, 1581, 54, 11, 214751] 857 
moved_n 3692
196 [1102814, 38190, 91849, 4787, 152, 24, 746745, 86247, 903325] 2944 [13610, 1605, 49, 7, 220959] 906 
moved_n 3599
197 [1086508, 37684, 90966, 4851, 140, 28, 765663, 84816, 920442] 3084 [13449, 1629, 43, 12, 227116] 949 
moved_n 3573
198 [1070619, 37111, 89925, 4893, 147, 22, 784819, 82980, 937605] 3231 [13313, 1645, 51, 7, 233433] 1000 
moved_n 3399
199 [1054981, 36613, 88557, 4981, 138, 9, 803677, 81413, 954409] 3369 [13233, 1673, 49, 1, 239696] 1049 
moved_n 3395
200 [1039786, 36111, 87224, 4972, 171, 36, 822171, 79760, 970699] 3540 [13062, 1672, 61, 9, 245879] 1110 
moved_n 3327
201 [1025001, 35788, 85891, 4994, 159, 20, 840394, 77813, 986558] 3699 [12968, 1670, 59, 6, 251874] 1169 
moved_n 3396
202 [1010633, 35379, 84513, 5068, 148, 14, 858271, 75875, 1001498] 3847 [12954, 1687, 50, 5, 257751] 1219 
moved_n 3313
203 [996520, 34850, 82848, 5108, 154, 26, 876148, 74099, 1016364] 4001 [12736, 1702, 51, 12, 263785] 1270 
moved_n 3171
204 [982960, 34342, 81278, 5100, 171, 22, 893705, 72021, 1031143] 4172 [12599, 1692, 61, 10, 269704] 1331 
moved_n 3151
205 [969876, 33652, 79436, 5116, 189, 22, 911227, 69910, 1045317] 4361 [12439, 1704, 59, 8, 275643] 1390 
moved_n 3064
206 [956988, 32960, 77701, 5151, 159, 20, 928247, 68013, 1059229] 4520 [12255, 1724, 52, 4, 281534] 1442 
moved_n 2971
207 [944663, 32217, 75967, 5169, 170, 18, 944906, 65970, 1072653] 4690 [12009, 1746, 51, 5, 287274] 1493 
moved_n 2897
208 [932809, 31431, 74173, 5172, 151, 21, 961442, 63711, 1085797] 4841 [11760, 1752, 48, 6, 292929] 1541 
moved_n 2826
209 [921160, 30639, 72234, 5186, 158, 18, 977564, 61800, 1098568] 4999 [11503, 1758, 45, 8, 298561] 1586 
moved_n 2887
210 [909907, 29684, 70419, 5184, 155, 16, 993267, 59969, 1110866] 5154 [11182, 1758, 51, 7, 303977] 1637 
moved_n 2799
211 [898995, 28892, 68474, 5168, 175, 22, 1008727, 57993, 1122912] 5329 [10959, 1755, 64, 10, 309365] 1701 
moved_n 2695
212 [888448, 27997, 66512, 5158, 166, 19, 1023756, 56215, 1134420] 5495 [10627, 1776, 52, 6, 314658] 1753 
moved_n 2670
213 [878455, 27099, 64477, 5149, 167, 15, 1038389, 54354, 1145473] 5662 [10352, 1772, 66, 2, 319853] 1819 
moved_n 2487
214 [868808, 26270, 62609, 5125, 166, 22, 1052586, 52352, 1156109] 5828 [10131, 1773, 54, 7, 324913] 1873 
moved_n 2542
215 [859480, 25521, 60539, 5079, 174, 14, 1066538, 50427, 1166711] 6002 [9899, 1765, 60, 7, 329821] 1933 
moved_n 2336
216 [850653, 24657, 58768, 5052, 154, 25, 1079947, 48342, 1176630] 6156 [9582, 1755, 53, 8, 334642] 1986 
moved_n 2105
217 [842142, 23998, 56908, 5003, 171, 25, 1092891, 46306, 1186165] 6327 [9389, 1741, 59, 9, 339260] 2045 
moved_n 2208
218 [833990, 23079, 54955, 4962, 164, 26, 1105632, 44465, 1195486] 6491 [9050, 1735, 54, 9, 343773] 2099 
moved_n 2140
219 [826273, 22355, 53011, 4889, 166, 14, 1117866, 42535, 1204182] 6657 [8774, 1717, 60, 4, 348193] 2159 
moved_n 1996
220 [818932, 21660, 51183, 4841, 154, 20, 1129605, 40548, 1212423] 6811 [8455, 1716, 52, 4, 352443] 2211 
moved_n 1993
221 [811726, 20833, 49191, 4774, 175, 27, 1141136, 38927, 1220559] 6986 [8131, 1689, 69, 6, 356700] 2280 
moved_n 1880
222 [805102, 19908, 47410, 4729, 148, 15, 1152262, 37040, 1228321] 7134 [7849, 1691, 46, 6, 360851] 2326 
moved_n 1784
223 [798635, 19175, 45421, 4654, 156, 26, 1163044, 35355, 1235718] 7290 [7609, 1682, 50, 5, 364794] 2376 
moved_n 1669
224 [792450, 18249, 43523, 4610, 146, 25, 1173484, 33823, 1242806] 7436 [7238, 1675, 50, 8, 368621] 2426 
moved_n 1770
225 [786610, 17534, 41590, 4563, 151, 17, 1183377, 32322, 1249501] 7587 [6959, 1671, 50, 4, 372230] 2476 
moved_n 1679
226 [781042, 16727, 39952, 4488, 161, 32, 1192927, 30684, 1255867] 7748 [6654, 1639, 58, 16, 375736] 2534 
moved_n 1560
227 [775690, 15856, 38138, 4392, 164, 29, 1202171, 29412, 1261985] 7912 [6375, 1610, 54, 14, 379192] 2588 
moved_n 1556
228 [770541, 15154, 36482, 4292, 168, 27, 1210930, 28094, 1267769] 8080 [6109, 1582, 55, 9, 382508] 2643 
moved_n 1383
229 [765885, 14545, 34791, 4206, 148, 31, 1219349, 26565, 1273233] 8228 [5829, 1554, 57, 10, 385748] 2700 
moved_n 1427
230 [761460, 13837, 33205, 4103, 159, 39, 1227419, 25150, 1278410] 8387 [5577, 1525, 51, 13, 388823] 2751 
moved_n 1298
231 [757360, 13223, 31694, 3999, 143, 44, 1235068, 23682, 1283422] 8530 [5375, 1489, 48, 12, 391707] 2799 
moved_n 1249
232 [753338, 12638, 30305, 3901, 144, 33, 1242359, 22352, 1288110] 8674 [5140, 1457, 60, 10, 394488] 2859 
moved_n 1188
233 [749483, 12090, 28807, 3829, 125, 35, 1249499, 21058, 1292610] 8799 [4936, 1429, 48, 11, 397170] 2907 
moved_n 1138
234 [746003, 11469, 27467, 3753, 117, 29, 1256081, 19882, 1296795] 8916 [4688, 1408, 42, 11, 399725] 2949 
moved_n 1117
235 [742489, 10877, 26031, 3652, 137, 37, 1262490, 18971, 1300690] 9053 [4445, 1370, 53, 14, 402215] 3002 
moved_n 1063
236 [739262, 10277, 24554, 3562, 121, 44, 1268629, 18098, 1304396] 9174 [4226, 1340, 41, 14, 404587] 3043 
moved_n 948
237 [736276, 9747, 23276, 3454, 115, 59, 1274437, 17062, 1307918] 9289 [4021, 1299, 45, 26, 406829] 3088 
moved_n 902
238 [733447, 9304, 22026, 3354, 108, 51, 1279985, 16036, 1311365] 9397 [3865, 1267, 35, 15, 408985] 3123 
moved_n 919
239 [730767, 8730, 20753, 3241, 105, 50, 1285321, 15236, 1314632] 9502 [3644, 1231, 39, 16, 411116] 3162 
moved_n 902
240 [728266, 8252, 19618, 3101, 130, 62, 1290446, 14223, 1317744] 9632 [3423, 1171, 55, 25, 413123] 3217 
moved_n 756
241 [725917, 7938, 18509, 2997, 80, 70, 1295112, 13345, 1320480] 9712 [3269, 1138, 34, 23, 415017] 3251 
moved_n 755
242 [723688, 7475, 17539, 2867, 105, 74, 1299552, 12588, 1323143] 9817 [3132, 1093, 39, 27, 416786] 3290 
moved_n 707
243 [721530, 7090, 16655, 2770, 79, 73, 1303669, 11917, 1325563] 9896 [3005, 1059, 35, 22, 418387] 3325 
moved_n 701
244 [719538, 6628, 15788, 2660, 71, 85, 1307705, 11229, 1327945] 9967 [2846, 1022, 26, 32, 419967] 3351 
moved_n 580
245 [717688, 6219, 14845, 2557, 59, 91, 1311596, 10578, 1330220] 10026 [2669, 994, 19, 34, 421519] 3370 
moved_n 622
246 [715977, 5855, 14095, 2426, 61, 99, 1315121, 9940, 1332216] 10087 [2515, 957, 28, 27, 422938] 3398 
moved_n 562
247 [714348, 5487, 13188, 2318, 45, 96, 1318691, 9340, 1334337] 10132 [2408, 916, 13, 39, 424336] 3411 
moved_n 519
248 [712842, 5140, 12475, 2197, 42, 109, 1321975, 8688, 1336285] 10174 [2267, 874, 16, 43, 425676] 3427 
moved_n 529
249 [711413, 4864, 11764, 2051, 38, 141, 1325030, 8125, 1338000] 10212 [2114, 829, 18, 45, 426951] 3445 
moved_n 450
250 [710071, 4579, 11079, 1944, 19, 112, 1327967, 7617, 1339615] 10231 [1975, 783, 9, 47, 428120] 3454 
moved_n 409
251 [708817, 4346, 10333, 1819, 13, 149, 1330732, 7160, 1341234] 10244 [1835, 749, 6, 45, 429252] 3460 
moved_n 419
252 [707601, 4060, 9750, 1678, 10, 162, 1333348, 6747, 1342674] 10254 [1724, 698, 3, 62, 430293] 3463 
moved_n 381
253 [706503, 3836, 9134, 1544, 11, 151, 1335828, 6339, 1344052] 10265 [1641, 651, 7, 51, 431299] 3470 
moved_n 384
254 [705512, 3585, 8600, 1412, 6, 149, 1338170, 5901, 1345358] 10271 [1536, 599, 2, 63, 432237] 3472 
moved_n 315
255 [704550, 3344, 8032, 1280, 12, 141, 1340449, 5521, 1346540] 10283 [1440, 547, 6, 55, 433166] 3478 
moved_n 300
256 [703602, 3116, 7536, 1154, 8, 138, 1342548, 5215, 1347673] 10291 [1353, 495, 3, 57, 434019] 3481 
moved_n 288
257 [702790, 2921, 7096, 1044, 6, 125, 1344516, 4811, 1348716] 10297 [1271, 447, 2, 52, 434840] 3483 
moved_n 261
258 [701966, 2759, 6652, 931, 7, 121, 1346330, 4537, 1349701] 10304 [1216, 400, 5, 48, 435574] 3488 
moved_n 298
259 [701238, 2594, 6179, 851, 6, 92, 1348062, 4274, 1350618] 10310 [1161, 368, 1, 37, 436291] 3489 
moved_n 263
260 [700531, 2433, 5796, 766, 5, 98, 1349642, 4019, 1351503] 10315 [1104, 338, 2, 35, 436953] 3491 
moved_n 176
261 [699889, 2284, 5459, 697, 4, 88, 1351151, 3713, 1352318] 10319 [1035, 310, 2, 33, 437589] 3493 
moved_n 214
262 [699248, 2133, 5085, 629, 5, 76, 1352563, 3542, 1353086] 10324 [959, 283, 3, 29, 438179] 3496 
moved_n 201
263 [698669, 2029, 4763, 561, 5, 74, 1353878, 3297, 1353849] 10329 [907, 252, 2, 35, 438705] 3498 
moved_n 215
264 [698093, 1881, 4437, 500, 7, 65, 1355143, 3145, 1354526] 10336 [854, 230, 0, 28, 439246] 3498 
moved_n 174
265 [697604, 1734, 4196, 463, 5, 44, 1356291, 2927, 1355155] 10341 [795, 208, 3, 22, 439736] 3501 
moved_n 185
266 [697128, 1610, 3970, 428, 6, 44, 1357312, 2761, 1355702] 10347 [726, 189, 2, 27, 440177] 3503 
moved_n 124
267 [696680, 1526, 3739, 395, 2, 42, 1358301, 2568, 1356241] 10349 [671, 177, 0, 18, 440602] 3503 
moved_n 156
268 [696249, 1406, 3495, 366, 4, 30, 1359281, 2420, 1356779] 10353 [620, 165, 1, 14, 441029] 3504 
moved_n 142
269 [695865, 1335, 3327, 344, 2, 35, 1360111, 2228, 1357276] 10355 [594, 154, 1, 18, 441376] 3505 
moved_n 121
270 [695495, 1230, 3096, 333, 0, 22, 1360960, 2109, 1357760] 10355 [544, 148, 0, 11, 441741] 3505 
moved_n 131
271 [695153, 1170, 2899, 310, 2, 36, 1361700, 1975, 1358122] 10357 [519, 139, 0, 17, 442097] 3505 
moved_n 107
272 [694819, 1123, 2688, 286, 3, 27, 1362436, 1861, 1358531] 10360 [491, 129, 1, 14, 442413] 3506 
moved_n 89
273 [694515, 1059, 2542, 269, 2, 25, 1363094, 1734, 1358907] 10362 [470, 122, 1, 10, 442694] 3507 
moved_n 106
274 [694226, 976, 2373, 247, 5, 21, 1363751, 1639, 1359274] 10367 [442, 112, 1, 11, 442967] 3508 
moved_n 104
275 [693951, 931, 2219, 234, 0, 17, 1364337, 1544, 1359595] 10367 [425, 108, 0, 7, 443205] 3508 
moved_n 88
276 [693708, 862, 2056, 223, 1, 15, 1364923, 1445, 1359916] 10368 [400, 104, 1, 6, 443466] 3509 
moved_n 69
277 [693461, 819, 1945, 206, 6, 19, 1365418, 1358, 1360202] 10374 [392, 102, 1, 6, 443661] 3510 
moved_n 69
278 [693265, 753, 1840, 198, 2, 11, 1365907, 1250, 1360465] 10376 [354, 96, 1, 6, 443878] 3511 
moved_n 58
279 [693076, 689, 1751, 185, 1, 14, 1366358, 1150, 1360695] 10377 [342, 91, 1, 6, 444069] 3512 
moved_n 70
280 [692900, 663, 1624, 172, 0, 16, 1366797, 1051, 1360920] 10377 [324, 86, 0, 6, 444272] 3512 
moved_n 66
281 [692697, 612, 1534, 158, 0, 19, 1367192, 1011, 1361142] 10377 [309, 80, 0, 7, 444442] 3512 
moved_n 46
282 [692518, 586, 1438, 148, 1, 11, 1367578, 943, 1361352] 10378 [285, 76, 1, 5, 444617] 3513 
moved_n 60
283 [692358, 541, 1340, 138, 1, 9, 1367928, 907, 1361527] 10379 [261, 70, 0, 6, 444771] 3513 
moved_n 33
284 [692211, 496, 1238, 128, 3, 11, 1368269, 865, 1361719] 10382 [245, 66, 1, 6, 444935] 3514 
moved_n 59
285 [692077, 476, 1130, 118, 1, 10, 1368583, 823, 1361887] 10383 [231, 63, 1, 2, 445074] 3515 
moved_n 48
286 [691943, 451, 1070, 107, 1, 13, 1368878, 754, 1362070] 10384 [208, 54, 1, 8, 445202] 3516 
moved_n 40
287 [691827, 414, 1010, 101, 0, 10, 1369163, 691, 1362219] 10384 [200, 51, 0, 5, 445335] 3516 
moved_n 47
288 [691713, 410, 932, 96, 1, 5, 1369414, 645, 1362363] 10385 [193, 48, 1, 3, 445451] 3517 
moved_n 56
289 [691617, 376, 867, 85, 0, 12, 1369664, 594, 1362474] 10385 [186, 42, 0, 6, 445545] 3517 
moved_n 36
290 [691534, 353, 829, 76, 2, 10, 1369868, 543, 1362574] 10387 [180, 36, 1, 5, 445644] 3518 
moved_n 29
291 [691439, 348, 781, 62, 1, 14, 1370064, 504, 1362690] 10388 [168, 28, 1, 8, 445736] 3519 
moved_n 26
292 [691349, 317, 750, 59, 2, 3, 1370254, 478, 1362786] 10390 [160, 27, 0, 2, 445815] 3519 
moved_n 20
293 [691275, 309, 667, 53, 1, 8, 1370459, 438, 1362897] 10391 [161, 24, 1, 3, 445915] 3520 
moved_n 12
294 [691183, 292, 600, 53, 1, 2, 1370644, 434, 1362983] 10392 [142, 24, 1, 1, 446016] 3521 
moved_n 26
295 [691125, 274, 542, 51, 0, 4, 1370803, 409, 1363072] 10392 [136, 22, 0, 3, 446079] 3521 
moved_n 28
296 [691066, 265, 503, 46, 0, 5, 1370950, 373, 1363150] 10392 [131, 19, 0, 3, 446153] 3521 
moved_n 20
297 [691001, 255, 467, 42, 0, 7, 1371088, 348, 1363217] 10392 [123, 17, 0, 4, 446219] 3521 
moved_n 23
298 [690960, 235, 429, 38, 0, 4, 1371227, 315, 1363280] 10392 [116, 17, 0, 0, 446276] 3521 
moved_n 18
299 [690890, 226, 415, 36, 0, 2, 1371346, 293, 1363359] 10392 [109, 15, 0, 2, 446328] 3521 
moved_n 14
300 [690836, 192, 393, 35, 1, 2, 1371460, 289, 1363435] 10393 [91, 16, 0, 1, 446387] 3521 
moved_n 22
301 [690789, 170, 377, 31, 0, 5, 1371558, 277, 1363477] 10393 [79, 16, 0, 1, 446427] 3521 
moved_n 12
302 [690738, 150, 378, 31, 0, 1, 1371646, 263, 1363522] 10393 [71, 15, 0, 1, 446469] 3521 
moved_n 20
303 [690699, 132, 344, 31, 1, 0, 1371739, 261, 1363568] 10394 [62, 15, 1, 0, 446513] 3522 
moved_n 10
304 [690663, 136, 321, 28, 0, 3, 1371828, 227, 1363624] 10394 [65, 13, 0, 2, 446552] 3522 
moved_n 22
305 [690625, 133, 302, 29, 0, 1, 1371905, 211, 1363678] 10394 [64, 14, 0, 0, 446589] 3522 
moved_n 10
306 [690589, 115, 270, 31, 1, 2, 1371998, 200, 1363730] 10395 [56, 18, 0, 0, 446634] 3522 
moved_n 17
307 [690563, 118, 261, 28, 0, 3, 1372057, 175, 1363756] 10395 [56, 17, 0, 1, 446667] 3522 
moved_n 6
308 [690534, 116, 244, 27, 0, 1, 1372118, 165, 1363802] 10395 [57, 16, 0, 1, 446702] 3522 
moved_n 12
309 [690509, 111, 222, 29, 0, 1, 1372179, 154, 1363831] 10395 [56, 17, 0, 0, 446736] 3522 
moved_n 13
310 [690486, 107, 223, 29, 0, 1, 1372220, 139, 1363849] 10395 [55, 18, 0, 0, 446750] 3522 
moved_n 4
311 [690462, 86, 210, 30, 0, 1, 1372289, 127, 1363880] 10395 [43, 18, 0, 1, 446779] 3522 
moved_n 8
312 [690433, 69, 199, 29, 0, 2, 1372343, 130, 1363911] 10395 [36, 17, 0, 1, 446802] 3522 
moved_n 14
313 [690411, 70, 182, 26, 0, 3, 1372390, 123, 1363932] 10395 [37, 16, 0, 1, 446818] 3522 
moved_n 4
314 [690390, 64, 164, 24, 0, 2, 1372442, 119, 1363962] 10395 [31, 15, 0, 1, 446839] 3522 
moved_n 10
315 [690379, 59, 154, 21, 1, 2, 1372482, 107, 1363987] 10396 [28, 14, 0, 1, 446859] 3522 
moved_n 12
316 [690370, 56, 145, 21, 0, 0, 1372520, 92, 1364005] 10396 [25, 14, 0, 0, 446873] 3522 
moved_n 4
317 [690354, 54, 138, 18, 0, 3, 1372558, 79, 1364023] 10396 [23, 12, 0, 2, 446896] 3522 
moved_n 2
318 [690338, 54, 123, 19, 0, 0, 1372597, 73, 1364041] 10396 [23, 12, 0, 0, 446916] 3522 
moved_n 2
319 [690330, 55, 116, 20, 0, 0, 1372623, 60, 1364051] 10396 [25, 13, 0, 0, 446927] 3522 
moved_n 4
320 [690313, 49, 105, 18, 0, 2, 1372651, 66, 1364063] 10396 [23, 11, 0, 2, 446939] 3522 
moved_n 6
321 [690307, 41, 97, 17, 0, 1, 1372678, 63, 1364077] 10396 [22, 10, 0, 1, 446951] 3522 
moved_n 2
322 [690296, 42, 89, 16, 0, 1, 1372702, 58, 1364087] 10396 [21, 10, 0, 0, 446959] 3522 
moved_n 6
323 [690291, 41, 82, 15, 0, 1, 1372727, 47, 1364104] 10396 [21, 9, 0, 1, 446966] 3522 
moved_n 2
324 [690282, 35, 67, 16, 0, 0, 1372756, 48, 1364118] 10396 [16, 10, 0, 0, 446986] 3522 
moved_n 8
325 [690273, 31, 66, 14, 0, 2, 1372778, 40, 1364133] 10396 [15, 9, 0, 1, 446995] 3522 
moved_n 4
326 [690266, 28, 55, 10, 0, 4, 1372800, 41, 1364141] 10396 [12, 5, 0, 4, 447009] 3522 
moved_n 2
327 [690255, 27, 56, 10, 0, 0, 1372815, 41, 1364146] 10396 [12, 5, 0, 0, 447019] 3522 
moved_n 0
328 [690250, 27, 52, 10, 0, 0, 1372824, 41, 1364151] 10396 [11, 5, 0, 0, 447025] 3522 
moved_n 0
329 [690244, 23, 48, 8, 0, 3, 1372840, 38, 1364162] 10396 [12, 5, 0, 1, 447028] 3522 
moved_n 2
330 [690237, 24, 41, 7, 0, 1, 1372858, 36, 1364172] 10396 [13, 4, 0, 1, 447034] 3522 
moved_n 0
331 [690232, 23, 41, 5, 0, 2, 1372867, 34, 1364175] 10396 [13, 3, 0, 1, 447039] 3522 
moved_n 0
332 [690227, 20, 38, 4, 0, 1, 1372886, 28, 1364185] 10396 [11, 3, 0, 0, 447045] 3522 
moved_n 0
333 [690219, 19, 38, 4, 0, 0, 1372893, 31, 1364193] 10396 [11, 3, 0, 0, 447048] 3522 
moved_n 2
334 [690217, 17, 35, 4, 0, 0, 1372904, 27, 1364196] 10396 [9, 3, 0, 0, 447054] 3522 
moved_n 0
335 [690209, 21, 33, 4, 0, 0, 1372909, 28, 1364200] 10396 [10, 3, 0, 0, 447056] 3522 
moved_n 0
336 [690207, 21, 29, 4, 0, 0, 1372918, 25, 1364209] 10396 [9, 3, 0, 0, 447061] 3522 
moved_n 2
337 [690203, 15, 31, 4, 0, 0, 1372927, 24, 1364216] 10396 [6, 3, 0, 0, 447065] 3522 
moved_n 6
338 [690197, 18, 29, 3, 0, 1, 1372934, 22, 1364219] 10396 [6, 3, 0, 0, 447067] 3522 
moved_n 2
339 [690190, 16, 22, 2, 0, 1, 1372946, 27, 1364225] 10396 [6, 2, 0, 1, 447072] 3522 
moved_n 4
340 [690185, 18, 23, 2, 0, 0, 1372952, 24, 1364229] 10396 [6, 2, 0, 0, 447077] 3522 
moved_n 6
341 [690184, 17, 20, 2, 0, 0, 1372958, 23, 1364233] 10396 [5, 2, 0, 0, 447080] 3522 
moved_n 0
342 [690182, 13, 21, 2, 0, 0, 1372965, 21, 1364237] 10396 [4, 2, 0, 0, 447082] 3522 
moved_n 0
343 [690182, 10, 25, 2, 0, 0, 1372970, 15, 1364241] 10396 [3, 2, 0, 0, 447084] 3522 
moved_n 2
344 [690178, 13, 24, 1, 0, 1, 1372975, 12, 1364247] 10396 [3, 1, 0, 1, 447086] 3522 
moved_n 4
345 [690176, 14, 20, 1, 0, 0, 1372984, 9, 1364252] 10396 [4, 1, 0, 0, 447091] 3522 
moved_n 0
346 [690172, 13, 20, 1, 0, 0, 1372986, 12, 1364253] 10396 [3, 1, 0, 0, 447092] 3522 
moved_n 0
347 [690166, 10, 17, 1, 0, 0, 1372994, 16, 1364256] 10396 [2, 1, 0, 0, 447096] 3522 
moved_n 0
348 [690165, 9, 16, 1, 0, 0, 1372996, 17, 1364256] 10396 [2, 1, 0, 0, 447096] 3522 
moved_n 0
349 [690161, 9, 16, 0, 0, 1, 1373000, 17, 1364258] 10396 [2, 0, 0, 1, 447097] 3522 
moved_n 2
350 [690161, 11, 10, 0, 0, 0, 1373007, 15, 1364262] 10396 [3, 0, 0, 0, 447099] 3522 
moved_n 4
351 [690160, 9, 9, 0, 0, 0, 1373014, 12, 1364266] 10396 [4, 0, 0, 0, 447100] 3522 
moved_n 0
352 [690156, 6, 13, 0, 0, 0, 1373019, 10, 1364270] 10396 [2, 0, 0, 0, 447102] 3522 
moved_n 0
353 [690154, 6, 13, 0, 0, 0, 1373020, 11, 1364270] 10396 [2, 0, 0, 0, 447103] 3522 
moved_n 2
354 [690152, 6, 15, 0, 0, 0, 1373022, 9, 1364271] 10396 [2, 0, 0, 0, 447103] 3522 
moved_n 2
355 [690151, 6, 15, 0, 0, 0, 1373022, 10, 1364271] 10396 [2, 0, 0, 0, 447103] 3522 
moved_n 2
356 [690151, 5, 13, 0, 0, 0, 1373026, 9, 1364275] 10396 [2, 0, 0, 0, 447103] 3522 
moved_n 2
357 [690151, 4, 16, 0, 0, 0, 1373028, 5, 1364276] 10396 [1, 0, 0, 0, 447104] 3522 
moved_n 0
358 [690148, 3, 15, 0, 0, 0, 1373032, 6, 1364277] 10396 [0, 0, 0, 0, 447107] 3522 
moved_n 5
359 [690148, 3, 11, 0, 0, 0, 1373038, 4, 1364280] 10396 [2, 0, 0, 0, 447109] 3522 
moved_n 0
360 [690147, 3, 11, 0, 0, 0, 1373039, 4, 1364282] 10396 [2, 0, 0, 0, 447109] 3522 
moved_n 2
361 [690147, 3, 7, 0, 0, 0, 1373043, 4, 1364282] 10396 [2, 0, 0, 0, 447110] 3522 
moved_n 0
362 [690147, 2, 7, 1, 0, 0, 1373043, 4, 1364282] 10396 [2, 0, 0, 0, 447110] 3522 
moved_n 0
363 [690146, 2, 9, 1, 0, 0, 1373044, 2, 1364283] 10396 [2, 0, 0, 0, 447110] 3522 
moved_n 0
364 [690145, 2, 6, 1, 0, 0, 1373047, 3, 1364283] 10396 [2, 0, 0, 0, 447110] 3522 
moved_n 0
365 [690143, 2, 5, 1, 0, 0, 1373049, 4, 1364285] 10396 [2, 0, 0, 0, 447111] 3522 
moved_n 0
366 [690143, 0, 5, 1, 0, 0, 1373051, 4, 1364287] 10396 [0, 0, 0, 0, 447113] 3522 
moved_n 0
367 [690143, 0, 4, 1, 0, 0, 1373052, 4, 1364287] 10396 [0, 0, 0, 0, 447114] 3522 
moved_n 0
368 [690141, 0, 5, 1, 0, 0, 1373052, 5, 1364287] 10396 [0, 0, 0, 0, 447114] 3522 
moved_n 0
369 [690140, 1, 5, 1, 0, 0, 1373052, 5, 1364287] 10396 [0, 0, 0, 0, 447114] 3522 
moved_n 0
370 [690139, 1, 4, 1, 0, 0, 1373055, 4, 1364288] 10396 [0, 0, 0, 0, 447114] 3522 
moved_n 0
371 [690138, 1, 4, 1, 0, 0, 1373055, 5, 1364288] 10396 [0, 0, 0, 0, 447114] 3522 
moved_n 0
372 [690138, 1, 3, 1, 0, 0, 1373056, 5, 1364290] 10396 [0, 0, 0, 0, 447114] 3522 
moved_n 0
373 [690138, 2, 4, 1, 0, 0, 1373056, 3, 1364290] 10396 [0, 0, 0, 0, 447114] 3522 
moved_n 2
374 [690136, 2, 5, 1, 0, 0, 1373056, 4, 1364290] 10396 [0, 0, 0, 0, 447114] 3522 
moved_n 0
375 [690134, 2, 5, 1, 0, 0, 1373057, 5, 1364293] 10396 [0, 0, 0, 0, 447115] 3522 
moved_n 0
376 [690133, 2, 5, 1, 0, 0, 1373058, 5, 1364293] 10396 [1, 0, 0, 0, 447115] 3522 
moved_n 2
377 [690132, 2, 3, 1, 0, 0, 1373060, 6, 1364297] 10396 [1, 0, 0, 0, 447117] 3522 
moved_n 2
378 [690132, 2, 3, 1, 0, 0, 1373060, 6, 1364297] 10396 [1, 0, 0, 0, 447117] 3522 
moved_n 0
379 [690132, 2, 5, 1, 0, 0, 1373060, 4, 1364297] 10396 [1, 0, 0, 0, 447117] 3522 
moved_n 0
380 [690132, 1, 6, 1, 0, 0, 1373062, 2, 1364297] 10396 [1, 0, 0, 0, 447117] 3522 
moved_n 2
381 [690132, 1, 6, 1, 0, 0, 1373063, 1, 1364297] 10396 [1, 0, 0, 0, 447118] 3522 
moved_n 0
382 [690132, 1, 6, 1, 0, 0, 1373064, 0, 1364298] 10396 [1, 0, 0, 0, 447118] 3522 
moved_n 0
383 [690132, 0, 6, 0, 0, 1, 1373065, 0, 1364298] 10396 [0, 0, 0, 0, 447119] 3522 
moved_n 0
384 [690132, 0, 6, 0, 0, 0, 1373066, 0, 1364298] 10396 [0, 0, 0, 0, 447119] 3522 
moved_n 0
385 [690130, 0, 6, 0, 0, 0, 1373066, 2, 1364298] 10396 [0, 0, 0, 0, 447119] 3522 
moved_n 0
386 [690129, 0, 4, 0, 0, 0, 1373068, 3, 1364298] 10396 [0, 0, 0, 0, 447121] 3522 
moved_n 0
387 [690129, 0, 2, 0, 0, 0, 1373070, 3, 1364300] 10396 [0, 0, 0, 0, 447123] 3522 
moved_n 0
388 [690129, 0, 1, 0, 0, 0, 1373071, 3, 1364300] 10396 [0, 0, 0, 0, 447124] 3522 
moved_n 0
389 [690129, 0, 0, 0, 0, 0, 1373072, 3, 1364301] 10396 [0, 0, 0, 0, 447124] 3522 
moved_n 0
390 [690129, 1, 1, 0, 0, 0, 1373072, 1, 1364301] 10396 [1, 0, 0, 0, 447124] 3522 
moved_n 0
391 [690129, 2, 1, 0, 0, 0, 1373072, 0, 1364301] 10396 [1, 0, 0, 0, 447124] 3522 
moved_n 0
392 [690129, 2, 1, 0, 0, 0, 1373072, 0, 1364301] 10396 [1, 0, 0, 0, 447124] 3522 
moved_n 0
393 [690129, 2, 1, 0, 0, 0, 1373072, 0, 1364301] 10396 [1, 0, 0, 0, 447124] 3522 
moved_n 0
394 [690129, 2, 1, 0, 0, 0, 1373072, 0, 1364301] 10396 [1, 0, 0, 0, 447124] 3522 
moved_n 0
395 [690127, 2, 1, 0, 0, 0, 1373072, 2, 1364301] 10396 [1, 0, 0, 0, 447124] 3522 
moved_n 0
396 [690127, 2, 1, 0, 0, 0, 1373072, 2, 1364301] 10396 [1, 0, 0, 0, 447124] 3522 
moved_n 0
397 [690127, 1, 0, 0, 0, 0, 1373074, 2, 1364303] 10396 [0, 0, 0, 0, 447126] 3522 
moved_n 0
398 [690127, 0, 0, 0, 0, 0, 1373075, 2, 1364303] 10396 [0, 0, 0, 0, 447126] 3522 
moved_n 0
399 [690127, 0, 0, 0, 0, 0, 1373075, 2, 1364303] 10396 [0, 0, 0, 0, 447126] 3522 
moved_n 0
400 [690127, 0, 2, 0, 0, 0, 1373075, 0, 1364303] 10396 [0, 0, 0, 0, 447126] 3522 
moved_n 0
401 [690127, 0, 2, 0, 0, 0, 1373075, 0, 1364303] 10396 [0, 0, 0, 0, 447126] 3522 
moved_n 0
402 [690127, 0, 2, 0, 0, 0, 1373075, 0, 1364303] 10396 [0, 0, 0, 0, 447126] 3522 
moved_n 0
403 [690127, 0, 2, 0, 0, 0, 1373075, 0, 1364303] 10396 [0, 0, 0, 0, 447126] 3522 
moved_n 0
404 [690127, 0, 2, 0, 0, 0, 1373075, 0, 1364303] 10396 [0, 0, 0, 0, 447126] 3522 
moved_n 0
405 [690126, 0, 2, 0, 0, 0, 1373075, 1, 1364303] 10396 [0, 0, 0, 0, 447126] 3522 
moved_n 0
406 [690126, 0, 2, 0, 0, 0, 1373075, 1, 1364303] 10396 [0, 0, 0, 0, 447126] 3522 
moved_n 0
407 [690126, 0, 0, 0, 0, 0, 1373077, 1, 1364304] 10396 [0, 0, 0, 0, 447128] 3522 
moved_n 0
408 [690126, 0, 0, 0, 0, 0, 1373077, 1, 1364304] 10396 [0, 0, 0, 0, 447128] 3522 
moved_n 0
409 [690126, 0, 0, 0, 0, 0, 1373077, 1, 1364304] 10396 [0, 0, 0, 0, 447128] 3522 
moved_n 0
410 [690126, 0, 1, 0, 0, 0, 1373077, 0, 1364304] 10396 [0, 0, 0, 0, 447128] 3522 
moved_n 0
411 [690126, 0, 1, 0, 0, 0, 1373077, 0, 1364304] 10396 [0, 0, 0, 0, 447128] 3522 
moved_n 0
412 [690126, 0, 1, 0, 0, 0, 1373077, 0, 1364304] 10396 [0, 0, 0, 0, 447128] 3522 
moved_n 0
413 [690126, 0, 1, 0, 0, 0, 1373077, 0, 1364304] 10396 [0, 0, 0, 0, 447128] 3522 
moved_n 0
414 [690126, 0, 1, 0, 0, 0, 1373077, 0, 1364304] 10396 [0, 0, 0, 0, 447128] 3522 
moved_n 0
415 [690126, 0, 1, 0, 0, 0, 1373077, 0, 1364304] 10396 [0, 0, 0, 0, 447128] 3522 
moved_n 0
416 [690126, 0, 1, 0, 0, 0, 1373077, 0, 1364304] 10396 [0, 0, 0, 0, 447128] 3522 
moved_n 0
417 [690126, 0, 0, 0, 0, 0, 1373078, 0, 1364304] 10396 [0, 0, 0, 0, 447129] 3522 
moved_n 0
[690126, 0, 0, 0, 0, 0, 1373078, 0, 1364304] 0.6621711033950617 10396
859611 968897
