1.11 1.8 15 207360 8 2073 960 192 1.0 1.0 0.9 60 120 True 0.7 5 7 7 0.03214285714285715 0.0071428571428571435 20 0.0025 1 False False 1000 0.05 False
1 [2073585, 5, 10, 0, 0, 0, 0, 0, 0] 0 [0, 0, 0, 0, 0] 0 
2 [2073580, 5, 10, 0, 0, 0, 0, 5, 0] 0 [0, 0, 0, 0, 0] 0 
3 [2073579, 5, 10, 0, 0, 0, 0, 6, 0] 0 [0, 0, 0, 0, 0] 0 
4 [2073576, 5, 10, 0, 0, 0, 0, 9, 0] 0 [0, 0, 0, 0, 0] 0 
5 [2073572, 5, 10, 0, 0, 0, 0, 13, 0] 0 [0, 0, 0, 0, 0] 0 
6 [2073566, 5, 10, 0, 0, 0, 0, 19, 0] 0 [0, 0, 0, 0, 0] 0 
7 [2073565, 7, 13, 0, 0, 0, 0, 15, 0] 0 [0, 0, 0, 0, 0] 0 
8 [2073562, 2, 4, 0, 0, 0, 15, 17, 22] 0 [0, 0, 0, 0, 0] 0 
9 [2073560, 2, 7, 0, 0, 0, 15, 16, 22] 0 [0, 0, 0, 0, 0] 0 
10 [2073558, 3, 10, 0, 0, 0, 15, 14, 22] 0 [0, 0, 0, 0, 0] 0 
11 [2073551, 5, 14, 0, 0, 0, 15, 15, 22] 0 [0, 0, 0, 0, 0] 0 
12 [2073546, 5, 15, 0, 0, 0, 15, 19, 22] 0 [0, 0, 0, 0, 0] 0 
13 [2073543, 6, 17, 0, 0, 0, 15, 19, 22] 0 [0, 0, 0, 0, 0] 0 
14 [2073538, 4, 16, 0, 0, 0, 20, 22, 32] 0 [0, 0, 0, 0, 0] 0 
15 [2073533, 6, 15, 0, 0, 0, 21, 25, 34] 0 [0, 0, 0, 0, 0] 0 
16 [2073529, 8, 17, 0, 0, 0, 24, 22, 39] 0 [0, 0, 0, 0, 0] 0 
17 [2073522, 9, 17, 0, 0, 0, 28, 24, 49] 0 [0, 0, 0, 0, 0] 0 
18 [2073514, 9, 14, 0, 0, 0, 34, 29, 58] 0 [0, 0, 0, 0, 0] 0 
19 [2073511, 10, 16, 1, 0, 0, 35, 27, 58] 0 [0, 0, 0, 0, 0] 0 
20 [2073506, 10, 18, 1, 0, 0, 38, 27, 62] 0 [0, 0, 0, 0, 0] 0 
21 [2073501, 11, 18, 2, 0, 0, 40, 28, 66] 0 [0, 0, 0, 0, 0] 0 
22 [2073497, 12, 22, 2, 0, 0, 42, 25, 69] 0 [0, 0, 0, 0, 0] 0 
23 [2073494, 15, 21, 2, 0, 0, 48, 20, 77] 0 [0, 0, 0, 0, 0] 0 
24 [2073483, 16, 19, 2, 0, 0, 52, 28, 78] 0 [0, 0, 0, 0, 0] 0 
25 [2073473, 15, 22, 2, 0, 0, 55, 33, 81] 0 [0, 0, 0, 0, 0] 0 
26 [2073463, 15, 22, 2, 0, 0, 60, 38, 89] 0 [0, 0, 0, 0, 0] 0 
27 [2073451, 17, 19, 2, 0, 0, 65, 46, 100] 0 [0, 0, 0, 0, 0] 0 
28 [2073447, 17, 18, 2, 0, 0, 69, 47, 103] 0 [0, 0, 0, 0, 0] 0 
29 [2073436, 15, 24, 2, 0, 0, 76, 47, 117] 0 [0, 0, 0, 0, 0] 0 
30 [2073422, 14, 27, 2, 0, 0, 84, 51, 134] 0 [0, 0, 0, 0, 0] 0 
31 [2073411, 15, 33, 2, 0, 0, 87, 52, 139] 0 [0, 0, 0, 0, 0] 0 
32 [2073402, 18, 37, 2, 0, 0, 92, 49, 153] 0 [1, 0, 0, 0, 0] 0 
33 [2073389, 17, 37, 2, 0, 0, 97, 58, 161] 0 [1, 0, 0, 0, 0] 0 
34 [2073379, 18, 43, 2, 0, 0, 101, 57, 167] 0 [1, 0, 0, 0, 0] 0 
35 [2073357, 19, 53, 2, 0, 0, 104, 65, 174] 0 [2, 0, 0, 0, 0] 0 
36 [2073342, 19, 52, 3, 0, 0, 115, 69, 191] 0 [3, 0, 0, 0, 0] 0 
37 [2073321, 18, 52, 3, 0, 0, 125, 81, 204] 0 [3, 0, 0, 0, 0] 0 
38 [2073308, 18, 55, 3, 0, 0, 135, 81, 216] 0 [3, 0, 0, 0, 0] 0 
39 [2073287, 17, 54, 3, 0, 0, 147, 92, 248] 0 [2, 0, 0, 0, 1] 0 
40 [2073277, 20, 69, 2, 0, 1, 151, 80, 254] 0 [2, 0, 0, 0, 1] 0 
41 [2073258, 21, 73, 1, 0, 1, 162, 84, 273] 0 [2, 0, 0, 0, 1] 0 
42 [2073239, 28, 73, 1, 0, 0, 177, 82, 301] 0 [2, 0, 0, 0, 2] 0 
43 [2073216, 32, 71, 1, 0, 0, 188, 92, 315] 0 [3, 0, 0, 0, 3] 0 
44 [2073197, 31, 84, 1, 0, 0, 197, 90, 322] 0 [3, 0, 0, 0, 3] 0 
45 [2073173, 30, 82, 1, 0, 0, 210, 104, 341] 0 [3, 0, 0, 0, 3] 0 
46 [2073150, 36, 85, 1, 0, 0, 220, 108, 357] 0 [5, 0, 0, 0, 3] 0 
47 [2073133, 37, 81, 1, 0, 0, 242, 106, 390] 0 [5, 0, 0, 0, 4] 0 
48 [2073089, 41, 85, 1, 0, 0, 257, 127, 409] 0 [6, 0, 0, 0, 5] 0 
49 [2073060, 32, 92, 1, 0, 0, 278, 137, 443] 0 [5, 0, 0, 0, 6] 0 
50 [2073025, 30, 105, 1, 0, 0, 291, 148, 465] 0 [3, 0, 0, 0, 9] 0 
51 [2072995, 31, 105, 2, 0, 0, 312, 155, 502] 0 [4, 0, 0, 0, 10] 0 
52 [2072954, 33, 110, 2, 0, 0, 322, 179, 522] 0 [4, 0, 0, 0, 10] 0 
53 [2072918, 40, 128, 2, 0, 0, 341, 171, 550] 0 [2, 0, 0, 0, 13] 0 
54 [2072876, 41, 137, 2, 0, 0, 360, 184, 583] 0 [2, 0, 0, 0, 13] 0 
55 [2072832, 44, 147, 2, 0, 0, 382, 193, 620] 0 [2, 0, 0, 0, 15] 0 
56 [2072773, 49, 151, 3, 0, 1, 401, 222, 656] 0 [2, 0, 0, 0, 15] 0 
57 [2072717, 61, 157, 3, 0, 0, 425, 237, 704] 0 [6, 0, 0, 0, 16] 0 
58 [2072663, 68, 162, 4, 0, 0, 448, 255, 756] 0 [6, 0, 0, 0, 20] 0 
59 [2072610, 76, 178, 5, 0, 0, 465, 266, 783] 0 [6, 0, 0, 0, 21] 0 
60 [2072545, 74, 179, 7, 0, 0, 508, 287, 867] 0 [8, 1, 0, 0, 24] 0 
61 [2072487, 85, 198, 7, 0, 0, 537, 286, 920] 0 [9, 1, 0, 0, 25] 0 
62 [2072431, 98, 208, 7, 0, 0, 570, 286, 983] 0 [11, 1, 0, 0, 30] 0 
63 [2072370, 109, 220, 9, 0, 0, 599, 293, 1020] 0 [13, 1, 0, 0, 33] 0 
64 [2072298, 108, 234, 9, 0, 0, 639, 312, 1062] 0 [9, 1, 0, 0, 39] 0 
65 [2072222, 117, 255, 9, 0, 0, 674, 323, 1113] 0 [8, 1, 0, 0, 44] 0 
66 [2072136, 123, 266, 9, 0, 0, 715, 351, 1190] 0 [11, 1, 0, 0, 46] 0 
67 [2072037, 134, 267, 9, 0, 0, 759, 394, 1250] 0 [11, 1, 0, 0, 50] 0 
68 [2071936, 136, 266, 10, 0, 0, 818, 434, 1355] 0 [13, 1, 0, 0, 56] 0 
69 [2071841, 140, 278, 10, 0, 0, 874, 457, 1441] 0 [14, 1, 0, 0, 62] 0 
70 [2071730, 145, 294, 11, 0, 0, 928, 492, 1524] 0 [15, 1, 0, 0, 69] 0 
71 [2071625, 157, 315, 10, 0, 1, 981, 511, 1627] 0 [19, 1, 0, 0, 74] 0 
72 [2071510, 176, 330, 10, 0, 0, 1047, 527, 1739] 0 [22, 1, 0, 0, 75] 0 
73 [2071390, 185, 364, 11, 0, 0, 1104, 546, 1829] 0 [24, 1, 0, 0, 80] 0 
74 [2071260, 186, 402, 12, 0, 0, 1159, 581, 1912] 0 [25, 1, 0, 0, 84] 0 
75 [2071104, 197, 439, 14, 0, 0, 1220, 626, 2019] 0 [27, 2, 0, 0, 89] 0 
76 [2070951, 206, 463, 13, 0, 2, 1291, 674, 2140] 0 [25, 2, 0, 0, 96] 0 
77 [2070804, 217, 490, 15, 0, 0, 1368, 706, 2271] 0 [29, 2, 0, 0, 99] 0 
78 [2070644, 231, 510, 16, 0, 1, 1452, 746, 2422] 0 [26, 3, 0, 0, 106] 0 
79 [2070467, 222, 547, 18, 0, 1, 1552, 793, 2598] 0 [29, 3, 0, 0, 113] 0 
80 [2070262, 228, 594, 18, 0, 2, 1654, 842, 2739] 0 [27, 2, 0, 1, 124] 0 
81 [2070096, 252, 630, 18, 0, 0, 1749, 855, 2912] 0 [29, 2, 0, 0, 134] 0 
82 [2069861, 257, 661, 20, 0, 0, 1858, 943, 3093] 0 [30, 2, 0, 0, 148] 0 
83 [2069628, 274, 700, 19, 0, 2, 1961, 1016, 3267] 0 [35, 2, 0, 0, 155] 0 
84 [2069394, 297, 737, 23, 0, 0, 2076, 1073, 3437] 0 [39, 2, 0, 0, 163] 0 
85 [2069140, 337, 785, 24, 0, 0, 2192, 1122, 3654] 0 [44, 3, 0, 0, 169] 0 
86 [2068882, 352, 806, 25, 0, 0, 2321, 1214, 3870] 0 [43, 3, 0, 0, 184] 0 
87 [2068605, 401, 837, 27, 0, 0, 2474, 1256, 4130] 0 [49, 3, 0, 0, 198] 0 
88 [2068319, 424, 892, 28, 2, 1, 2625, 1309, 4385] 2 [49, 3, 0, 0, 214] 0 
89 [2068003, 459, 944, 27, 1, 0, 2773, 1391, 4646] 3 [49, 3, 0, 0, 231] 0 
90 [2067638, 482, 1014, 28, 0, 1, 2932, 1502, 4906] 3 [53, 3, 0, 0, 243] 0 
91 [2067307, 504, 1071, 32, 0, 0, 3108, 1575, 5193] 3 [55, 3, 0, 0, 260] 0 
92 [2066937, 499, 1149, 35, 0, 0, 3309, 1668, 5529] 3 [60, 3, 0, 0, 276] 0 
93 [2066551, 516, 1247, 40, 0, 1, 3474, 1768, 5807] 3 [70, 3, 0, 0, 290] 0 
94 [2066131, 529, 1317, 42, 0, 1, 3705, 1872, 6208] 3 [74, 4, 0, 0, 306] 0 
95 [2065670, 557, 1423, 45, 0, 1, 3933, 1968, 6574] 3 [82, 3, 0, 1, 327] 0 
96 [2065160, 592, 1485, 46, 0, 1, 4166, 2147, 6953] 3 [88, 3, 0, 0, 346] 0 
97 [2064659, 629, 1562, 48, 0, 1, 4420, 2278, 7398] 3 [89, 4, 0, 0, 372] 0 
98 [2064166, 660, 1660, 48, 0, 2, 4676, 2385, 7826] 3 [90, 3, 0, 1, 396] 0 
99 [2063633, 720, 1742, 48, 0, 3, 4953, 2498, 8280] 3 [92, 4, 0, 0, 425] 0 
100 [2063026, 795, 1840, 49, 0, 2, 5241, 2644, 8754] 3 [93, 4, 0, 0, 459] 0 
101 [2062403, 854, 1971, 58, 0, 0, 5554, 2757, 9265] 3 [95, 5, 0, 0, 490] 0 
102 [2061741, 919, 2034, 67, 2, 1, 5915, 2918, 9869] 5 [102, 5, 1, 0, 526] 1 
103 [2061017, 963, 2152, 70, 0, 1, 6243, 3149, 10434] 5 [117, 5, 0, 0, 556] 1 
104 [2060264, 1014, 2263, 72, 0, 4, 6609, 3369, 11044] 5 [125, 6, 0, 0, 589] 1 
105 [2059467, 1065, 2429, 78, 0, 1, 6996, 3559, 11646] 5 [129, 6, 0, 1, 612] 1 
106 [2058642, 1127, 2566, 87, 0, 1, 7411, 3761, 12369] 5 [130, 8, 0, 0, 651] 1 
107 [2057822, 1195, 2702, 92, 0, 2, 7863, 3919, 13123] 5 [146, 8, 0, 0, 690] 1 
108 [2056893, 1261, 2853, 98, 0, 4, 8362, 4124, 13920] 5 [161, 9, 0, 0, 748] 1 
109 [2055937, 1327, 3041, 102, 1, 0, 8860, 4327, 14742] 6 [175, 9, 0, 0, 801] 1 
110 [2054911, 1400, 3275, 102, 2, 2, 9346, 4556, 15562] 8 [186, 8, 1, 0, 865] 2 
111 [2053865, 1492, 3475, 107, 0, 4, 9872, 4777, 16414] 8 [206, 8, 0, 0, 922] 2 
112 [2052754, 1575, 3599, 114, 1, 3, 10478, 5068, 17369] 9 [227, 10, 0, 0, 972] 2 
113 [2051492, 1648, 3837, 113, 0, 6, 11094, 5401, 18351] 9 [253, 10, 0, 0, 1035] 2 
114 [2050171, 1725, 4055, 121, 0, 3, 11750, 5766, 19418] 9 [258, 10, 0, 1, 1104] 2 
115 [2048838, 1822, 4256, 124, 1, 4, 12473, 6073, 20578] 10 [286, 9, 1, 0, 1195] 3 
116 [2047441, 1881, 4482, 134, 2, 2, 13224, 6424, 21790] 12 [301, 10, 0, 0, 1278] 3 
117 [2045986, 2000, 4669, 144, 2, 0, 14019, 6768, 23056] 14 [321, 12, 0, 0, 1371] 3 
118 [2044356, 2121, 4984, 155, 0, 2, 14832, 7136, 24464] 14 [325, 16, 0, 0, 1472] 3 
119 [2042687, 2244, 5361, 166, 0, 3, 15641, 7484, 25789] 14 [362, 17, 0, 1, 1560] 3 
jump_distance_rate 1.0 -> 0.9
120 [2040896, 2377, 5632, 177, 2, 3, 16557, 7942, 27283] 16 [383, 17, 0, 0, 1669] 3 
121 [2039007, 2519, 5931, 188, 0, 7, 17498, 8434, 28864] 16 [416, 18, 0, 0, 1769] 3 
122 [2037070, 2643, 6235, 191, 0, 9, 18520, 8916, 30520] 16 [431, 21, 0, 0, 1918] 3 
123 [2035001, 2835, 6621, 201, 0, 4, 19567, 9355, 32198] 16 [483, 21, 0, 0, 2063] 3 
124 [2032790, 2967, 7048, 208, 0, 6, 20668, 9897, 33999] 16 [500, 21, 0, 1, 2198] 3 
125 [2030407, 3104, 7436, 220, 0, 7, 21921, 10489, 35961] 16 [527, 25, 0, 1, 2339] 3 
126 [2027909, 3252, 7847, 224, 7, 10, 23237, 11098, 38106] 23 [556, 23, 1, 2, 2516] 4 
127 [2025310, 3401, 8302, 240, 0, 4, 24560, 11760, 40305] 23 [590, 26, 0, 0, 2697] 4 
128 [2022607, 3584, 8783, 250, 1, 9, 25949, 12394, 42558] 24 [616, 29, 1, 1, 2880] 5 
129 [2019697, 3807, 9309, 266, 3, 5, 27396, 13093, 44919] 27 [650, 33, 0, 0, 3083] 5 
130 [2016680, 4000, 9869, 279, 1, 4, 29013, 13727, 47546] 28 [668, 36, 0, 0, 3322] 5 
131 [2013413, 4265, 10436, 289, 4, 8, 30661, 14496, 50269] 32 [738, 38, 1, 0, 3541] 6 
132 [2010003, 4501, 11004, 298, 2, 10, 32443, 15307, 53167] 34 [801, 43, 0, 1, 3773] 6 
133 [2006593, 4755, 11552, 327, 3, 4, 34318, 16014, 56178] 37 [856, 48, 0, 0, 4040] 6 
134 [2002784, 5079, 12215, 336, 1, 9, 36226, 16913, 59330] 38 [917, 49, 1, 1, 4323] 7 
135 [1998863, 5363, 12860, 366, 2, 8, 38283, 17817, 62596] 40 [966, 56, 0, 0, 4619] 7 
136 [1994767, 5648, 13614, 385, 6, 12, 40482, 18646, 66123] 46 [1041, 61, 3, 1, 4932] 10 
137 [1990325, 5979, 14306, 402, 0, 12, 42852, 19678, 69936] 46 [1112, 66, 0, 2, 5263] 10 
138 [1985781, 6254, 14928, 431, 3, 12, 45333, 20812, 73808] 49 [1170, 66, 2, 4, 5617] 12 
139 [1981072, 6587, 15800, 452, 4, 13, 47911, 21712, 77829] 53 [1234, 74, 1, 2, 6034] 13 
140 [1976126, 6932, 16679, 472, 5, 14, 50582, 22737, 82002] 58 [1302, 78, 1, 0, 6452] 14 
141 [1970883, 7269, 17525, 496, 1, 15, 53469, 23884, 86449] 59 [1372, 86, 1, 1, 6886] 15 
142 [1965472, 7623, 18596, 515, 6, 8, 56468, 24853, 91194] 65 [1471, 88, 2, 1, 7365] 17 
143 [1959613, 7980, 19486, 556, 4, 14, 59714, 26168, 96155] 69 [1547, 95, 0, 0, 7859] 17 
144 [1953552, 8361, 20401, 594, 3, 12, 63088, 27520, 101392] 72 [1660, 104, 0, 1, 8371] 17 
145 [1947177, 8828, 21461, 622, 5, 14, 66472, 28949, 106568] 77 [1759, 106, 1, 4, 8901] 18 
146 [1940595, 9305, 22421, 651, 4, 16, 70243, 30288, 112368] 81 [1854, 114, 1, 0, 9538] 19 
147 [1933579, 9757, 23447, 685, 4, 19, 74135, 31893, 118343] 85 [1943, 122, 1, 2, 10158] 20 
148 [1926293, 10347, 24607, 726, 3, 18, 78201, 33320, 124581] 88 [2103, 125, 1, 5, 10860] 21 
149 [1918734, 10848, 25729, 747, 10, 19, 82607, 34818, 131443] 98 [2226, 128, 1, 3, 11597] 22 
150 [1910681, 11435, 26966, 785, 8, 13, 87118, 36496, 138315] 106 [2373, 141, 1, 2, 12333] 23 
151 [1902384, 11900, 28349, 831, 3, 20, 91796, 38211, 145430] 109 [2450, 153, 0, 3, 13192] 23 
152 [1893771, 12538, 29768, 878, 8, 20, 96700, 39808, 152861] 117 [2581, 165, 0, 5, 13989] 23 
153 [1884806, 13228, 31110, 916, 10, 27, 101899, 41487, 160716] 127 [2768, 182, 1, 1, 14867] 24 
154 [1875360, 13890, 32584, 967, 9, 16, 107273, 43374, 168931] 136 [2925, 194, 2, 3, 15808] 26 
155 [1865403, 14510, 34143, 1006, 9, 36, 113079, 45278, 177638] 145 [3015, 198, 1, 7, 16905] 27 
156 [1855074, 15258, 35628, 1047, 4, 34, 119100, 47310, 186665] 149 [3190, 208, 1, 9, 17934] 28 
157 [1844465, 15868, 37219, 1133, 3, 18, 125439, 49306, 196062] 152 [3297, 231, 0, 4, 19102] 28 
158 [1833401, 16628, 38802, 1200, 6, 38, 131968, 51405, 205607] 158 [3537, 245, 2, 6, 20272] 30 
159 [1821903, 17314, 40546, 1265, 7, 34, 138916, 53457, 215971] 165 [3748, 257, 1, 11, 21498] 31 
160 [1809855, 18001, 42504, 1331, 10, 37, 146149, 55548, 226704] 175 [3971, 274, 0, 5, 22894] 31 
161 [1797416, 18761, 44498, 1412, 8, 34, 153638, 57658, 237537] 183 [4184, 295, 2, 8, 24319] 33 
162 [1784675, 19448, 46356, 1480, 17, 30, 161621, 59790, 249101] 200 [4423, 315, 4, 4, 25773] 37 
163 [1771349, 20290, 48258, 1545, 5, 51, 169850, 62052, 260830] 205 [4654, 331, 0, 6, 27333] 37 
164 [1757821, 21170, 50258, 1614, 7, 48, 178395, 64082, 273034] 212 [4886, 353, 0, 10, 28937] 37 
165 [1743558, 22097, 52405, 1693, 8, 40, 187290, 66297, 285585] 220 [5158, 380, 2, 5, 30660] 39 
166 [1728977, 22994, 54494, 1780, 10, 45, 196641, 68439, 298794] 230 [5362, 406, 1, 8, 32497] 40 
167 [1713646, 23888, 56373, 1851, 12, 49, 206522, 71029, 312545] 242 [5574, 426, 3, 11, 34505] 43 
168 [1697994, 24856, 58375, 1928, 12, 55, 216783, 73355, 326711] 254 [5867, 445, 2, 9, 36563] 45 
169 [1682054, 25750, 60384, 2021, 13, 39, 227318, 75767, 341242] 267 [6090, 477, 2, 4, 38639] 47 
170 [1665662, 26585, 62724, 2106, 15, 51, 238294, 77896, 356139] 282 [6288, 496, 1, 14, 40853] 48 
171 [1648665, 27464, 64884, 2208, 22, 64, 249699, 80312, 371689] 304 [6567, 522, 4, 15, 43158] 52 
172 [1631484, 28471, 67134, 2312, 18, 66, 261649, 82162, 387700] 322 [6814, 546, 5, 14, 45717] 57 
173 [1613829, 29470, 69307, 2417, 22, 61, 274007, 84165, 404119] 344 [7112, 570, 2, 14, 48246] 59 
174 [1595542, 30281, 71663, 2535, 27, 64, 286632, 86512, 420582] 371 [7346, 596, 5, 16, 50877] 64 
175 [1576912, 31129, 73907, 2602, 41, 58, 299830, 88750, 437717] 412 [7546, 628, 7, 9, 53608] 71 
176 [1558074, 32186, 76298, 2702, 45, 57, 313235, 90591, 455161] 457 [7934, 661, 10, 14, 56468] 81 
177 [1538851, 33040, 78354, 2789, 49, 67, 327360, 92633, 473091] 506 [8201, 698, 10, 18, 59478] 91 
178 [1519249, 33846, 80613, 2880, 46, 56, 341824, 94580, 491488] 552 [8462, 718, 11, 14, 62580] 102 
179 [1499594, 34583, 82792, 2991, 68, 66, 357006, 95948, 510609] 620 [8655, 742, 12, 12, 65932] 114 
180 [1479218, 35337, 85008, 3079, 64, 57, 372523, 97694, 529942] 684 [8875, 778, 13, 12, 69196] 127 
181 [1458493, 36143, 87079, 3177, 68, 49, 388326, 99581, 549427] 752 [9089, 806, 22, 11, 72648] 149 
182 [1437803, 37109, 88896, 3308, 63, 53, 404568, 101048, 569099] 815 [9436, 842, 13, 17, 76266] 162 
183 [1416668, 37792, 90820, 3388, 97, 43, 421396, 102581, 589408] 912 [9604, 871, 19, 12, 80069] 181 
184 [1395517, 38711, 92356, 3485, 93, 52, 438397, 104077, 609670] 1005 [9928, 888, 28, 11, 83876] 209 
185 [1374639, 39539, 94194, 3621, 91, 48, 455884, 104579, 630173] 1096 [10187, 925, 18, 10, 87841] 227 
186 [1353335, 40379, 95755, 3737, 94, 46, 474000, 105158, 651230] 1190 [10526, 960, 27, 8, 91966] 254 
187 [1332020, 41125, 97062, 3861, 94, 40, 492425, 105783, 672358] 1284 [10855, 986, 24, 12, 96166] 278 
188 [1310645, 42069, 98416, 3943, 98, 47, 511075, 106023, 693478] 1382 [11235, 1007, 29, 11, 100435] 307 
189 [1289674, 42649, 99765, 4036, 128, 39, 530084, 105843, 714440] 1510 [11418, 1024, 29, 14, 104878] 336 
190 [1268302, 43155, 100544, 4168, 109, 31, 549444, 106337, 735703] 1619 [11585, 1059, 29, 6, 109437] 365 
191 [1247075, 43557, 101768, 4310, 99, 33, 568879, 106260, 756462] 1718 [11739, 1106, 24, 11, 114047] 389 
192 [1226100, 43831, 102413, 4428, 113, 28, 589049, 105920, 778113] 1831 [11853, 1137, 45, 8, 118893] 434 
193 [1205360, 44039, 102906, 4508, 138, 20, 609513, 105285, 799389] 1969 [11909, 1160, 35, 6, 123781] 469 
194 [1184855, 44094, 103127, 4635, 124, 23, 629954, 104819, 820411] 2093 [11975, 1203, 29, 5, 128658] 498 
195 [1164644, 43863, 103583, 4721, 150, 30, 650858, 103658, 841431] 2243 [11968, 1237, 37, 7, 133683] 535 
196 [1144634, 43781, 103748, 4854, 116, 17, 671766, 102441, 862192] 2359 [12024, 1279, 32, 4, 138773] 567 
197 [1125097, 43767, 103854, 4945, 152, 32, 692391, 101003, 882410] 2511 [12139, 1309, 38, 5, 143868] 605 
198 [1105908, 43478, 103538, 5041, 149, 23, 713500, 99452, 902815] 2660 [12067, 1348, 36, 7, 149097] 641 
199 [1086871, 43403, 102781, 5171, 133, 23, 734574, 97984, 922737] 2793 [12139, 1371, 36, 8, 154288] 677 
200 [1068170, 42999, 102016, 5276, 163, 23, 755686, 96474, 942466] 2956 [12122, 1402, 41, 4, 159442] 718 
201 [1049945, 42708, 101388, 5379, 141, 19, 776375, 94689, 961403] 3097 [12080, 1427, 41, 5, 164535] 759 
202 [1032180, 42300, 99960, 5462, 159, 23, 797502, 92917, 980294] 3256 [11987, 1452, 42, 5, 169909] 801 
203 [1015135, 41586, 98621, 5557, 166, 16, 818490, 90773, 998923] 3422 [11850, 1486, 35, 5, 175287] 836 
204 [998570, 41010, 97264, 5634, 154, 22, 839223, 88301, 1017288] 3576 [11703, 1494, 46, 6, 180530] 882 
205 [982639, 40490, 95763, 5705, 166, 18, 859712, 85531, 1035118] 3742 [11605, 1513, 48, 5, 185808] 930 
206 [967042, 39598, 94436, 5761, 161, 14, 879943, 82903, 1052421] 3903 [11382, 1520, 45, 3, 191074] 975 
207 [952020, 38837, 92753, 5829, 171, 15, 899912, 80160, 1068976] 4074 [11246, 1546, 37, 5, 196235] 1012 
208 [937584, 37896, 90780, 5861, 183, 12, 919659, 77551, 1084940] 4257 [11005, 1564, 47, 1, 201376] 1059 
209 [923650, 36918, 88791, 5926, 180, 16, 938942, 74920, 1100265] 4437 [10807, 1606, 43, 4, 206503] 1102 
210 [910045, 36055, 86408, 5950, 181, 14, 957916, 72594, 1115157] 4618 [10562, 1620, 41, 5, 211560] 1143 
211 [897026, 35023, 83998, 5971, 180, 20, 976748, 70016, 1129797] 4798 [10356, 1633, 43, 4, 216549] 1186 
212 [884809, 33921, 81467, 5977, 188, 9, 995220, 67211, 1143986] 4986 [10090, 1636, 55, 1, 221448] 1241 
213 [873081, 32810, 78810, 5978, 190, 17, 1013225, 64503, 1157324] 5176 [9814, 1645, 42, 5, 226309] 1283 
214 [861664, 31776, 76084, 5928, 195, 17, 1030774, 61986, 1170322] 5371 [9500, 1640, 53, 7, 230923] 1336 
215 [850815, 30864, 73561, 5884, 221, 7, 1047647, 59230, 1182566] 5592 [9240, 1635, 50, 1, 235370] 1386 
216 [840573, 29851, 71023, 5887, 182, 15, 1064024, 56453, 1194373] 5774 [8868, 1637, 57, 4, 239811] 1443 
217 [830815, 28843, 68362, 5847, 197, 12, 1079756, 53994, 1205490] 5971 [8646, 1640, 43, 2, 244041] 1486 
218 [821556, 27649, 65698, 5810, 204, 17, 1095170, 51525, 1216604] 6175 [8313, 1633, 68, 2, 248317] 1554 
219 [812684, 26588, 63169, 5760, 199, 12, 1110033, 48980, 1226785] 6374 [8036, 1628, 50, 3, 252397] 1604 
220 [804279, 25514, 60659, 5746, 173, 13, 1124306, 46536, 1236538] 6547 [7755, 1621, 55, 6, 256337] 1659 
221 [796123, 24387, 58103, 5706, 189, 13, 1138082, 44450, 1245887] 6736 [7422, 1621, 52, 1, 260116] 1711 
222 [788579, 23259, 55416, 5645, 191, 13, 1151525, 42236, 1254717] 6927 [7182, 1606, 60, 3, 263792] 1771 
223 [781389, 22141, 52806, 5583, 192, 19, 1164376, 40167, 1263179] 7119 [6882, 1597, 52, 4, 267291] 1823 
224 [774679, 21143, 50497, 5494, 203, 12, 1176448, 38005, 1271099] 7322 [6586, 1577, 61, 3, 270672] 1884 
225 [768207, 20207, 48136, 5397, 197, 15, 1188047, 36072, 1278712] 7519 [6283, 1550, 64, 5, 273946] 1948 
226 [762150, 19216, 45901, 5305, 203, 10, 1199323, 33973, 1285927] 7722 [6015, 1519, 62, 4, 277113] 2010 
227 [756480, 18295, 43525, 5253, 163, 12, 1210051, 32099, 1292768] 7885 [5716, 1501, 54, 3, 280172] 2064 
228 [750970, 17333, 41448, 5166, 179, 14, 1220186, 30419, 1299035] 8064 [5441, 1492, 38, 3, 283086] 2102 
229 [745787, 16447, 39335, 5064, 172, 15, 1229824, 28892, 1304923] 8236 [5194, 1459, 52, 4, 285848] 2154 
230 [740927, 15690, 37314, 4954, 177, 21, 1239001, 27280, 1310632] 8413 [5010, 1428, 51, 4, 288398] 2205 
231 [736377, 14840, 35377, 4844, 183, 15, 1247778, 25773, 1316041] 8596 [4730, 1393, 59, 2, 290882] 2264 
232 [732044, 14077, 33419, 4734, 178, 19, 1256097, 24436, 1321111] 8774 [4497, 1371, 47, 7, 293252] 2311 
233 [727967, 13294, 31558, 4622, 170, 22, 1264190, 23003, 1326058] 8944 [4272, 1336, 46, 8, 295635] 2357 
234 [724084, 12635, 29891, 4491, 177, 23, 1271652, 21703, 1330672] 9121 [4081, 1292, 56, 9, 297790] 2413 
235 [720489, 12002, 28195, 4386, 154, 27, 1278788, 20438, 1335048] 9275 [3871, 1273, 46, 7, 299853] 2459 
236 [717025, 11398, 26665, 4267, 166, 18, 1285434, 19352, 1339066] 9441 [3675, 1254, 39, 7, 301811] 2498 
237 [713888, 10708, 25230, 4166, 131, 27, 1291853, 18156, 1342925] 9572 [3456, 1222, 42, 5, 303712] 2540 
238 [710914, 10117, 23868, 4057, 126, 37, 1297856, 17053, 1346521] 9698 [3281, 1201, 28, 13, 305460] 2568 
239 [708108, 9556, 22645, 3954, 121, 36, 1303506, 15976, 1349898] 9819 [3093, 1172, 34, 10, 307160] 2602 
240 [705518, 8939, 21338, 3868, 127, 26, 1308994, 14971, 1352998] 9946 [2905, 1146, 30, 13, 308754] 2632 
241 [703022, 8414, 20154, 3757, 125, 39, 1314140, 14003, 1356033] 10071 [2746, 1107, 47, 11, 310290] 2679 
242 [700736, 7911, 18928, 3648, 125, 47, 1318982, 13152, 1358891] 10196 [2597, 1072, 37, 14, 311730] 2716 
243 [698607, 7361, 17918, 3517, 137, 42, 1323515, 12307, 1361573] 10333 [2405, 1033, 42, 20, 313105] 2758 
244 [696558, 6979, 16793, 3383, 113, 61, 1327830, 11550, 1364017] 10446 [2294, 991, 42, 11, 314395] 2800 
245 [694644, 6542, 15750, 3261, 110, 53, 1331920, 10874, 1366346] 10556 [2152, 960, 29, 15, 315596] 2829 
246 [692866, 6085, 14844, 3106, 108, 71, 1335808, 10156, 1368508] 10664 [2038, 914, 36, 19, 316743] 2865 
247 [691207, 5791, 13839, 2974, 101, 63, 1339432, 9529, 1370461] 10765 [1943, 879, 32, 13, 317901] 2897 
248 [689660, 5438, 12877, 2832, 100, 66, 1342915, 8947, 1372440] 10865 [1835, 847, 26, 16, 318967] 2923 
249 [688269, 5053, 12181, 2708, 81, 73, 1346081, 8289, 1374182] 10946 [1735, 813, 26, 18, 319883] 2949 
250 [686903, 4813, 11362, 2549, 81, 102, 1349103, 7741, 1375836] 11027 [1633, 764, 26, 30, 320804] 2975 
251 [685603, 4481, 10667, 2412, 63, 101, 1351983, 7263, 1377489] 11090 [1519, 727, 23, 23, 321692] 2998 
252 [684450, 4246, 9967, 2254, 59, 131, 1354646, 6757, 1378943] 11149 [1467, 681, 18, 39, 322481] 3016 
253 [683286, 4039, 9230, 2112, 39, 128, 1357243, 6374, 1380339] 11188 [1381, 640, 13, 35, 323348] 3029 
254 [682257, 3672, 8704, 1968, 29, 140, 1359630, 6012, 1381642] 11217 [1283, 605, 8, 34, 324116] 3037 
255 [681294, 3370, 8245, 1814, 9, 170, 1361872, 5609, 1382853] 11226 [1183, 561, 4, 43, 324808] 3041 
256 [680361, 3179, 7696, 1669, 7, 156, 1364064, 5242, 1384037] 11233 [1100, 514, 2, 50, 325460] 3043 
257 [679569, 2969, 7158, 1522, 8, 154, 1366106, 4881, 1385129] 11241 [1057, 476, 4, 46, 326088] 3047 
258 [678782, 2794, 6722, 1358, 9, 173, 1368017, 4504, 1386122] 11250 [985, 425, 4, 52, 326713] 3051 
259 [678017, 2563, 6327, 1210, 5, 158, 1369830, 4240, 1387069] 11255 [902, 374, 2, 53, 327303] 3053 
260 [677384, 2374, 5938, 1042, 9, 178, 1371510, 3910, 1387924] 11264 [842, 321, 2, 58, 327839] 3055 
261 [676728, 2291, 5570, 940, 5, 109, 1373060, 3633, 1388745] 11269 [777, 292, 1, 34, 328329] 3056 
262 [676109, 2196, 5097, 833, 6, 114, 1374516, 3460, 1389513] 11275 [737, 263, 1, 32, 328788] 3057 
263 [675556, 2068, 4715, 736, 4, 105, 1375915, 3226, 1390248] 11279 [706, 236, 4, 26, 329218] 3061 
264 [675016, 1931, 4465, 638, 7, 104, 1377159, 3001, 1390888] 11286 [660, 212, 1, 24, 329635] 3062 
265 [674542, 1778, 4088, 551, 4, 91, 1378418, 2842, 1391524] 11290 [629, 178, 0, 35, 330047] 3062 
266 [674080, 1648, 3846, 474, 3, 83, 1379528, 2648, 1392067] 11293 [574, 155, 1, 28, 330409] 3063 
267 [673662, 1542, 3612, 414, 4, 65, 1380561, 2447, 1392627] 11297 [524, 141, 1, 18, 330755] 3064 
268 [673280, 1444, 3325, 378, 2, 47, 1381551, 2276, 1393174] 11299 [507, 130, 0, 17, 331062] 3064 
269 [672926, 1348, 3168, 352, 5, 33, 1382379, 2090, 1393608] 11304 [503, 121, 0, 11, 331330] 3064 
270 [672617, 1231, 2978, 318, 2, 38, 1383187, 1925, 1394046] 11306 [460, 105, 0, 18, 331611] 3064 
271 [672326, 1131, 2773, 294, 4, 31, 1383981, 1754, 1394443] 11310 [418, 96, 1, 9, 331888] 3065 
272 [671998, 1073, 2623, 274, 0, 29, 1384629, 1664, 1394784] 11310 [394, 88, 0, 9, 332120] 3065 
273 [671737, 995, 2420, 256, 3, 24, 1385312, 1543, 1395150] 11313 [380, 83, 0, 7, 332347] 3065 
274 [671463, 939, 2215, 243, 1, 22, 1385941, 1463, 1395460] 11314 [366, 79, 0, 8, 332559] 3065 
275 [671197, 852, 2064, 221, 0, 25, 1386507, 1420, 1395740] 11314 [333, 76, 0, 4, 332754] 3065 
276 [670980, 785, 1880, 214, 1, 15, 1387065, 1346, 1395993] 11315 [294, 75, 1, 5, 332956] 3066 
277 [670788, 756, 1765, 201, 2, 15, 1387548, 1210, 1396237] 11317 [287, 64, 0, 12, 333128] 3066 
278 [670600, 719, 1604, 186, 3, 17, 1388017, 1137, 1396503] 11320 [268, 62, 1, 4, 333299] 3067 
279 [670433, 672, 1512, 177, 1, 12, 1388443, 1030, 1396734] 11321 [242, 59, 0, 4, 333438] 3067 
280 [670244, 633, 1436, 163, 1, 17, 1388832, 953, 1396962] 11322 [232, 52, 1, 6, 333583] 3068 
281 [670098, 596, 1337, 156, 2, 10, 1389197, 882, 1397160] 11324 [226, 47, 1, 5, 333709] 3069 
282 [669932, 565, 1252, 147, 1, 12, 1389511, 856, 1397336] 11325 [217, 43, 0, 4, 333838] 3069 
283 [669800, 528, 1186, 137, 1, 10, 1389813, 800, 1397483] 11326 [196, 41, 0, 3, 333952] 3069 
284 [669656, 473, 1079, 128, 3, 10, 1390148, 777, 1397659] 11329 [174, 43, 0, 0, 334065] 3069 
285 [669535, 446, 1035, 121, 1, 8, 1390416, 709, 1397807] 11330 [163, 42, 1, 1, 334159] 3070 
286 [669407, 410, 944, 117, 0, 7, 1390694, 691, 1397971] 11330 [161, 41, 0, 4, 334244] 3070 
287 [669307, 387, 869, 110, 1, 8, 1390963, 625, 1398103] 11331 [146, 36, 0, 5, 334346] 3070 
288 [669189, 351, 821, 100, 0, 11, 1391186, 611, 1398211] 11331 [126, 30, 0, 6, 334438] 3070 
289 [669089, 344, 784, 88, 1, 11, 1391385, 567, 1398326] 11332 [128, 28, 0, 2, 334518] 3070 
290 [668996, 318, 741, 86, 1, 4, 1391583, 539, 1398432] 11333 [126, 26, 0, 2, 334583] 3070 
291 [668913, 302, 717, 77, 0, 11, 1391753, 494, 1398554] 11333 [118, 26, 0, 1, 334656] 3070 
292 [668829, 267, 664, 69, 1, 8, 1391951, 478, 1398654] 11334 [115, 25, 0, 1, 334725] 3070 
293 [668737, 254, 651, 62, 0, 8, 1392102, 452, 1398745] 11334 [106, 23, 0, 2, 334789] 3070 
294 [668675, 228, 610, 56, 0, 8, 1392275, 414, 1398834] 11334 [98, 19, 0, 4, 334856] 3070 
295 [668606, 218, 583, 53, 1, 2, 1392413, 390, 1398898] 11335 [96, 17, 1, 1, 334908] 3071 
296 [668549, 195, 547, 44, 0, 9, 1392557, 364, 1398996] 11335 [82, 12, 0, 5, 334974] 3071 
297 [668487, 187, 518, 39, 1, 4, 1392687, 342, 1399073] 11336 [80, 11, 0, 1, 335019] 3071 
298 [668429, 192, 478, 33, 1, 5, 1392818, 308, 1399147] 11337 [83, 7, 1, 3, 335067] 3072 
299 [668369, 184, 447, 31, 0, 3, 1392923, 306, 1399199] 11337 [75, 7, 0, 0, 335108] 3072 
300 [668320, 178, 405, 27, 0, 4, 1393043, 286, 1399261] 11337 [74, 7, 0, 0, 335160] 3072 
301 [668278, 172, 366, 26, 0, 3, 1393147, 271, 1399330] 11337 [71, 9, 0, 0, 335205] 3072 
302 [668225, 172, 334, 23, 0, 4, 1393243, 262, 1399391] 11337 [72, 10, 0, 0, 335243] 3072 
303 [668192, 166, 317, 22, 0, 1, 1393328, 237, 1399435] 11337 [72, 9, 0, 1, 335279] 3072 
304 [668155, 156, 302, 20, 0, 3, 1393413, 214, 1399482] 11337 [69, 8, 0, 1, 335321] 3072 
305 [668124, 146, 270, 18, 0, 2, 1393507, 196, 1399538] 11337 [67, 7, 0, 1, 335354] 3072 
306 [668097, 139, 257, 15, 0, 3, 1393571, 181, 1399565] 11337 [64, 4, 0, 3, 335384] 3072 
307 [668068, 128, 252, 15, 0, 1, 1393642, 157, 1399598] 11337 [60, 4, 0, 0, 335416] 3072 
308 [668042, 119, 235, 16, 0, 1, 1393700, 150, 1399631] 11337 [59, 5, 0, 0, 335440] 3072 
309 [668007, 103, 226, 17, 0, 0, 1393762, 148, 1399659] 11337 [49, 6, 0, 0, 335469] 3072 
310 [667974, 95, 209, 14, 0, 3, 1393818, 150, 1399686] 11337 [43, 6, 0, 0, 335493] 3072 
311 [667949, 89, 182, 12, 0, 2, 1393881, 148, 1399722] 11337 [37, 5, 0, 1, 335518] 3072 
312 [667928, 74, 176, 12, 0, 1, 1393932, 140, 1399752] 11337 [28, 6, 0, 0, 335542] 3072 
313 [667906, 70, 165, 11, 0, 1, 1393974, 136, 1399772] 11337 [26, 6, 0, 0, 335558] 3072 
314 [667889, 67, 150, 10, 0, 1, 1394028, 118, 1399809] 11337 [23, 6, 0, 0, 335578] 3072 
315 [667873, 67, 151, 9, 1, 0, 1394061, 101, 1399833] 11338 [17, 6, 0, 0, 335596] 3072 
316 [667852, 65, 140, 10, 0, 0, 1394098, 97, 1399848] 11338 [19, 6, 0, 0, 335607] 3072 
317 [667840, 62, 133, 10, 0, 0, 1394129, 88, 1399865] 11338 [21, 6, 0, 0, 335619] 3072 
318 [667829, 56, 134, 10, 0, 0, 1394156, 77, 1399883] 11338 [20, 6, 0, 0, 335627] 3072 
319 [667819, 56, 122, 10, 0, 1, 1394184, 70, 1399895] 11338 [22, 6, 0, 0, 335643] 3072 
320 [667802, 52, 116, 10, 0, 0, 1394211, 71, 1399912] 11338 [20, 6, 0, 0, 335649] 3072 
321 [667790, 46, 107, 9, 0, 2, 1394246, 62, 1399930] 11338 [17, 4, 0, 2, 335661] 3072 
322 [667777, 40, 92, 8, 0, 1, 1394281, 63, 1399949] 11338 [19, 3, 0, 1, 335678] 3072 
323 [667769, 32, 87, 8, 0, 0, 1394306, 60, 1399961] 11338 [15, 3, 0, 0, 335688] 3072 
324 [667764, 27, 81, 7, 0, 1, 1394327, 55, 1399971] 11338 [12, 3, 0, 0, 335699] 3072 
325 [667760, 30, 73, 7, 0, 0, 1394350, 42, 1399979] 11338 [12, 3, 0, 0, 335710] 3072 
326 [667754, 25, 73, 8, 0, 0, 1394366, 36, 1399986] 11338 [8, 3, 0, 0, 335721] 3072 
327 [667743, 29, 66, 8, 0, 0, 1394382, 34, 1399995] 11338 [13, 3, 0, 0, 335724] 3072 
328 [667738, 24, 57, 7, 0, 2, 1394403, 31, 1400004] 11338 [13, 2, 0, 1, 335735] 3072 
329 [667731, 21, 53, 6, 0, 1, 1394417, 33, 1400009] 11338 [10, 1, 0, 1, 335741] 3072 
330 [667724, 22, 45, 6, 0, 0, 1394429, 36, 1400017] 11338 [10, 1, 0, 0, 335746] 3072 
331 [667720, 19, 43, 7, 0, 0, 1394439, 34, 1400023] 11338 [9, 2, 0, 0, 335749] 3072 
332 [667716, 14, 43, 7, 0, 1, 1394454, 27, 1400027] 11338 [6, 1, 0, 1, 335755] 3072 
333 [667714, 12, 38, 7, 0, 0, 1394467, 24, 1400034] 11338 [4, 1, 0, 0, 335758] 3072 
334 [667711, 9, 37, 7, 0, 0, 1394478, 20, 1400039] 11338 [1, 1, 0, 0, 335766] 3072 
335 [667711, 10, 35, 7, 0, 0, 1394486, 13, 1400041] 11338 [1, 1, 0, 0, 335766] 3072 
336 [667706, 12, 32, 6, 0, 1, 1394491, 14, 1400044] 11338 [2, 1, 0, 0, 335768] 3072 
337 [667701, 10, 34, 6, 0, 0, 1394496, 15, 1400046] 11338 [2, 1, 0, 0, 335770] 3072 
338 [667696, 10, 30, 6, 0, 0, 1394502, 18, 1400046] 11338 [2, 1, 0, 0, 335776] 3072 
339 [667694, 9, 23, 5, 0, 1, 1394513, 17, 1400053] 11338 [3, 1, 0, 0, 335778] 3072 
340 [667694, 8, 19, 5, 0, 0, 1394519, 17, 1400054] 11338 [3, 1, 0, 0, 335780] 3072 
341 [667694, 7, 18, 4, 0, 1, 1394526, 12, 1400056] 11338 [2, 1, 0, 0, 335783] 3072 
342 [667692, 6, 17, 4, 0, 0, 1394534, 9, 1400059] 11338 [3, 1, 0, 0, 335784] 3072 
343 [667692, 5, 18, 5, 0, 0, 1394538, 4, 1400060] 11338 [2, 2, 0, 0, 335786] 3072 
344 [667690, 7, 14, 5, 0, 0, 1394542, 4, 1400062] 11338 [3, 2, 0, 0, 335787] 3072 
345 [667689, 7, 12, 5, 0, 0, 1394544, 5, 1400062] 11338 [3, 2, 0, 0, 335787] 3072 
346 [667687, 6, 10, 4, 0, 1, 1394547, 7, 1400062] 11338 [2, 2, 0, 0, 335789] 3072 
347 [667686, 8, 10, 4, 0, 0, 1394548, 6, 1400062] 11338 [2, 2, 0, 0, 335789] 3072 
348 [667686, 6, 7, 3, 0, 1, 1394553, 6, 1400065] 11338 [2, 2, 0, 0, 335790] 3072 
349 [667684, 6, 5, 3, 0, 0, 1394558, 6, 1400067] 11338 [2, 2, 0, 0, 335791] 3072 
350 [667684, 5, 2, 3, 0, 0, 1394563, 5, 1400071] 11338 [1, 2, 0, 0, 335792] 3072 
351 [667684, 3, 4, 2, 0, 1, 1394565, 3, 1400071] 11338 [0, 1, 0, 1, 335793] 3072 
352 [667683, 4, 4, 1, 0, 1, 1394566, 3, 1400071] 11338 [0, 1, 0, 0, 335794] 3072 
353 [667682, 4, 4, 1, 0, 0, 1394567, 4, 1400073] 11338 [0, 1, 0, 0, 335794] 3072 
354 [667681, 2, 6, 1, 0, 0, 1394569, 3, 1400075] 11338 [0, 1, 0, 0, 335794] 3072 
355 [667681, 2, 6, 1, 0, 0, 1394569, 3, 1400075] 11338 [0, 1, 0, 0, 335794] 3072 
356 [667680, 2, 4, 1, 0, 0, 1394571, 4, 1400076] 11338 [0, 1, 0, 0, 335795] 3072 
357 [667679, 2, 4, 1, 0, 0, 1394572, 4, 1400077] 11338 [0, 1, 0, 0, 335795] 3072 
358 [667679, 2, 3, 1, 0, 0, 1394574, 3, 1400079] 11338 [0, 1, 0, 0, 335795] 3072 
359 [667679, 1, 4, 1, 0, 0, 1394575, 2, 1400079] 11338 [0, 1, 0, 0, 335795] 3072 
360 [667678, 1, 4, 1, 0, 0, 1394575, 3, 1400079] 11338 [0, 1, 0, 0, 335795] 3072 
361 [667678, 2, 2, 1, 0, 0, 1394577, 2, 1400080] 11338 [0, 1, 0, 0, 335795] 3072 
362 [667677, 2, 3, 1, 0, 0, 1394577, 2, 1400080] 11338 [0, 1, 0, 0, 335795] 3072 
363 [667677, 2, 3, 0, 0, 1, 1394577, 2, 1400080] 11338 [0, 0, 0, 1, 335795] 3072 
364 [667675, 1, 3, 0, 0, 0, 1394579, 4, 1400081] 11338 [0, 0, 0, 0, 335796] 3072 
365 [667675, 1, 3, 0, 0, 0, 1394580, 3, 1400082] 11338 [0, 0, 0, 0, 335796] 3072 
366 [667675, 1, 2, 0, 0, 0, 1394581, 3, 1400083] 11338 [0, 0, 0, 0, 335797] 3072 
367 [667674, 1, 3, 0, 0, 0, 1394581, 3, 1400083] 11338 [0, 0, 0, 0, 335797] 3072 
368 [667674, 0, 3, 0, 0, 0, 1394582, 3, 1400083] 11338 [0, 0, 0, 0, 335797] 3072 
369 [667674, 1, 3, 0, 0, 0, 1394583, 1, 1400084] 11338 [0, 0, 0, 0, 335797] 3072 
370 [667674, 1, 3, 0, 0, 0, 1394583, 1, 1400084] 11338 [0, 0, 0, 0, 335797] 3072 
371 [667674, 1, 3, 0, 0, 0, 1394583, 1, 1400084] 11338 [0, 0, 0, 0, 335797] 3072 
372 [667674, 2, 2, 0, 0, 0, 1394584, 0, 1400084] 11338 [0, 0, 0, 0, 335797] 3072 
373 [667674, 2, 2, 0, 0, 0, 1394584, 0, 1400084] 11338 [0, 0, 0, 0, 335797] 3072 
374 [667674, 2, 1, 0, 0, 0, 1394585, 0, 1400084] 11338 [0, 0, 0, 0, 335797] 3072 
375 [667674, 2, 1, 0, 0, 0, 1394585, 0, 1400084] 11338 [0, 0, 0, 0, 335797] 3072 
376 [667674, 1, 0, 0, 0, 0, 1394587, 0, 1400084] 11338 [0, 0, 0, 0, 335798] 3072 
377 [667674, 1, 0, 0, 0, 0, 1394587, 0, 1400084] 11338 [0, 0, 0, 0, 335798] 3072 
378 [667674, 1, 0, 0, 0, 0, 1394587, 0, 1400084] 11338 [0, 0, 0, 0, 335798] 3072 
379 [667674, 0, 0, 0, 0, 0, 1394588, 0, 1400084] 11338 [0, 0, 0, 0, 335798] 3072 
[667674, 0, 0, 0, 0, 0, 1394588, 0, 1400084] 0.6725443672839506 11338
877341 982910
