1.11 1.8 15 207360 8 2073 960 192 1.0 0.9 0.9 0 120 False 0.7 5 7 7 0.03214285714285715 0.0071428571428571435 20 0.0025 1 False False 1000 0.05 True
1 [2073585, 7, 8, 0, 0, 0, 0, 0, 0] 0 [0, 0, 0, 0, 0] 0 
moved_n 0
2 [2073580, 7, 8, 0, 0, 0, 0, 5, 0] 0 [0, 0, 0, 0, 0] 0 
moved_n 0
3 [2073577, 7, 8, 0, 0, 0, 0, 8, 0] 0 [0, 0, 0, 0, 0] 0 
moved_n 0
4 [2073574, 7, 8, 0, 0, 0, 0, 11, 0] 0 [0, 0, 0, 0, 0] 0 
moved_n 0
5 [2073572, 7, 8, 0, 0, 0, 0, 13, 0] 0 [0, 0, 0, 0, 0] 0 
moved_n 0
6 [2073571, 7, 8, 0, 0, 0, 0, 14, 0] 0 [0, 0, 0, 0, 0] 0 
moved_n 0
7 [2073569, 10, 10, 0, 0, 0, 0, 11, 0] 0 [0, 0, 0, 0, 0] 0 
moved_n 0
8 [2073560, 4, 4, 0, 0, 0, 15, 17, 20] 0 [0, 0, 0, 0, 0] 0 
moved_n 0
9 [2073560, 5, 6, 0, 0, 0, 15, 14, 20] 0 [0, 0, 0, 0, 0] 0 
moved_n 0
10 [2073560, 5, 8, 0, 0, 0, 15, 12, 20] 0 [0, 0, 0, 0, 0] 0 
moved_n 0
11 [2073555, 6, 8, 0, 0, 0, 15, 16, 20] 0 [0, 0, 0, 0, 0] 0 
moved_n 0
12 [2073549, 6, 10, 0, 0, 0, 15, 20, 20] 0 [0, 0, 0, 0, 0] 0 
moved_n 0
13 [2073544, 8, 17, 0, 0, 0, 15, 16, 20] 0 [0, 0, 0, 0, 0] 0 
moved_n 0
14 [2073541, 5, 15, 0, 0, 0, 20, 19, 32] 0 [0, 0, 0, 0, 0] 0 
moved_n 0
15 [2073539, 4, 13, 0, 0, 0, 23, 21, 35] 0 [0, 0, 0, 0, 0] 0 
moved_n 0
16 [2073530, 6, 13, 0, 0, 0, 26, 25, 44] 0 [1, 0, 0, 0, 0] 0 
moved_n 0
17 [2073523, 8, 15, 0, 0, 0, 28, 26, 47] 0 [1, 0, 0, 0, 0] 0 
moved_n 0
18 [2073517, 8, 19, 0, 0, 0, 29, 27, 51] 0 [1, 0, 0, 0, 0] 0 
moved_n 0
19 [2073510, 8, 20, 0, 0, 0, 31, 31, 52] 0 [1, 0, 0, 0, 0] 0 
moved_n 0
20 [2073505, 6, 15, 0, 0, 0, 40, 34, 67] 0 [1, 0, 0, 0, 0] 0 
moved_n 0
21 [2073500, 10, 20, 0, 0, 0, 40, 30, 67] 0 [1, 0, 0, 0, 0] 0 
moved_n 0
22 [2073494, 13, 24, 0, 0, 0, 40, 29, 67] 0 [1, 0, 0, 0, 0] 0 
moved_n 0
23 [2073484, 11, 27, 0, 0, 0, 45, 33, 75] 0 [0, 0, 0, 0, 1] 0 
moved_n 0
24 [2073476, 13, 26, 0, 0, 0, 51, 34, 85] 0 [0, 0, 0, 0, 1] 0 
moved_n 0
25 [2073466, 12, 27, 0, 0, 0, 56, 39, 92] 0 [0, 0, 0, 0, 1] 0 
moved_n 0
26 [2073457, 13, 27, 1, 0, 0, 59, 43, 97] 0 [1, 0, 0, 0, 1] 0 
moved_n 0
27 [2073441, 15, 29, 1, 0, 0, 61, 53, 101] 0 [2, 0, 0, 0, 1] 0 
moved_n 0
28 [2073434, 13, 32, 1, 0, 0, 70, 50, 117] 0 [2, 0, 0, 0, 1] 0 
moved_n 0
29 [2073425, 12, 33, 2, 0, 0, 77, 51, 131] 0 [1, 1, 0, 0, 1] 0 
moved_n 0
30 [2073418, 15, 34, 2, 0, 0, 83, 48, 141] 0 [1, 1, 0, 0, 1] 0 
moved_n 0
31 [2073408, 14, 38, 2, 0, 0, 89, 49, 150] 0 [1, 1, 0, 0, 1] 0 
moved_n 0
32 [2073387, 21, 42, 2, 0, 0, 94, 54, 158] 0 [2, 1, 0, 0, 1] 0 
moved_n 0
33 [2073370, 22, 43, 2, 0, 0, 99, 64, 161] 0 [1, 1, 0, 0, 2] 0 
moved_n 0
34 [2073354, 23, 46, 2, 0, 0, 104, 71, 170] 0 [2, 1, 0, 0, 2] 0 
moved_n 0
35 [2073333, 22, 44, 2, 0, 0, 114, 85, 191] 0 [2, 1, 0, 0, 2] 0 
moved_n 0
36 [2073319, 21, 47, 2, 0, 0, 122, 89, 204] 0 [2, 1, 0, 0, 2] 0 
moved_n 0
37 [2073303, 24, 55, 2, 0, 0, 132, 84, 224] 0 [2, 1, 0, 0, 2] 0 
moved_n 0
38 [2073286, 26, 61, 2, 0, 0, 141, 84, 241] 0 [2, 1, 0, 0, 2] 0 
moved_n 0
39 [2073264, 21, 66, 2, 0, 0, 157, 90, 270] 0 [1, 1, 0, 0, 3] 0 
moved_n 0
40 [2073249, 24, 76, 3, 0, 0, 164, 84, 282] 0 [1, 1, 0, 0, 3] 0 
moved_n 0
41 [2073229, 27, 78, 3, 0, 0, 173, 90, 294] 0 [1, 1, 0, 0, 4] 0 
moved_n 0
42 [2073196, 32, 80, 5, 0, 0, 180, 107, 305] 0 [2, 1, 0, 0, 4] 0 
moved_n 0
43 [2073167, 34, 86, 5, 0, 0, 189, 119, 319] 0 [3, 1, 0, 0, 4] 0 
moved_n 0
44 [2073135, 36, 85, 6, 0, 0, 209, 129, 355] 0 [3, 1, 0, 0, 4] 0 
moved_n 0
45 [2073106, 36, 82, 6, 1, 0, 226, 143, 386] 1 [3, 1, 0, 0, 5] 0 
moved_n 0
46 [2073077, 43, 80, 6, 0, 0, 241, 152, 407] 1 [4, 1, 0, 0, 5] 0 
moved_n 0
47 [2073051, 44, 91, 6, 0, 1, 261, 145, 443] 1 [4, 1, 0, 0, 5] 0 
moved_n 0
48 [2073020, 45, 103, 8, 0, 0, 276, 147, 469] 1 [2, 2, 0, 0, 6] 0 
moved_n 0
49 [2072986, 46, 119, 7, 0, 1, 291, 149, 497] 1 [2, 1, 0, 1, 6] 0 
moved_n 0
50 [2072953, 51, 126, 7, 0, 0, 309, 153, 524] 1 [2, 1, 0, 0, 8] 0 
moved_n 0
51 [2072907, 50, 137, 7, 0, 0, 328, 170, 542] 1 [3, 1, 0, 0, 8] 0 
moved_n 0
52 [2072862, 54, 144, 7, 0, 0, 343, 189, 568] 1 [5, 1, 0, 0, 9] 0 
moved_n 0
53 [2072818, 58, 151, 7, 0, 0, 363, 202, 598] 1 [7, 1, 0, 0, 10] 0 
moved_n 0
54 [2072766, 61, 148, 8, 0, 0, 396, 220, 653] 1 [7, 1, 0, 0, 10] 0 
moved_n 0
55 [2072721, 67, 147, 8, 0, 0, 424, 232, 696] 1 [8, 1, 0, 0, 11] 0 
moved_n 0
56 [2072662, 70, 156, 10, 0, 0, 456, 245, 742] 1 [8, 1, 0, 0, 11] 0 
moved_n 0
57 [2072596, 76, 165, 11, 0, 0, 485, 266, 808] 1 [8, 1, 0, 0, 12] 0 
moved_n 0
58 [2072536, 82, 174, 11, 0, 0, 514, 282, 860] 1 [8, 1, 0, 0, 13] 0 
moved_n 0
59 [2072470, 91, 191, 12, 0, 0, 539, 296, 910] 1 [9, 1, 0, 0, 16] 0 
moved_n 0
60 [2072406, 94, 202, 11, 0, 1, 570, 315, 962] 1 [6, 1, 0, 0, 22] 0 
moved_n 0
61 [2072328, 101, 219, 13, 0, 0, 604, 334, 1001] 1 [9, 1, 0, 0, 22] 0 
moved_n 0
62 [2072251, 112, 241, 13, 0, 1, 636, 345, 1058] 1 [11, 1, 0, 0, 24] 0 
moved_n 0
63 [2072158, 116, 253, 13, 0, 0, 681, 378, 1139] 1 [13, 1, 0, 0, 24] 0 
moved_n 0
64 [2072078, 116, 272, 13, 1, 1, 726, 392, 1205] 2 [14, 1, 0, 0, 27] 0 
moved_n 0
65 [2071981, 122, 287, 12, 0, 1, 770, 425, 1305] 2 [14, 1, 0, 0, 28] 0 
moved_n 0
66 [2071882, 129, 305, 12, 1, 0, 823, 446, 1397] 3 [14, 0, 1, 0, 33] 1 
moved_n 0
67 [2071779, 133, 332, 13, 0, 1, 867, 472, 1479] 3 [16, 0, 0, 0, 34] 1 
moved_n 0
68 [2071681, 140, 360, 12, 0, 1, 926, 477, 1562] 3 [15, 0, 0, 0, 41] 1 
moved_n 0
69 [2071570, 144, 372, 13, 0, 0, 990, 508, 1678] 3 [14, 0, 0, 0, 46] 1 
moved_n 0
70 [2071442, 163, 390, 13, 0, 0, 1050, 539, 1782] 3 [18, 0, 0, 0, 52] 1 
moved_n 0
71 [2071312, 176, 409, 14, 0, 0, 1116, 570, 1899] 3 [20, 1, 0, 0, 57] 1 
moved_n 0
72 [2071173, 191, 432, 15, 0, 0, 1180, 606, 1998] 3 [23, 1, 0, 0, 60] 1 
moved_n 0
73 [2071034, 198, 445, 16, 0, 0, 1257, 647, 2119] 3 [24, 2, 0, 0, 63] 1 
moved_n 0
74 [2070862, 218, 458, 15, 1, 1, 1334, 708, 2230] 4 [27, 1, 1, 0, 68] 2 
moved_n 0
75 [2070698, 239, 474, 15, 0, 0, 1426, 744, 2382] 4 [27, 1, 0, 0, 74] 2 
moved_n 0
76 [2070530, 241, 517, 18, 0, 2, 1506, 782, 2512] 4 [30, 1, 0, 0, 81] 2 
moved_n 0
77 [2070374, 253, 549, 17, 0, 1, 1603, 799, 2659] 4 [30, 1, 0, 0, 93] 2 
moved_n 0
78 [2070194, 258, 583, 19, 0, 0, 1702, 840, 2840] 4 [32, 1, 0, 0, 105] 2 
moved_n 0
79 [2070006, 281, 630, 20, 0, 1, 1802, 856, 2998] 4 [38, 1, 0, 0, 111] 2 
moved_n 0
80 [2069770, 297, 680, 21, 0, 0, 1900, 928, 3175] 4 [39, 2, 0, 0, 123] 2 
moved_n 0
81 [2069531, 302, 733, 21, 0, 1, 2009, 999, 3370] 4 [42, 2, 0, 0, 133] 2 
moved_n 0
82 [2069298, 300, 764, 20, 0, 1, 2137, 1076, 3562] 4 [45, 2, 0, 0, 143] 2 
moved_n 0
83 [2069022, 322, 793, 20, 0, 0, 2267, 1172, 3776] 4 [46, 2, 0, 0, 151] 2 
moved_n 0
84 [2068757, 328, 833, 23, 0, 2, 2404, 1249, 3987] 4 [49, 2, 0, 0, 164] 2 
moved_n 0
85 [2068491, 368, 890, 24, 0, 0, 2544, 1279, 4226] 4 [53, 2, 0, 0, 182] 2 
moved_n 0
86 [2068199, 388, 935, 25, 1, 1, 2715, 1332, 4524] 5 [57, 2, 0, 0, 202] 2 
moved_n 0
87 [2067870, 405, 985, 28, 0, 1, 2878, 1428, 4784] 5 [59, 5, 0, 0, 219] 2 
moved_n 0
88 [2067541, 454, 1044, 32, 0, 0, 3043, 1481, 5073] 5 [72, 5, 0, 0, 236] 2 
moved_n 0
89 [2067182, 487, 1118, 34, 0, 1, 3198, 1575, 5307] 5 [76, 6, 0, 0, 253] 2 
moved_n 0
90 [2066797, 518, 1173, 37, 0, 0, 3376, 1694, 5584] 5 [83, 6, 0, 0, 265] 2 
moved_n 0
91 [2066375, 541, 1252, 40, 1, 0, 3562, 1824, 5903] 6 [87, 6, 0, 0, 285] 2 
moved_n 0
92 [2065993, 568, 1319, 43, 1, 1, 3792, 1877, 6276] 7 [90, 6, 0, 0, 309] 2 
moved_n 0
93 [2065516, 586, 1389, 51, 0, 1, 4025, 2025, 6690] 7 [92, 7, 0, 1, 338] 2 
moved_n 0
94 [2065042, 625, 1475, 52, 0, 1, 4258, 2140, 7094] 7 [92, 7, 0, 0, 364] 2 
moved_n 0
95 [2064519, 642, 1567, 56, 0, 0, 4531, 2278, 7540] 7 [87, 7, 0, 0, 395] 2 
moved_n 0
96 [2064018, 689, 1681, 56, 0, 4, 4788, 2357, 7965] 7 [92, 7, 0, 0, 426] 2 
moved_n 0
97 [2063458, 731, 1756, 60, 1, 0, 5052, 2535, 8418] 8 [105, 8, 0, 0, 454] 2 
moved_n 0
98 [2062890, 804, 1863, 68, 0, 2, 5339, 2626, 8897] 8 [124, 8, 0, 0, 482] 2 
moved_n 0
99 [2062293, 839, 1966, 74, 0, 2, 5669, 2749, 9424] 8 [127, 10, 0, 0, 518] 2 
moved_n 0
100 [2061622, 905, 2087, 81, 0, 1, 5999, 2897, 9975] 8 [138, 9, 0, 1, 561] 2 
moved_n 0
101 [2060920, 945, 2191, 83, 0, 1, 6354, 3098, 10529] 8 [149, 9, 0, 0, 600] 2 
moved_n 0
102 [2060212, 1015, 2294, 90, 0, 0, 6735, 3246, 11187] 8 [160, 9, 0, 0, 644] 2 
moved_n 0
103 [2059477, 1072, 2385, 97, 0, 0, 7148, 3413, 11834] 8 [168, 11, 0, 0, 688] 2 
moved_n 0
104 [2058629, 1136, 2538, 100, 1, 4, 7520, 3664, 12410] 9 [170, 12, 0, 0, 739] 2 
moved_n 0
105 [2057735, 1185, 2689, 102, 0, 1, 7992, 3887, 13191] 9 [169, 12, 0, 0, 804] 2 
moved_n 0
106 [2056777, 1257, 2848, 104, 1, 3, 8458, 4143, 13966] 10 [182, 14, 0, 0, 852] 2 
moved_n 0
107 [2055841, 1307, 2981, 107, 1, 4, 8978, 4371, 14804] 11 [191, 12, 0, 3, 919] 2 
moved_n 0
108 [2054803, 1378, 3141, 109, 2, 4, 9478, 4674, 15605] 13 [204, 15, 0, 0, 976] 2 
moved_n 0
109 [2053721, 1441, 3362, 112, 0, 3, 10040, 4908, 16508] 13 [216, 14, 0, 1, 1031] 2 
moved_n 0
110 [2052660, 1525, 3605, 114, 2, 3, 10603, 5075, 17459] 15 [235, 14, 1, 0, 1095] 3 
moved_n 0
111 [2051506, 1621, 3870, 117, 0, 3, 11197, 5271, 18428] 15 [257, 14, 0, 0, 1161] 3 
moved_n 0
112 [2050206, 1741, 4010, 123, 1, 5, 11864, 5635, 19538] 16 [271, 15, 0, 0, 1252] 3 
moved_n 0
113 [2048782, 1831, 4258, 120, 2, 8, 12562, 6021, 20703] 18 [286, 13, 0, 2, 1332] 3 
moved_n 0
114 [2047359, 1935, 4523, 128, 1, 1, 13273, 6362, 21881] 19 [302, 14, 0, 0, 1424] 3 
moved_n 0
115 [2045882, 2016, 4765, 133, 0, 3, 14004, 6778, 23072] 19 [319, 15, 0, 0, 1532] 3 
moved_n 0
116 [2044259, 2103, 4972, 143, 1, 4, 14852, 7247, 24477] 20 [348, 21, 0, 0, 1638] 3 
moved_n 0
117 [2042683, 2226, 5251, 162, 1, 2, 15732, 7523, 25887] 21 [374, 22, 1, 1, 1741] 4 
moved_n 0
118 [2040911, 2359, 5590, 168, 0, 10, 16670, 7871, 27388] 21 [384, 23, 0, 0, 1865] 4 
moved_n 0
119 [2039129, 2445, 5982, 178, 1, 8, 17606, 8230, 28866] 22 [414, 25, 0, 2, 1976] 4 
moved_n 0
120 [2037204, 2591, 6272, 185, 2, 7, 18639, 8678, 30543] 24 [441, 27, 0, 0, 2101] 4 
moved_n 0
121 [2035179, 2769, 6636, 192, 2, 3, 19715, 9080, 32292] 26 [468, 26, 1, 0, 2233] 5 
moved_n 0
122 [2032956, 2940, 6971, 209, 3, 7, 20761, 9727, 34038] 29 [499, 28, 1, 0, 2373] 6 
moved_n 0
123 [2030721, 3141, 7383, 223, 1, 4, 21908, 10190, 35841] 30 [535, 31, 1, 0, 2539] 7 
moved_n 0
124 [2028295, 3284, 7726, 231, 2, 5, 23193, 10834, 37861] 32 [556, 35, 0, 1, 2735] 7 
moved_n 0
125 [2025714, 3425, 8071, 262, 0, 2, 24604, 11490, 40117] 32 [611, 44, 0, 0, 2934] 7 
moved_n 0
126 [2023002, 3615, 8483, 273, 3, 5, 26010, 12177, 42361] 35 [664, 43, 1, 1, 3133] 8 
moved_n 0
127 [2020296, 3840, 9001, 291, 4, 8, 27465, 12660, 44767] 39 [715, 46, 1, 1, 3331] 9 
moved_n 0
128 [2017311, 4017, 9437, 303, 6, 8, 29069, 13410, 47353] 45 [757, 47, 0, 3, 3548] 9 
moved_n 0
129 [2014187, 4288, 10008, 324, 2, 5, 30633, 14108, 49849] 47 [801, 51, 0, 0, 3758] 9 
moved_n 0
130 [2010853, 4519, 10595, 340, 2, 7, 32376, 14861, 52648] 49 [837, 52, 0, 1, 4022] 9 
moved_n 0
131 [2007354, 4851, 11185, 359, 1, 6, 34147, 15648, 55492] 50 [916, 55, 0, 0, 4280] 9 
moved_n 0
132 [2003708, 5101, 11716, 365, 3, 10, 36059, 16588, 58557] 53 [949, 57, 1, 1, 4589] 10 
moved_n 0
133 [2000055, 5396, 12380, 385, 1, 6, 38068, 17256, 61757] 54 [983, 60, 1, 0, 4896] 11 
moved_n 0
134 [1996068, 5676, 12990, 406, 1, 9, 40277, 18119, 65350] 55 [1025, 64, 0, 1, 5219] 11 
moved_n 0
135 [1991875, 5953, 13797, 443, 3, 6, 42490, 18978, 68738] 58 [1095, 69, 0, 1, 5531] 11 
moved_n 0
136 [1987400, 6244, 14574, 464, 3, 13, 44890, 19954, 72528] 61 [1169, 67, 0, 6, 5903] 11 
moved_n 0
137 [1982806, 6534, 15337, 488, 4, 16, 47452, 20902, 76568] 65 [1205, 76, 0, 3, 6306] 11 
moved_n 0
138 [1977972, 6758, 16061, 500, 6, 14, 50141, 22083, 80808] 71 [1266, 82, 0, 1, 6736] 11 
moved_n 0
139 [1972943, 7187, 16910, 517, 2, 14, 52831, 23125, 84933] 73 [1368, 86, 0, 1, 7159] 11 
moved_n 0
140 [1967612, 7536, 17759, 548, 1, 14, 55794, 24263, 89424] 74 [1472, 94, 0, 1, 7609] 11 
moved_n 0
141 [1962085, 7833, 18789, 607, 2, 9, 58886, 25315, 94216] 76 [1560, 103, 1, 0, 8091] 12 
moved_n 0
142 [1956329, 8240, 19640, 620, 6, 24, 62188, 26477, 99365] 82 [1660, 112, 0, 2, 8649] 12 
moved_n 0
143 [1950261, 8626, 20577, 660, 2, 14, 65667, 27711, 104587] 84 [1756, 113, 0, 4, 9231] 12 
moved_n 0
144 [1943998, 9063, 21514, 695, 7, 14, 69280, 28945, 110154] 91 [1887, 117, 1, 5, 9784] 13 
moved_n 0
145 [1937432, 9574, 22670, 710, 6, 32, 72905, 30180, 115732] 97 [1948, 116, 0, 8, 10418] 13 
moved_n 0
146 [1930485, 10019, 23766, 746, 7, 17, 76863, 31600, 121694] 104 [2058, 119, 2, 1, 11062] 15 
moved_n 0
147 [1923341, 10457, 24878, 780, 4, 24, 81024, 32988, 127901] 108 [2146, 128, 1, 4, 11738] 16 
moved_n 0
148 [1915789, 10889, 26024, 822, 7, 24, 85465, 34472, 134488] 115 [2256, 139, 1, 4, 12517] 17 
moved_n 0
149 [1907858, 11326, 27257, 859, 4, 24, 90017, 36140, 141371] 119 [2338, 155, 0, 4, 13329] 17 
moved_n 0
150 [1899939, 11843, 28460, 909, 7, 18, 94812, 37493, 148411] 126 [2468, 163, 3, 2, 14185] 20 
moved_n 0
151 [1891476, 12347, 29838, 961, 6, 25, 99812, 39009, 155849] 132 [2558, 183, 1, 3, 15060] 21 
moved_n 0
152 [1882763, 12924, 31083, 1001, 6, 17, 105096, 40578, 163558] 138 [2756, 193, 2, 4, 15948] 23 
moved_n 0
153 [1873737, 13507, 32534, 1049, 4, 25, 110554, 42052, 171608] 142 [2913, 200, 0, 4, 16925] 23 
moved_n 0
154 [1864297, 14123, 34092, 1095, 2, 27, 116261, 43561, 179815] 144 [3048, 208, 2, 5, 17940] 25 
moved_n 0
155 [1854479, 14784, 35272, 1123, 9, 42, 122287, 45460, 188487] 153 [3178, 224, 1, 5, 19027] 26 
moved_n 0
156 [1844515, 15519, 36733, 1152, 9, 33, 128525, 46961, 197482] 162 [3348, 232, 2, 4, 20177] 28 
moved_n 0
157 [1834204, 16082, 38303, 1204, 8, 35, 135043, 48559, 206731] 170 [3498, 239, 2, 11, 21400] 30 
moved_n 0
158 [1823232, 16614, 39813, 1276, 5, 29, 141956, 50505, 216721] 175 [3656, 249, 2, 7, 22690] 32 
moved_n 0
159 [1812164, 17210, 41477, 1361, 6, 30, 149044, 52133, 226715] 181 [3784, 268, 1, 4, 24066] 33 
moved_n 0
160 [1800714, 17930, 43003, 1422, 10, 41, 156534, 53765, 237039] 191 [3956, 281, 2, 7, 25422] 35 
moved_n 0
161 [1788888, 18490, 44439, 1486, 4, 61, 164414, 55627, 247956] 195 [4188, 298, 0, 8, 26890] 35 
moved_n 0
162 [1776723, 19146, 46146, 1561, 16, 37, 172295, 57481, 258687] 211 [4372, 310, 3, 9, 28321] 38 
moved_n 0
163 [1764331, 19798, 47978, 1632, 13, 51, 180685, 58901, 270147] 224 [4529, 335, 1, 5, 29939] 39 
moved_n 0
164 [1751696, 20531, 49596, 1699, 13, 49, 189324, 60468, 281846] 237 [4705, 359, 1, 9, 31618] 40 
moved_n 0
165 [1738674, 21302, 51254, 1761, 9, 48, 198275, 62040, 293726] 246 [4940, 372, 3, 7, 33405] 43 
moved_n 0
166 [1725355, 22076, 52838, 1851, 7, 54, 207640, 63533, 306191] 253 [5180, 408, 2, 3, 35248] 45 
moved_n 0
167 [1711438, 22685, 54561, 1939, 10, 56, 217373, 65285, 319009] 263 [5344, 437, 1, 12, 37155] 46 
moved_n 0
168 [1697602, 23470, 56186, 1995, 18, 67, 227270, 66729, 331828] 281 [5472, 466, 2, 13, 39145] 48 
moved_n 0
169 [1683366, 24127, 57844, 2076, 20, 55, 237501, 68330, 344972] 301 [5684, 476, 1, 17, 41184] 49 
moved_n 0
170 [1668970, 24878, 59160, 2142, 12, 64, 248369, 69704, 358697] 313 [5929, 499, 3, 12, 43314] 52 
moved_n 0
171 [1654053, 25588, 60720, 2180, 18, 79, 259347, 71302, 372700] 331 [6119, 517, 3, 22, 45528] 55 
moved_n 0
172 [1639106, 26323, 62436, 2271, 18, 55, 270728, 72332, 386784] 349 [6258, 547, 4, 15, 47876] 59 
moved_n 0
173 [1623794, 26913, 63850, 2336, 22, 65, 282463, 73808, 401355] 371 [6348, 585, 3, 9, 50325] 62 
moved_n 0
174 [1608314, 27601, 65215, 2406, 23, 59, 294559, 75052, 416194] 394 [6516, 607, 5, 12, 52857] 67 
moved_n 0
175 [1592690, 28220, 66594, 2474, 34, 55, 306859, 76280, 430879] 428 [6691, 621, 12, 17, 55426] 79 
moved_n 0
176 [1576783, 28922, 68165, 2549, 32, 53, 319398, 77270, 446129] 460 [6958, 629, 12, 14, 57992] 91 
moved_n 0
177 [1560805, 29345, 69627, 2628, 44, 70, 332320, 78301, 461451] 504 [7039, 647, 12, 17, 60773] 103 
moved_n 0
178 [1544727, 29919, 71019, 2698, 42, 67, 345557, 79067, 476933] 546 [7228, 662, 11, 12, 63537] 114 
moved_n 0
179 [1528276, 30401, 72077, 2768, 57, 64, 359373, 80038, 493157] 603 [7371, 683, 15, 9, 66434] 129 
moved_n 0
180 [1512046, 30822, 73414, 2843, 54, 67, 373107, 80644, 508894] 657 [7489, 707, 11, 16, 69420] 140 
moved_n 0
181 [1495718, 31239, 74659, 2922, 55, 65, 387220, 81065, 524931] 712 [7647, 738, 11, 13, 72376] 151 
moved_n 0
182 [1479392, 31605, 75864, 2996, 47, 72, 401499, 81413, 541081] 759 [7881, 764, 12, 11, 75430] 163 
moved_n 0
183 [1462883, 31915, 76727, 3036, 72, 70, 416294, 81844, 557409] 831 [7912, 791, 16, 10, 78757] 179 
moved_n 0
184 [1446256, 32436, 77698, 3094, 86, 55, 431124, 82020, 573702] 917 [8122, 799, 24, 13, 81942] 203 
moved_n 0
185 [1429543, 32699, 78354, 3176, 66, 49, 446293, 82503, 590121] 983 [8215, 813, 18, 16, 85338] 221 
moved_n 0
186 [1412758, 32913, 78974, 3249, 84, 51, 461628, 82960, 606596] 1067 [8373, 829, 22, 13, 88729] 243 
moved_n 0
187 [1396061, 33157, 79436, 3301, 85, 58, 477104, 83331, 623017] 1152 [8539, 835, 17, 16, 92071] 260 
moved_n 0
188 [1379428, 33237, 79969, 3343, 94, 48, 492874, 83455, 639819] 1246 [8594, 853, 25, 11, 95660] 285 
moved_n 0
189 [1363161, 33419, 80442, 3391, 97, 44, 508705, 83095, 656332] 1343 [8618, 847, 40, 13, 99224] 325 
moved_n 0
190 [1346769, 33614, 80866, 3458, 97, 48, 524631, 82774, 673086] 1440 [8758, 860, 28, 10, 102937] 353 
moved_n 0
191 [1330438, 33659, 81126, 3540, 91, 52, 540934, 82320, 689874] 1531 [8853, 875, 26, 13, 106667] 379 
moved_n 0
192 [1314175, 33855, 81389, 3592, 107, 48, 557017, 81886, 706175] 1638 [8975, 898, 24, 8, 110266] 403 
moved_n 0
193 [1298187, 33967, 81587, 3700, 89, 32, 573159, 81241, 722370] 1727 [8975, 933, 24, 5, 114023] 427 
moved_n 0
194 [1282181, 33887, 81613, 3782, 85, 33, 589312, 80980, 738510] 1812 [8944, 965, 19, 10, 117748] 446 
moved_n 0
195 [1266329, 33951, 81404, 3852, 100, 45, 605667, 80440, 754680] 1912 [9002, 1001, 22, 10, 121617] 468 
moved_n 0
196 [1250727, 33989, 81067, 3927, 102, 45, 622120, 79711, 770776] 2014 [9041, 1012, 33, 13, 125466] 501 
moved_n 0
197 [1235369, 33895, 80741, 3950, 122, 42, 638661, 78806, 786831] 2136 [9031, 1008, 35, 11, 129378] 536 
moved_n 0
198 [1220001, 33705, 80150, 4007, 130, 25, 655260, 78186, 802594] 2266 [8899, 1021, 31, 11, 133241] 567 
moved_n 0
199 [1205045, 33443, 79723, 4057, 132, 26, 671772, 77136, 818239] 2398 [8846, 1038, 24, 7, 137136] 591 
moved_n 0
200 [1190119, 33183, 79160, 4127, 120, 30, 688253, 76210, 833795] 2518 [8813, 1053, 33, 9, 141045] 624 
moved_n 0
201 [1175528, 33062, 78648, 4159, 127, 30, 704329, 75199, 848667] 2645 [8892, 1048, 37, 6, 144898] 661 
moved_n 0
202 [1161133, 32623, 78028, 4243, 112, 31, 720549, 74236, 863882] 2757 [8760, 1089, 19, 6, 148860] 680 
moved_n 0
203 [1146903, 32228, 77466, 4314, 120, 21, 736693, 73098, 878565] 2877 [8651, 1119, 30, 4, 152725] 710 
moved_n 0
204 [1132980, 31988, 76431, 4351, 114, 42, 752752, 72065, 893098] 2991 [8640, 1131, 27, 9, 156617] 737 
moved_n 0
205 [1119252, 31571, 75771, 4390, 148, 16, 768594, 70867, 907408] 3139 [8622, 1141, 40, 4, 160366] 777 
moved_n 0
206 [1105765, 31139, 74826, 4384, 136, 36, 784412, 69763, 921708] 3275 [8524, 1138, 31, 9, 164217] 808 
moved_n 0
207 [1092551, 30680, 73840, 4400, 153, 23, 800096, 68582, 935555] 3428 [8425, 1148, 39, 4, 168097] 847 
moved_n 0
208 [1079479, 30266, 72903, 4412, 142, 29, 815517, 67424, 949102] 3570 [8303, 1165, 32, 7, 171880] 879 
moved_n 0
209 [1066656, 29912, 71838, 4395, 155, 35, 830715, 66324, 962553] 3725 [8230, 1159, 42, 9, 175647] 921 
moved_n 0
210 [1054252, 29495, 70632, 4428, 118, 30, 845920, 65000, 975866] 3843 [8164, 1190, 28, 8, 179384] 949 
moved_n 0
211 [1042054, 28863, 69755, 4459, 141, 32, 860742, 63711, 988572] 3984 [8042, 1187, 45, 8, 183078] 994 
moved_n 0
212 [1030072, 28408, 68479, 4500, 131, 27, 875520, 62479, 1001519] 4115 [7892, 1193, 42, 7, 186781] 1036 
moved_n 0
213 [1018285, 28030, 67349, 4484, 164, 31, 889948, 61194, 1014052] 4279 [7843, 1191, 46, 11, 190341] 1082 
moved_n 0
214 [1006872, 27606, 66248, 4497, 138, 18, 904158, 59784, 1026308] 4417 [7764, 1195, 38, 2, 193835] 1120 
moved_n 0
215 [995580, 27131, 64915, 4494, 153, 30, 918208, 58672, 1038423] 4570 [7599, 1201, 45, 7, 197400] 1165 
moved_n 0
216 [984650, 26667, 63674, 4476, 145, 28, 931986, 57404, 1049964] 4715 [7448, 1198, 43, 6, 200888] 1208 
moved_n 0
217 [973858, 26160, 62431, 4456, 145, 39, 945582, 56214, 1061441] 4860 [7307, 1193, 41, 10, 204336] 1249 
moved_n 0
218 [963389, 25773, 61139, 4427, 149, 29, 958938, 54896, 1072629] 5009 [7118, 1191, 41, 3, 207734] 1290 
moved_n 0
219 [953064, 25186, 59930, 4387, 149, 41, 972026, 53808, 1083610] 5158 [7034, 1179, 42, 5, 210943] 1332 
moved_n 0
220 [942941, 24623, 58744, 4352, 142, 26, 984975, 52639, 1094453] 5300 [6884, 1176, 32, 6, 214241] 1364 
moved_n 0
221 [933200, 24080, 57416, 4304, 142, 43, 997665, 51450, 1104916] 5442 [6765, 1166, 40, 13, 217483] 1404 
moved_n 0
222 [923679, 23608, 56279, 4286, 141, 23, 1009963, 50179, 1114987] 5583 [6658, 1169, 35, 8, 220611] 1439 
moved_n 0
223 [914437, 23057, 55113, 4292, 125, 19, 1022022, 48952, 1124994] 5708 [6527, 1160, 38, 7, 223641] 1477 
moved_n 0
224 [905337, 22600, 53911, 4267, 140, 29, 1033881, 47727, 1134758] 5848 [6390, 1151, 40, 10, 226670] 1517 
moved_n 0
225 [896658, 22019, 52837, 4241, 138, 26, 1045550, 46283, 1144258] 5986 [6231, 1162, 28, 8, 229662] 1545 
moved_n 0
226 [888167, 21569, 51620, 4197, 143, 32, 1056853, 45033, 1153712] 6129 [6142, 1144, 38, 7, 232568] 1583 
moved_n 0
227 [879747, 21182, 50254, 4135, 145, 40, 1068036, 43932, 1162753] 6274 [6040, 1128, 42, 7, 235360] 1625 
moved_n 0
228 [871579, 20730, 49040, 4097, 122, 25, 1078875, 42858, 1171312] 6396 [5862, 1112, 32, 10, 238238] 1657 
moved_n 0
229 [863917, 20159, 47938, 4043, 139, 37, 1089551, 41420, 1179874] 6535 [5695, 1092, 43, 11, 240960] 1700 
moved_n 0
230 [856210, 19689, 46603, 4016, 119, 38, 1099942, 40448, 1188039] 6654 [5601, 1073, 38, 12, 243626] 1738 
moved_n 0
231 [848826, 19047, 45424, 3982, 123, 31, 1110172, 39341, 1195993] 6777 [5420, 1053, 41, 7, 246206] 1779 
moved_n 0
232 [841654, 18571, 44186, 3933, 143, 29, 1120214, 38093, 1204112] 6920 [5329, 1046, 37, 8, 248731] 1816 
moved_n 0
233 [834679, 18074, 43121, 3879, 122, 41, 1129864, 36900, 1211697] 7042 [5147, 1033, 31, 12, 251205] 1847 
moved_n 0
234 [827979, 17486, 41874, 3810, 131, 38, 1139302, 35938, 1219029] 7173 [4959, 1022, 29, 11, 253636] 1876 
moved_n 0
235 [821323, 17002, 40855, 3747, 120, 35, 1148458, 34887, 1226181] 7293 [4842, 1004, 34, 10, 255981] 1910 
moved_n 0
236 [815041, 16525, 39632, 3666, 135, 49, 1157474, 33785, 1233287] 7428 [4711, 982, 35, 11, 258297] 1945 
moved_n 0
237 [808923, 16035, 38654, 3607, 103, 31, 1166088, 32731, 1239988] 7531 [4547, 965, 27, 9, 260476] 1972 
moved_n 0
238 [803014, 15610, 37565, 3546, 100, 53, 1174516, 31665, 1246474] 7631 [4451, 958, 25, 10, 262663] 1997 
moved_n 0
239 [797288, 15111, 36352, 3467, 118, 48, 1182894, 30691, 1252903] 7749 [4236, 949, 27, 10, 264835] 2024 
moved_n 0
240 [791874, 14669, 35268, 3389, 119, 60, 1191023, 29449, 1259121] 7868 [4088, 937, 26, 16, 266959] 2050 
moved_n 0
241 [786633, 14227, 34339, 3324, 91, 70, 1198640, 28408, 1264965] 7959 [3968, 918, 25, 23, 268944] 2075 
moved_n 0
242 [781688, 13735, 33254, 3241, 104, 63, 1206321, 27235, 1270650] 8063 [3807, 899, 31, 16, 270951] 2106 
moved_n 0
243 [776903, 13278, 32213, 3165, 102, 68, 1213697, 26111, 1276065] 8165 [3680, 879, 29, 21, 272816] 2135 
moved_n 0
244 [772187, 12917, 31117, 3109, 88, 69, 1220847, 25101, 1281249] 8253 [3610, 872, 17, 16, 274669] 2152 
moved_n 0
245 [767761, 12473, 30028, 3037, 87, 70, 1227778, 24113, 1286277] 8340 [3465, 860, 15, 19, 276466] 2167 
moved_n 0
246 [763443, 12069, 28975, 2961, 96, 63, 1234463, 23190, 1291225] 8436 [3431, 823, 33, 19, 278105] 2200 
moved_n 0
247 [759438, 11524, 27827, 2854, 86, 85, 1241100, 22250, 1295893] 8522 [3302, 793, 26, 25, 279836] 2226 
moved_n 0
248 [755487, 11054, 26810, 2795, 78, 67, 1247371, 21416, 1300407] 8600 [3165, 775, 24, 18, 281456] 2250 
moved_n 0
249 [751567, 10655, 25837, 2716, 58, 75, 1253472, 20620, 1304692] 8658 [3080, 748, 19, 28, 283052] 2269 
moved_n 0
250 [747969, 10258, 24747, 2669, 63, 62, 1259382, 19792, 1308851] 8721 [2994, 738, 11, 23, 284593] 2280 
moved_n 0
251 [744626, 9821, 23773, 2596, 65, 80, 1265101, 18817, 1312788] 8786 [2854, 737, 12, 17, 286127] 2292 
moved_n 0
252 [741372, 9440, 22771, 2464, 58, 126, 1270517, 18066, 1316577] 8844 [2753, 715, 10, 34, 287514] 2302 
moved_n 0
253 [738209, 9064, 21863, 2381, 52, 92, 1275817, 17278, 1320076] 8896 [2635, 698, 12, 19, 288887] 2314 
moved_n 0
254 [735226, 8805, 21126, 2313, 42, 84, 1280767, 16341, 1323475] 8938 [2595, 675, 13, 23, 290176] 2327 
moved_n 0
255 [732357, 8472, 20281, 2204, 34, 129, 1285573, 15612, 1326779] 8972 [2501, 648, 11, 35, 291420] 2338 
moved_n 0
256 [729622, 8112, 19259, 2128, 28, 110, 1290365, 15004, 1330051] 9000 [2384, 625, 13, 33, 292668] 2351 
moved_n 0
257 [727017, 7727, 18480, 2033, 26, 115, 1294847, 14355, 1333094] 9026 [2257, 592, 6, 39, 293885] 2357 
moved_n 0
258 [724575, 7448, 17627, 1938, 11, 123, 1299218, 13634, 1335934] 9037 [2168, 572, 3, 30, 295098] 2360 
moved_n 0
259 [722254, 7178, 16872, 1851, 14, 114, 1303308, 12972, 1338597] 9051 [2095, 544, 5, 37, 296174] 2365 
moved_n 0
260 [720034, 6806, 16162, 1764, 18, 119, 1307323, 12323, 1341190] 9069 [2019, 528, 6, 25, 297244] 2371 
moved_n 0
261 [717927, 6490, 15309, 1655, 10, 138, 1311307, 11695, 1343862] 9079 [1898, 506, 3, 32, 298311] 2374 
moved_n 0
262 [715890, 6273, 14545, 1554, 12, 123, 1314997, 11127, 1346251] 9091 [1847, 480, 0, 38, 299244] 2374 
moved_n 0
263 [713974, 5991, 13934, 1469, 9, 114, 1318417, 10601, 1348429] 9100 [1765, 449, 1, 37, 300155] 2375 
moved_n 0
264 [712148, 5755, 13247, 1374, 15, 103, 1321752, 10106, 1350617] 9115 [1702, 417, 7, 34, 301006] 2382 
moved_n 0
265 [710476, 5338, 12717, 1287, 6, 121, 1324982, 9558, 1352675] 9121 [1595, 395, 2, 29, 301888] 2384 
moved_n 0
266 [708914, 5027, 12148, 1198, 15, 114, 1328050, 9013, 1354586] 9136 [1489, 373, 5, 31, 302727] 2389 
moved_n 0
267 [707388, 4767, 11580, 1117, 8, 110, 1330992, 8502, 1356430] 9144 [1405, 343, 2, 37, 303579] 2391 
moved_n 0
268 [705954, 4511, 11026, 1019, 8, 117, 1333801, 8020, 1358123] 9152 [1346, 314, 3, 35, 304292] 2394 
moved_n 0
269 [704547, 4270, 10499, 958, 11, 81, 1336481, 7601, 1359788] 9163 [1283, 296, 1, 22, 305012] 2395 
moved_n 0
270 [703236, 4050, 9950, 879, 4, 97, 1338981, 7240, 1361372] 9167 [1240, 274, 3, 28, 305685] 2398 
moved_n 0
271 [702026, 3817, 9429, 816, 4, 86, 1341367, 6888, 1362824] 9171 [1188, 251, 1, 31, 306349] 2399 
moved_n 0
272 [700880, 3665, 8893, 760, 7, 72, 1343644, 6508, 1364208] 9178 [1131, 231, 1, 29, 306977] 2400 
moved_n 0
273 [699823, 3443, 8442, 716, 4, 65, 1345798, 6131, 1365539] 9182 [1058, 226, 1, 14, 307570] 2401 
moved_n 0
274 [698845, 3304, 7961, 673, 5, 58, 1347870, 5702, 1366804] 9187 [998, 211, 0, 18, 308116] 2401 
moved_n 0
275 [697900, 3156, 7506, 643, 6, 48, 1349818, 5336, 1367960] 9193 [949, 196, 3, 16, 308646] 2404 
moved_n 0
276 [697022, 2966, 7090, 597, 3, 60, 1351665, 5004, 1368991] 9196 [905, 176, 1, 23, 309162] 2405 
moved_n 0
277 [696161, 2846, 6684, 563, 6, 46, 1353379, 4719, 1370021] 9202 [872, 166, 2, 14, 309691] 2407 
moved_n 0
278 [695365, 2699, 6320, 549, 2, 33, 1354972, 4458, 1370970] 9204 [823, 160, 0, 12, 310141] 2407 
moved_n 0
279 [694615, 2547, 5930, 520, 6, 36, 1356512, 4230, 1371863] 9210 [786, 151, 2, 11, 310565] 2409 
moved_n 0
280 [693937, 2443, 5554, 486, 2, 44, 1357961, 3963, 1372617] 9212 [768, 138, 1, 14, 310967] 2410 
moved_n 0
281 [693278, 2261, 5219, 455, 7, 35, 1359389, 3744, 1373473] 9219 [722, 129, 1, 11, 311384] 2411 
moved_n 0
282 [692627, 2129, 4902, 436, 2, 31, 1360720, 3534, 1374218] 9221 [700, 121, 1, 11, 311749] 2412 
moved_n 0
283 [692028, 1983, 4636, 416, 3, 29, 1361947, 3337, 1374949] 9224 [645, 120, 0, 5, 312107] 2412 
moved_n 0
284 [691473, 1860, 4362, 406, 3, 20, 1363110, 3142, 1375609] 9227 [605, 117, 1, 7, 312449] 2413 
moved_n 0
285 [690979, 1749, 4096, 379, 3, 36, 1364173, 2958, 1376230] 9230 [575, 113, 1, 8, 312747] 2414 
moved_n 0
286 [690505, 1640, 3879, 355, 4, 34, 1365180, 2773, 1376790] 9234 [546, 100, 2, 13, 313051] 2416 
moved_n 0
287 [690038, 1560, 3679, 329, 1, 31, 1366139, 2589, 1377351] 9235 [526, 94, 1, 6, 313362] 2417 
moved_n 0
288 [689597, 1493, 3475, 303, 1, 25, 1367040, 2431, 1377874] 9236 [511, 85, 0, 9, 313607] 2417 
moved_n 0
289 [689178, 1386, 3277, 278, 5, 28, 1367917, 2295, 1378377] 9241 [463, 82, 1, 5, 313860] 2418 
moved_n 0
290 [688815, 1333, 3025, 266, 4, 19, 1368733, 2164, 1378830] 9245 [447, 80, 0, 7, 314096] 2418 
moved_n 0
291 [688481, 1232, 2856, 246, 2, 22, 1369492, 2024, 1379256] 9247 [398, 73, 0, 8, 314326] 2418 
moved_n 0
292 [688169, 1178, 2704, 233, 0, 17, 1370183, 1869, 1379640] 9247 [374, 68, 0, 6, 314527] 2418 
moved_n 0
293 [687865, 1111, 2550, 217, 2, 21, 1370855, 1732, 1380035] 9249 [346, 60, 0, 8, 314733] 2418 
moved_n 0
294 [687567, 1035, 2393, 207, 0, 15, 1371523, 1611, 1380402] 9249 [317, 60, 0, 2, 314942] 2418 
moved_n 0
295 [687297, 966, 2229, 183, 3, 23, 1372132, 1518, 1380740] 9252 [297, 56, 1, 4, 315112] 2419 
moved_n 0
296 [687023, 883, 2094, 177, 0, 13, 1372700, 1458, 1381062] 9252 [278, 54, 0, 4, 315284] 2419 
moved_n 0
297 [686768, 810, 1989, 160, 2, 16, 1373202, 1401, 1381345] 9254 [256, 47, 2, 5, 315443] 2421 
moved_n 0
298 [686545, 765, 1862, 147, 1, 16, 1373690, 1320, 1381633] 9255 [252, 42, 0, 6, 315591] 2421 
moved_n 0
299 [686321, 702, 1757, 139, 0, 12, 1374168, 1246, 1381896] 9255 [236, 40, 0, 4, 315728] 2421 
moved_n 0
300 [686114, 654, 1635, 135, 0, 9, 1374615, 1183, 1382164] 9255 [223, 41, 0, 2, 315878] 2421 
moved_n 0
301 [685948, 611, 1528, 129, 1, 11, 1375042, 1075, 1382407] 9256 [208, 39, 0, 3, 316000] 2421 
moved_n 0
302 [685776, 579, 1454, 121, 0, 10, 1375412, 992, 1382607] 9256 [199, 36, 0, 3, 316101] 2421 
moved_n 0
303 [685606, 557, 1363, 115, 0, 12, 1375752, 939, 1382805] 9256 [188, 33, 0, 4, 316208] 2421 
moved_n 0
304 [685446, 531, 1299, 107, 1, 12, 1376073, 875, 1382978] 9257 [180, 30, 0, 5, 316311] 2421 
moved_n 0
305 [685288, 516, 1222, 96, 0, 12, 1376383, 826, 1383160] 9257 [167, 26, 0, 5, 316421] 2421 
moved_n 0
306 [685143, 491, 1121, 84, 0, 13, 1376686, 805, 1383329] 9257 [166, 24, 0, 2, 316522] 2421 
moved_n 0
307 [684996, 456, 1059, 82, 0, 6, 1376964, 780, 1383489] 9257 [155, 24, 0, 1, 316613] 2421 
moved_n 0
308 [684870, 426, 984, 84, 0, 0, 1377243, 736, 1383690] 9257 [148, 24, 0, 0, 316695] 2421 
moved_n 0
309 [684754, 398, 914, 80, 0, 8, 1377497, 692, 1383825] 9257 [144, 22, 0, 3, 316775] 2421 
moved_n 0
310 [684657, 378, 870, 73, 0, 9, 1377725, 631, 1383959] 9257 [142, 20, 0, 4, 316853] 2421 
moved_n 0
311 [684564, 347, 821, 71, 0, 4, 1377957, 579, 1384080] 9257 [130, 20, 0, 1, 316928] 2421 
moved_n 0
312 [684486, 330, 782, 68, 0, 4, 1378163, 510, 1384189] 9257 [130, 19, 0, 1, 316987] 2421 
moved_n 0
313 [684407, 308, 764, 64, 0, 7, 1378330, 463, 1384270] 9257 [116, 21, 0, 0, 317039] 2421 
moved_n 0
314 [684328, 305, 711, 59, 1, 4, 1378509, 426, 1384371] 9258 [117, 19, 1, 1, 317096] 2422 
moved_n 0
315 [684236, 277, 664, 60, 1, 1, 1378682, 421, 1384449] 9259 [111, 21, 0, 0, 317146] 2422 
moved_n 0
316 [684175, 262, 616, 54, 1, 6, 1378838, 389, 1384533] 9260 [97, 20, 0, 2, 317199] 2422 
moved_n 0
317 [684105, 241, 556, 54, 0, 1, 1379002, 381, 1384616] 9260 [89, 20, 0, 0, 317261] 2422 
moved_n 0
318 [684053, 219, 511, 51, 0, 4, 1379148, 354, 1384696] 9260 [80, 19, 0, 1, 317311] 2422 
moved_n 0
319 [683981, 189, 473, 49, 1, 3, 1379297, 347, 1384784] 9261 [72, 17, 0, 2, 317358] 2422 
moved_n 0
320 [683930, 188, 439, 47, 1, 3, 1379425, 306, 1384854] 9262 [76, 15, 0, 2, 317398] 2422 
moved_n 0
321 [683868, 169, 403, 44, 0, 6, 1379541, 307, 1384922] 9262 [68, 16, 0, 1, 317437] 2422 
moved_n 0
322 [683831, 168, 376, 43, 2, 2, 1379642, 274, 1384976] 9264 [59, 17, 1, 0, 317475] 2423 
moved_n 0
323 [683782, 156, 349, 37, 0, 6, 1379735, 271, 1385021] 9264 [61, 16, 0, 1, 317495] 2423 
moved_n 0
324 [683743, 145, 353, 34, 0, 5, 1379818, 238, 1385057] 9264 [55, 15, 0, 2, 317528] 2423 
moved_n 0
325 [683700, 140, 329, 35, 0, 1, 1379901, 230, 1385112] 9264 [57, 14, 0, 1, 317557] 2423 
moved_n 0
326 [683663, 139, 311, 36, 0, 1, 1379981, 205, 1385163] 9264 [55, 14, 0, 0, 317595] 2423 
moved_n 0
327 [683622, 124, 277, 31, 2, 4, 1380067, 209, 1385200] 9266 [49, 14, 0, 1, 317631] 2423 
moved_n 0
328 [683582, 118, 270, 31, 0, 1, 1380132, 200, 1385241] 9266 [46, 14, 0, 0, 317656] 2423 
moved_n 0
329 [683560, 104, 254, 29, 0, 3, 1380201, 183, 1385283] 9266 [42, 14, 0, 1, 317674] 2423 
moved_n 0
330 [683534, 95, 252, 30, 0, 2, 1380255, 166, 1385314] 9266 [37, 14, 0, 2, 317696] 2423 
moved_n 0
331 [683507, 93, 219, 29, 0, 2, 1380328, 156, 1385356] 9266 [40, 13, 0, 1, 317724] 2423 
moved_n 0
332 [683482, 95, 210, 28, 0, 1, 1380378, 140, 1385383] 9266 [40, 13, 0, 0, 317742] 2423 
moved_n 0
333 [683464, 91, 193, 25, 0, 3, 1380440, 118, 1385409] 9266 [35, 11, 0, 2, 317768] 2423 
moved_n 0
334 [683429, 82, 187, 26, 0, 0, 1380479, 131, 1385430] 9266 [31, 12, 0, 0, 317781] 2423 
moved_n 0
335 [683404, 69, 176, 25, 0, 3, 1380527, 130, 1385455] 9266 [25, 10, 0, 2, 317799] 2423 
moved_n 0
336 [683384, 67, 165, 26, 0, 1, 1380568, 123, 1385484] 9266 [25, 11, 0, 1, 317817] 2423 
moved_n 0
337 [683353, 66, 149, 25, 0, 1, 1380611, 129, 1385507] 9266 [25, 11, 0, 0, 317833] 2423 
moved_n 0
338 [683335, 59, 139, 23, 2, 1, 1380646, 129, 1385529] 9268 [21, 10, 1, 0, 317843] 2424 
moved_n 0
339 [683314, 54, 138, 22, 0, 1, 1380688, 115, 1385561] 9268 [20, 10, 0, 0, 317853] 2424 
moved_n 0
340 [683296, 50, 128, 21, 0, 1, 1380728, 108, 1385588] 9268 [18, 10, 0, 0, 317867] 2424 
moved_n 0
341 [683276, 51, 123, 22, 0, 1, 1380751, 108, 1385605] 9268 [19, 12, 0, 0, 317872] 2424 
moved_n 0
342 [683261, 58, 121, 20, 0, 2, 1380778, 92, 1385624] 9268 [22, 10, 0, 2, 317884] 2424 
moved_n 0
343 [683248, 60, 111, 20, 0, 0, 1380806, 87, 1385638] 9268 [23, 10, 0, 0, 317895] 2424 
moved_n 0
344 [683233, 59, 107, 19, 0, 2, 1380831, 81, 1385657] 9268 [21, 10, 0, 1, 317905] 2424 
moved_n 0
345 [683222, 59, 107, 18, 0, 2, 1380850, 74, 1385670] 9268 [22, 10, 0, 0, 317913] 2424 
moved_n 0
346 [683211, 59, 92, 16, 0, 2, 1380887, 65, 1385690] 9268 [22, 10, 0, 0, 317928] 2424 
moved_n 0
347 [683198, 55, 86, 15, 0, 1, 1380914, 63, 1385703] 9268 [22, 9, 0, 1, 317932] 2424 
moved_n 0
348 [683185, 51, 83, 14, 0, 1, 1380935, 63, 1385711] 9268 [20, 9, 0, 0, 317940] 2424 
moved_n 0
349 [683173, 46, 73, 14, 0, 1, 1380965, 60, 1385730] 9268 [18, 8, 0, 1, 317948] 2424 
moved_n 0
350 [683166, 39, 73, 11, 0, 3, 1380984, 56, 1385741] 9268 [16, 6, 0, 2, 317953] 2424 
moved_n 0
351 [683161, 37, 66, 9, 1, 1, 1381007, 50, 1385756] 9269 [16, 5, 1, 0, 317965] 2425 
moved_n 0
352 [683154, 37, 61, 9, 0, 0, 1381026, 44, 1385770] 9269 [16, 5, 0, 0, 317973] 2425 
moved_n 0
353 [683148, 31, 60, 9, 0, 0, 1381046, 37, 1385775] 9269 [13, 5, 0, 0, 317982] 2425 
moved_n 0
354 [683141, 31, 57, 7, 1, 1, 1381061, 32, 1385781] 9270 [12, 4, 0, 1, 317987] 2425 
moved_n 0
355 [683135, 30, 52, 6, 0, 1, 1381075, 31, 1385792] 9270 [11, 4, 0, 0, 317996] 2425 
moved_n 0
356 [683128, 27, 45, 4, 0, 2, 1381091, 33, 1385798] 9270 [13, 2, 0, 2, 318000] 2425 
moved_n 0
357 [683121, 25, 43, 4, 0, 0, 1381104, 33, 1385806] 9270 [11, 2, 0, 0, 318009] 2425 
moved_n 0
358 [683116, 21, 41, 5, 0, 0, 1381115, 32, 1385810] 9270 [9, 2, 0, 0, 318013] 2425 
moved_n 0
359 [683112, 18, 38, 5, 0, 0, 1381128, 29, 1385820] 9270 [6, 2, 0, 0, 318020] 2425 
moved_n 0
360 [683107, 17, 32, 5, 0, 0, 1381141, 28, 1385829] 9270 [7, 2, 0, 0, 318023] 2425 
moved_n 0
361 [683105, 16, 28, 4, 0, 1, 1381153, 23, 1385834] 9270 [8, 1, 0, 1, 318026] 2425 
moved_n 0
362 [683104, 17, 27, 5, 0, 0, 1381160, 17, 1385838] 9270 [7, 2, 0, 0, 318031] 2425 
moved_n 0
363 [683100, 17, 27, 5, 0, 0, 1381165, 16, 1385840] 9270 [5, 2, 0, 0, 318035] 2425 
moved_n 0
364 [683096, 16, 25, 4, 0, 1, 1381172, 16, 1385845] 9270 [6, 1, 0, 1, 318038] 2425 
moved_n 0
365 [683094, 16, 24, 3, 0, 1, 1381179, 13, 1385845] 9270 [5, 1, 0, 0, 318041] 2425 
moved_n 0
366 [683092, 13, 22, 3, 0, 0, 1381187, 13, 1385848] 9270 [5, 1, 0, 0, 318044] 2425 
moved_n 0
367 [683087, 11, 20, 3, 0, 0, 1381192, 17, 1385850] 9270 [4, 1, 0, 0, 318046] 2425 
moved_n 0
368 [683086, 9, 19, 3, 0, 0, 1381199, 14, 1385854] 9270 [4, 1, 0, 0, 318049] 2425 
moved_n 0
369 [683083, 7, 18, 2, 0, 1, 1381206, 13, 1385859] 9270 [4, 1, 0, 0, 318052] 2425 
moved_n 0
370 [683082, 5, 17, 2, 0, 0, 1381212, 12, 1385862] 9270 [4, 1, 0, 0, 318054] 2425 
moved_n 0
371 [683079, 5, 15, 2, 0, 0, 1381216, 13, 1385865] 9270 [3, 1, 0, 0, 318056] 2425 
moved_n 0
372 [683077, 6, 14, 2, 0, 0, 1381221, 10, 1385866] 9270 [3, 1, 0, 0, 318058] 2425 
moved_n 0
373 [683077, 6, 13, 2, 0, 0, 1381223, 9, 1385866] 9270 [3, 1, 0, 0, 318060] 2425 
moved_n 0
374 [683077, 7, 14, 2, 0, 0, 1381224, 6, 1385866] 9270 [3, 1, 0, 0, 318061] 2425 
moved_n 0
375 [683076, 5, 13, 2, 0, 0, 1381228, 6, 1385869] 9270 [1, 1, 0, 0, 318064] 2425 
moved_n 0
376 [683075, 4, 13, 2, 0, 0, 1381232, 4, 1385871] 9270 [0, 1, 0, 0, 318066] 2425 
moved_n 0
377 [683075, 6, 11, 2, 0, 0, 1381234, 2, 1385871] 9270 [1, 1, 0, 0, 318067] 2425 
moved_n 0
378 [683074, 5, 10, 1, 0, 1, 1381236, 3, 1385871] 9270 [1, 1, 0, 0, 318068] 2425 
moved_n 0
379 [683073, 3, 7, 1, 0, 0, 1381242, 4, 1385871] 9270 [1, 1, 0, 0, 318070] 2425 
moved_n 0
380 [683072, 3, 7, 1, 0, 0, 1381243, 4, 1385871] 9270 [1, 1, 0, 0, 318070] 2425 
moved_n 0
381 [683072, 2, 6, 1, 0, 0, 1381246, 3, 1385872] 9270 [1, 1, 0, 0, 318071] 2425 
moved_n 0
382 [683072, 2, 5, 0, 0, 1, 1381247, 3, 1385873] 9270 [1, 0, 0, 1, 318071] 2425 
moved_n 0
383 [683071, 2, 3, 0, 0, 0, 1381251, 3, 1385873] 9270 [1, 0, 0, 0, 318073] 2425 
moved_n 0
384 [683071, 0, 4, 0, 0, 0, 1381253, 2, 1385875] 9270 [0, 0, 0, 0, 318074] 2425 
moved_n 0
385 [683071, 0, 5, 0, 0, 0, 1381253, 1, 1385875] 9270 [0, 0, 0, 0, 318074] 2425 
moved_n 0
386 [683071, 0, 5, 0, 0, 0, 1381253, 1, 1385875] 9270 [0, 0, 0, 0, 318074] 2425 
moved_n 0
387 [683071, 0, 4, 0, 0, 0, 1381254, 1, 1385875] 9270 [0, 0, 0, 0, 318074] 2425 
moved_n 0
388 [683071, 1, 3, 0, 0, 0, 1381255, 0, 1385875] 9270 [0, 0, 0, 0, 318074] 2425 
moved_n 0
389 [683071, 1, 3, 0, 0, 0, 1381255, 0, 1385875] 9270 [0, 0, 0, 0, 318074] 2425 
moved_n 0
390 [683071, 1, 2, 0, 0, 0, 1381256, 0, 1385875] 9270 [0, 0, 0, 0, 318074] 2425 
moved_n 0
391 [683070, 1, 1, 0, 0, 0, 1381257, 1, 1385875] 9270 [0, 0, 0, 0, 318074] 2425 
moved_n 0
392 [683070, 1, 0, 0, 0, 0, 1381258, 1, 1385876] 9270 [0, 0, 0, 0, 318074] 2425 
moved_n 0
393 [683070, 1, 0, 0, 0, 0, 1381258, 1, 1385876] 9270 [0, 0, 0, 0, 318074] 2425 
moved_n 0
394 [683069, 1, 0, 0, 0, 0, 1381258, 2, 1385876] 9270 [0, 0, 0, 0, 318074] 2425 
moved_n 0
395 [683069, 0, 0, 0, 0, 0, 1381259, 2, 1385877] 9270 [0, 0, 0, 0, 318074] 2425 
moved_n 0
396 [683069, 1, 0, 0, 0, 0, 1381259, 1, 1385877] 9270 [0, 0, 0, 0, 318074] 2425 
moved_n 0
397 [683069, 1, 0, 0, 0, 0, 1381259, 1, 1385877] 9270 [0, 0, 0, 0, 318074] 2425 
moved_n 0
398 [683069, 1, 0, 0, 0, 0, 1381259, 1, 1385877] 9270 [0, 0, 0, 0, 318074] 2425 
moved_n 0
399 [683069, 1, 1, 0, 0, 0, 1381259, 0, 1385877] 9270 [0, 0, 0, 0, 318074] 2425 
moved_n 0
400 [683069, 1, 1, 0, 0, 0, 1381259, 0, 1385877] 9270 [0, 0, 0, 0, 318074] 2425 
moved_n 0
401 [683069, 1, 1, 0, 0, 0, 1381259, 0, 1385877] 9270 [0, 0, 0, 0, 318074] 2425 
moved_n 0
402 [683069, 1, 1, 0, 0, 0, 1381259, 0, 1385877] 9270 [0, 0, 0, 0, 318074] 2425 
moved_n 0
403 [683069, 0, 1, 0, 0, 0, 1381260, 0, 1385877] 9270 [0, 0, 0, 0, 318074] 2425 
moved_n 0
404 [683069, 0, 1, 0, 0, 0, 1381260, 0, 1385877] 9270 [0, 0, 0, 0, 318074] 2425 
moved_n 0
405 [683069, 0, 1, 0, 0, 0, 1381260, 0, 1385877] 9270 [0, 0, 0, 0, 318074] 2425 
moved_n 0
406 [683069, 0, 0, 0, 0, 0, 1381261, 0, 1385877] 9270 [0, 0, 0, 0, 318074] 2425 
moved_n 0
[683069, 0, 0, 0, 0, 0, 1381261, 0, 1385877] 0.6661173804012346 9270
868960 974051
