1.11 1.8 15 207360 8 2073 960 192 0.9 0.9 0.9 0 120 False 0.7 5 7 7 0.03214285714285715 0.0071428571428571435 20 0.0025 1 False False 1000 0.05 True
1 [2073585, 5, 10, 0, 0, 0, 0, 0, 0] 0 [1, 0, 0, 0, 0] 0 
moved_n 0
2 [2073582, 5, 10, 0, 0, 0, 0, 3, 0] 0 [1, 0, 0, 0, 0] 0 
moved_n 0
3 [2073576, 5, 10, 0, 0, 0, 0, 9, 0] 0 [1, 0, 0, 0, 0] 0 
moved_n 0
4 [2073573, 5, 10, 0, 0, 0, 0, 12, 0] 0 [1, 0, 0, 0, 0] 0 
moved_n 0
5 [2073573, 5, 10, 0, 0, 0, 0, 12, 0] 0 [1, 0, 0, 0, 0] 0 
moved_n 0
6 [2073566, 5, 10, 0, 0, 0, 0, 19, 0] 0 [1, 0, 0, 0, 0] 0 
moved_n 0
7 [2073565, 7, 11, 0, 0, 0, 0, 17, 0] 0 [2, 0, 0, 0, 0] 0 
moved_n 0
8 [2073559, 4, 5, 0, 0, 0, 15, 17, 25] 0 [2, 0, 0, 0, 1] 0 
moved_n 0
9 [2073557, 5, 7, 0, 0, 0, 15, 16, 25] 0 [2, 0, 0, 0, 1] 0 
moved_n 0
10 [2073554, 5, 7, 0, 0, 0, 15, 19, 25] 0 [2, 0, 0, 0, 1] 0 
moved_n 0
11 [2073554, 8, 11, 0, 0, 0, 15, 12, 25] 0 [2, 0, 0, 0, 1] 0 
moved_n 0
12 [2073551, 8, 12, 0, 0, 0, 15, 14, 25] 0 [2, 0, 0, 0, 1] 0 
moved_n 0
13 [2073547, 10, 16, 0, 0, 0, 15, 12, 25] 0 [2, 0, 0, 0, 1] 0 
moved_n 2
14 [2073541, 9, 16, 0, 0, 0, 18, 16, 31] 0 [1, 0, 0, 0, 2] 0 
moved_n 0
15 [2073535, 6, 15, 1, 0, 0, 24, 19, 35] 0 [0, 0, 0, 0, 3] 0 
moved_n 2
16 [2073529, 5, 13, 1, 0, 0, 27, 25, 41] 0 [0, 0, 0, 0, 3] 0 
moved_n 0
17 [2073524, 7, 14, 1, 0, 0, 27, 27, 41] 0 [0, 0, 0, 0, 3] 0 
moved_n 0
18 [2073524, 7, 12, 1, 0, 0, 33, 23, 47] 0 [0, 0, 0, 0, 3] 0 
moved_n 3
19 [2073520, 7, 17, 1, 0, 0, 34, 21, 49] 0 [0, 0, 0, 0, 3] 0 
moved_n 0
20 [2073515, 9, 15, 1, 0, 0, 40, 20, 56] 0 [1, 0, 0, 0, 3] 0 
moved_n 3
21 [2073513, 10, 18, 1, 0, 0, 42, 16, 61] 0 [2, 0, 0, 0, 4] 0 
moved_n 0
22 [2073504, 11, 19, 1, 0, 0, 45, 20, 66] 0 [2, 0, 0, 0, 4] 0 
moved_n 0
23 [2073498, 11, 19, 1, 0, 0, 45, 26, 66] 0 [2, 0, 0, 0, 4] 0 
moved_n 2
24 [2073493, 11, 20, 1, 0, 0, 48, 27, 71] 0 [2, 0, 0, 0, 4] 0 
moved_n 0
25 [2073482, 10, 22, 1, 0, 0, 52, 33, 77] 0 [2, 0, 0, 0, 4] 0 
moved_n 0
26 [2073474, 10, 18, 1, 0, 0, 58, 39, 85] 0 [2, 0, 0, 0, 4] 0 
moved_n 0
27 [2073466, 8, 23, 1, 0, 0, 64, 38, 93] 0 [2, 0, 0, 0, 5] 0 
moved_n 2
28 [2073462, 9, 22, 1, 0, 0, 70, 36, 100] 0 [2, 0, 0, 0, 6] 0 
moved_n 0
29 [2073455, 10, 21, 1, 0, 0, 75, 38, 108] 0 [2, 0, 0, 0, 7] 0 
moved_n 0
30 [2073449, 13, 29, 1, 0, 0, 75, 33, 108] 0 [3, 0, 0, 0, 7] 0 
moved_n 0
31 [2073435, 16, 30, 1, 0, 0, 79, 39, 117] 0 [3, 0, 0, 0, 8] 0 
moved_n 2
32 [2073423, 18, 31, 1, 0, 0, 84, 43, 130] 0 [3, 0, 0, 0, 8] 0 
moved_n 0
33 [2073408, 20, 31, 1, 0, 0, 86, 54, 136] 0 [3, 0, 0, 0, 8] 0 
moved_n 0
34 [2073396, 19, 30, 1, 0, 0, 95, 59, 151] 0 [2, 0, 0, 0, 9] 0 
moved_n 0
35 [2073382, 16, 33, 1, 0, 0, 101, 67, 158] 0 [1, 0, 0, 0, 10] 0 
moved_n 2
36 [2073371, 19, 39, 0, 0, 1, 106, 64, 168] 0 [1, 0, 0, 0, 10] 0 
moved_n 2
37 [2073360, 18, 41, 0, 0, 0, 118, 63, 189] 0 [0, 0, 0, 0, 13] 0 
moved_n 0
38 [2073347, 15, 51, 0, 0, 0, 126, 61, 202] 0 [0, 0, 0, 0, 14] 0 
moved_n 7
39 [2073327, 15, 54, 1, 0, 0, 134, 69, 217] 0 [1, 0, 0, 0, 14] 0 
moved_n 0
40 [2073301, 16, 62, 2, 0, 0, 138, 81, 223] 0 [2, 0, 0, 0, 14] 0 
moved_n 2
41 [2073285, 21, 61, 2, 0, 0, 145, 86, 232] 0 [2, 0, 0, 0, 14] 0 
moved_n 10
42 [2073266, 22, 65, 2, 0, 0, 151, 94, 243] 0 [2, 0, 0, 0, 14] 0 
moved_n 4
43 [2073243, 26, 62, 2, 0, 0, 163, 104, 270] 0 [3, 0, 0, 0, 15] 0 
moved_n 0
44 [2073227, 35, 61, 2, 0, 0, 175, 100, 288] 0 [5, 0, 0, 0, 16] 0 
moved_n 2
45 [2073199, 41, 65, 3, 0, 0, 190, 102, 311] 0 [7, 0, 0, 0, 19] 0 
moved_n 2
46 [2073171, 44, 66, 3, 0, 0, 202, 114, 327] 0 [8, 0, 0, 0, 20] 0 
moved_n 2
47 [2073144, 51, 64, 3, 0, 0, 216, 122, 354] 0 [8, 0, 0, 0, 24] 0 
moved_n 6
48 [2073122, 49, 77, 4, 0, 0, 227, 121, 374] 0 [8, 0, 0, 0, 25] 0 
moved_n 6
49 [2073085, 47, 81, 7, 0, 0, 238, 142, 386] 0 [8, 0, 0, 0, 28] 0 
moved_n 8
50 [2073051, 48, 96, 7, 0, 0, 250, 148, 409] 0 [9, 0, 0, 0, 29] 0 
moved_n 8
51 [2073023, 45, 108, 7, 0, 0, 269, 148, 440] 0 [10, 0, 0, 0, 34] 0 
moved_n 4
52 [2072986, 43, 113, 7, 0, 0, 293, 158, 477] 0 [9, 0, 0, 0, 37] 0 
moved_n 10
53 [2072950, 43, 119, 7, 0, 0, 309, 172, 498] 0 [7, 0, 0, 0, 39] 0 
moved_n 2
54 [2072908, 44, 136, 7, 0, 0, 328, 177, 536] 0 [9, 0, 0, 0, 40] 0 
moved_n 12
55 [2072874, 53, 139, 7, 0, 0, 350, 177, 567] 0 [10, 0, 0, 0, 41] 0 
moved_n 0
56 [2072824, 63, 141, 7, 0, 0, 366, 199, 591] 0 [10, 0, 0, 0, 42] 0 
moved_n 2
57 [2072784, 68, 144, 8, 0, 0, 394, 202, 633] 0 [9, 0, 0, 0, 47] 0 
moved_n 6
58 [2072725, 75, 145, 8, 0, 0, 422, 225, 679] 0 [10, 0, 0, 0, 55] 0 
moved_n 2
59 [2072679, 83, 151, 9, 0, 0, 449, 229, 727] 0 [11, 1, 0, 0, 62] 0 
moved_n 0
60 [2072615, 89, 157, 7, 0, 2, 471, 259, 763] 0 [14, 1, 0, 0, 65] 0 
moved_n 9
61 [2072557, 88, 169, 10, 0, 0, 509, 267, 830] 0 [13, 2, 0, 0, 70] 0 
moved_n 4
62 [2072500, 90, 175, 10, 0, 0, 541, 284, 880] 0 [15, 2, 0, 0, 73] 0 
moved_n 6
63 [2072432, 96, 201, 10, 0, 0, 568, 293, 930] 0 [23, 2, 0, 0, 77] 0 
moved_n 0
64 [2072360, 93, 212, 11, 0, 0, 605, 319, 1008] 0 [23, 2, 0, 0, 82] 0 
moved_n 6
65 [2072290, 96, 237, 11, 0, 1, 640, 325, 1058] 0 [20, 3, 0, 0, 89] 0 
moved_n 2
66 [2072208, 96, 253, 12, 0, 0, 682, 349, 1124] 0 [20, 3, 0, 0, 95] 0 
moved_n 16
67 [2072124, 102, 269, 13, 0, 0, 716, 376, 1185] 0 [19, 3, 0, 0, 100] 0 
moved_n 12
68 [2072033, 106, 283, 12, 0, 1, 766, 399, 1268] 0 [23, 3, 0, 0, 107] 0 
moved_n 6
69 [2071924, 119, 303, 9, 0, 3, 806, 436, 1328] 0 [27, 3, 0, 0, 115] 0 
moved_n 8
70 [2071831, 123, 311, 9, 0, 0, 867, 459, 1438] 0 [23, 3, 0, 0, 126] 0 
moved_n 14
71 [2071724, 132, 339, 9, 0, 0, 912, 484, 1528] 0 [25, 3, 0, 0, 133] 0 
moved_n 14
72 [2071590, 135, 355, 10, 0, 0, 976, 534, 1635] 0 [25, 4, 0, 0, 139] 0 
moved_n 18
73 [2071469, 144, 377, 12, 0, 0, 1034, 564, 1723] 0 [29, 4, 0, 0, 144] 0 
moved_n 16
74 [2071360, 164, 410, 11, 1, 0, 1090, 564, 1821] 1 [32, 3, 1, 0, 154] 1 
moved_n 20
75 [2071221, 181, 420, 10, 1, 0, 1156, 610, 1929] 2 [37, 3, 0, 0, 162] 1 
moved_n 25
76 [2071065, 180, 455, 11, 0, 0, 1228, 659, 2065] 2 [31, 4, 0, 0, 180] 1 
moved_n 12
77 [2070928, 202, 495, 12, 0, 1, 1298, 662, 2168] 2 [38, 4, 0, 0, 194] 1 
moved_n 22
78 [2070766, 213, 520, 15, 0, 0, 1381, 703, 2303] 2 [39, 6, 0, 0, 208] 1 
moved_n 26
79 [2070593, 227, 531, 16, 0, 1, 1463, 767, 2428] 2 [47, 5, 0, 1, 216] 1 
moved_n 17
80 [2070425, 244, 562, 17, 0, 0, 1554, 796, 2583] 2 [45, 5, 0, 0, 231] 1 
moved_n 20
81 [2070245, 260, 596, 15, 0, 3, 1659, 820, 2760] 2 [51, 4, 0, 1, 239] 1 
moved_n 28
82 [2070056, 263, 635, 18, 0, 0, 1754, 872, 2920] 2 [45, 5, 0, 0, 259] 1 
moved_n 16
83 [2069851, 285, 668, 18, 1, 0, 1860, 915, 3066] 3 [54, 5, 0, 0, 270] 1 
moved_n 42
84 [2069644, 288, 705, 18, 1, 1, 1991, 949, 3257] 4 [53, 5, 0, 0, 286] 1 
moved_n 28
85 [2069397, 299, 739, 19, 0, 1, 2113, 1028, 3454] 4 [54, 5, 0, 1, 313] 1 
moved_n 32
86 [2069173, 309, 797, 22, 0, 0, 2223, 1072, 3617] 4 [53, 5, 0, 0, 336] 1 
moved_n 40
87 [2068865, 323, 832, 24, 0, 1, 2360, 1191, 3843] 4 [63, 5, 0, 0, 355] 1 
moved_n 22
88 [2068581, 328, 876, 29, 0, 0, 2512, 1270, 4095] 4 [66, 6, 0, 0, 382] 1 
moved_n 34
89 [2068305, 352, 925, 30, 0, 0, 2645, 1339, 4297] 4 [73, 6, 0, 0, 397] 1 
moved_n 24
90 [2067990, 372, 988, 32, 1, 0, 2806, 1407, 4577] 5 [73, 6, 1, 0, 426] 2 
moved_n 26
91 [2067652, 400, 1012, 32, 0, 0, 2978, 1521, 4872] 5 [76, 6, 0, 0, 459] 2 
moved_n 48
92 [2067322, 436, 1117, 33, 0, 0, 3144, 1543, 5129] 5 [82, 6, 0, 0, 491] 2 
moved_n 36
93 [2066948, 477, 1180, 33, 0, 2, 3322, 1633, 5429] 5 [85, 6, 0, 0, 513] 2 
moved_n 40
94 [2066532, 494, 1251, 36, 0, 0, 3509, 1773, 5735] 5 [85, 6, 0, 0, 541] 2 
moved_n 46
95 [2066129, 529, 1324, 38, 0, 0, 3714, 1861, 6128] 5 [90, 6, 0, 0, 570] 2 
moved_n 72
96 [2065677, 577, 1402, 43, 0, 1, 3920, 1975, 6466] 5 [95, 5, 0, 1, 611] 2 
moved_n 53
97 [2065193, 599, 1462, 45, 1, 1, 4165, 2129, 6847] 6 [100, 6, 0, 0, 653] 2 
moved_n 50
98 [2064719, 625, 1584, 47, 0, 3, 4387, 2229, 7219] 6 [110, 5, 0, 2, 693] 2 
moved_n 76
99 [2064214, 660, 1663, 46, 0, 2, 4691, 2318, 7683] 6 [118, 5, 0, 0, 747] 2 
moved_n 70
100 [2063665, 688, 1751, 49, 1, 0, 4976, 2464, 8153] 7 [129, 7, 0, 0, 781] 2 
moved_n 71
101 [2063053, 741, 1873, 50, 2, 1, 5249, 2624, 8591] 9 [144, 7, 1, 0, 832] 3 
moved_n 77
102 [2062425, 790, 1990, 55, 0, 2, 5561, 2768, 9106] 9 [165, 9, 0, 0, 897] 3 
moved_n 82
103 [2061790, 809, 2104, 63, 0, 1, 5895, 2929, 9671] 9 [181, 10, 0, 0, 949] 3 
moved_n 66
104 [2061129, 871, 2219, 65, 0, 2, 6220, 3085, 10185] 9 [193, 13, 0, 0, 1007] 3 
moved_n 90
105 [2060364, 951, 2312, 68, 0, 2, 6593, 3301, 10787] 9 [216, 13, 0, 1, 1069] 3 
moved_n 102
106 [2059580, 1022, 2439, 69, 1, 3, 7004, 3473, 11480] 10 [235, 14, 0, 0, 1142] 3 
moved_n 92
107 [2058740, 1104, 2580, 74, 0, 3, 7404, 3685, 12164] 10 [256, 17, 0, 0, 1205] 3 
moved_n 113
108 [2057893, 1173, 2689, 79, 0, 3, 7856, 3897, 12896] 10 [272, 19, 0, 0, 1290] 3 
moved_n 103
109 [2056954, 1242, 2796, 84, 0, 1, 8338, 4175, 13689] 10 [285, 20, 0, 0, 1398] 3 
moved_n 96
110 [2055998, 1341, 2990, 86, 0, 3, 8806, 4366, 14456] 10 [302, 21, 0, 1, 1488] 3 
moved_n 113
111 [2055026, 1419, 3189, 94, 0, 0, 9308, 4554, 15262] 10 [310, 23, 0, 0, 1572] 3 
moved_n 106
112 [2053908, 1469, 3432, 102, 0, 1, 9846, 4832, 16143] 10 [319, 23, 0, 0, 1671] 3 
moved_n 167
113 [2052692, 1546, 3587, 108, 1, 1, 10454, 5201, 17126] 11 [341, 25, 0, 0, 1794] 3 
moved_n 155
114 [2051428, 1615, 3834, 111, 0, 3, 11072, 5526, 18163] 11 [355, 26, 0, 0, 1907] 3 
moved_n 134
115 [2050148, 1696, 4072, 118, 0, 2, 11703, 5850, 19196] 11 [363, 28, 0, 0, 2033] 3 
moved_n 148
116 [2048777, 1780, 4294, 119, 4, 4, 12362, 6249, 20243] 15 [395, 29, 0, 0, 2162] 3 
moved_n 153
117 [2047333, 1875, 4553, 123, 0, 4, 13122, 6575, 21483] 15 [413, 32, 0, 1, 2300] 3 
moved_n 180
118 [2045735, 1984, 4875, 128, 1, 5, 13900, 6957, 22728] 16 [451, 34, 0, 1, 2436] 3 
moved_n 211
119 [2044159, 2095, 5188, 132, 1, 1, 14739, 7269, 24090] 17 [487, 36, 0, 0, 2599] 3 
moved_n 177
120 [2042475, 2174, 5534, 139, 1, 4, 15583, 7673, 25463] 18 [510, 37, 0, 2, 2770] 3 
moved_n 264
121 [2040664, 2332, 5808, 144, 2, 4, 16515, 8113, 26966] 20 [557, 37, 1, 1, 2959] 4 
moved_n 211
122 [2038721, 2489, 6134, 154, 0, 6, 17464, 8612, 28503] 20 [590, 39, 0, 2, 3150] 4 
moved_n 226
123 [2036707, 2691, 6558, 158, 0, 9, 18429, 9028, 30102] 20 [625, 40, 0, 1, 3342] 4 
moved_n 249
124 [2034517, 2815, 6884, 173, 1, 4, 19544, 9642, 31903] 21 [677, 41, 0, 3, 3559] 4 
moved_n 259
125 [2032237, 2994, 7170, 180, 0, 5, 20755, 10238, 33912] 21 [706, 41, 0, 1, 3815] 4 
moved_n 278
126 [2029771, 3129, 7573, 194, 1, 4, 22014, 10893, 35941] 22 [742, 46, 0, 1, 4058] 4 
moved_n 295
127 [2027273, 3342, 8015, 206, 0, 8, 23286, 11448, 38013] 22 [800, 46, 0, 3, 4319] 4 
moved_n 315
128 [2024696, 3540, 8462, 211, 2, 8, 24648, 12011, 40233] 24 [854, 52, 0, 2, 4619] 4 
moved_n 289
129 [2021842, 3723, 9030, 222, 1, 4, 26079, 12675, 42511] 25 [920, 52, 1, 1, 4899] 5 
moved_n 392
130 [2018903, 3840, 9595, 238, 1, 3, 27661, 13334, 45075] 26 [965, 54, 0, 2, 5225] 5 
moved_n 377
131 [2015784, 4091, 10222, 257, 2, 7, 29224, 13987, 47530] 28 [1017, 55, 0, 2, 5573] 5 
moved_n 367
132 [2012449, 4300, 10817, 279, 0, 8, 30895, 14824, 50214] 28 [1082, 66, 0, 0, 5928] 5 
moved_n 386
133 [2008977, 4604, 11276, 296, 1, 7, 32692, 15719, 53055] 29 [1152, 71, 0, 2, 6300] 5 
moved_n 450
134 [2005306, 4830, 11949, 319, 2, 6, 34623, 16536, 56046] 31 [1185, 77, 1, 1, 6744] 6 
moved_n 503
135 [2001462, 5094, 12603, 341, 2, 7, 36619, 17441, 59248] 33 [1219, 80, 1, 2, 7181] 7 
moved_n 446
136 [1997362, 5400, 13224, 362, 6, 8, 38783, 18422, 62744] 39 [1319, 84, 3, 0, 7659] 10 
moved_n 499
137 [1993056, 5784, 13892, 375, 5, 8, 41048, 19393, 66446] 44 [1424, 86, 3, 4, 8135] 13 
moved_n 506
138 [1988490, 6023, 14640, 410, 1, 9, 43496, 20487, 70272] 45 [1480, 98, 0, 3, 8651] 13 
moved_n 593
139 [1983795, 6405, 15420, 445, 4, 5, 45970, 21511, 74204] 49 [1566, 108, 0, 2, 9190] 13 
moved_n 617
140 [1978795, 6775, 16315, 468, 4, 11, 48516, 22667, 78224] 53 [1677, 115, 2, 2, 9751] 15 
moved_n 603
141 [1973515, 7203, 17119, 498, 3, 11, 51351, 23847, 82753] 56 [1796, 127, 1, 2, 10395] 16 
moved_n 691
142 [1967945, 7568, 18129, 519, 8, 13, 54251, 25111, 87314] 64 [1941, 129, 2, 3, 11009] 18 
moved_n 692
143 [1962122, 8017, 19118, 557, 7, 13, 57334, 26368, 92256] 71 [2055, 143, 3, 2, 11762] 21 
moved_n 733
144 [1956079, 8474, 20016, 577, 4, 20, 60643, 27716, 97486] 75 [2172, 149, 2, 4, 12537] 23 
moved_n 791
145 [1949841, 9007, 20997, 617, 5, 11, 64093, 28954, 102712] 80 [2320, 163, 0, 0, 13283] 23 
moved_n 753
146 [1943064, 9433, 22175, 646, 7, 17, 67727, 30451, 108250] 87 [2472, 171, 0, 4, 14085] 23 
moved_n 836
147 [1935975, 9881, 23444, 692, 5, 16, 71530, 31970, 114120] 92 [2567, 183, 1, 2, 14977] 24 
moved_n 925
148 [1928635, 10361, 24674, 737, 3, 12, 75599, 33487, 120314] 95 [2705, 197, 0, 7, 15841] 24 
moved_n 1077
149 [1921098, 10873, 25889, 783, 4, 12, 79865, 34981, 126937] 99 [2826, 216, 1, 2, 16867] 25 
moved_n 1027
150 [1913073, 11360, 27062, 828, 5, 17, 84388, 36768, 133757] 104 [2977, 225, 1, 4, 17948] 26 
moved_n 1049
151 [1904724, 11856, 28656, 860, 10, 20, 89030, 38340, 140661] 114 [3100, 238, 3, 2, 19051] 29 
moved_n 975
152 [1895899, 12473, 30111, 902, 6, 26, 93993, 40076, 148196] 120 [3324, 242, 2, 11, 20231] 31 
moved_n 1155
153 [1886850, 13054, 31588, 955, 3, 21, 99224, 41785, 156079] 123 [3478, 260, 1, 6, 21458] 32 
moved_n 1187
154 [1877256, 13609, 32972, 1010, 7, 28, 104753, 43842, 164250] 130 [3644, 279, 1, 6, 22734] 33 
moved_n 1248
155 [1867205, 14235, 34507, 1069, 8, 30, 110548, 45868, 172833] 138 [3820, 299, 1, 5, 24082] 34 
moved_n 1219
156 [1856599, 14938, 36080, 1129, 8, 28, 116555, 48125, 181742] 146 [4010, 317, 2, 6, 25459] 36 
moved_n 1400
157 [1845792, 15703, 37897, 1192, 10, 18, 122735, 50107, 190701] 156 [4228, 334, 1, 5, 26940] 37 
moved_n 1465
158 [1834697, 16385, 39466, 1247, 10, 39, 129447, 52153, 200774] 166 [4442, 349, 2, 13, 28528] 39 
moved_n 1548
159 [1822966, 17133, 41243, 1292, 8, 39, 136463, 54290, 211120] 174 [4657, 356, 2, 12, 30251] 41 
moved_n 1564
160 [1810829, 17965, 43103, 1364, 6, 34, 143749, 56376, 221791] 180 [4914, 379, 1, 11, 31993] 42 
moved_n 1574
161 [1798140, 18947, 45167, 1438, 10, 31, 151228, 58459, 232598] 190 [5206, 398, 0, 10, 33768] 42 
moved_n 1745
162 [1784836, 19783, 47109, 1498, 12, 37, 159179, 60956, 244043] 202 [5464, 412, 4, 6, 35691] 46 
moved_n 1848
163 [1771408, 20547, 49069, 1549, 11, 52, 167473, 63289, 255985] 213 [5717, 419, 3, 18, 37751] 49 
moved_n 1809
164 [1757551, 21392, 51098, 1635, 8, 40, 176248, 65415, 268218] 221 [5983, 450, 3, 11, 39904] 52 
moved_n 1989
165 [1743149, 22306, 53247, 1716, 12, 49, 185220, 67680, 280914] 233 [6265, 465, 5, 13, 42126] 57 
moved_n 1940
166 [1728199, 23236, 55427, 1785, 8, 48, 194723, 69941, 294373] 241 [6579, 478, 4, 12, 44503] 61 
moved_n 2203
167 [1712785, 24174, 57720, 1859, 12, 57, 204701, 72051, 308095] 253 [6861, 502, 2, 13, 46996] 63 
moved_n 2083
168 [1696932, 24973, 59738, 1942, 15, 54, 215217, 74476, 322675] 268 [7145, 520, 2, 20, 49595] 65 
moved_n 2120
169 [1680573, 25810, 61913, 2036, 13, 52, 225957, 76978, 337069] 281 [7470, 534, 6, 18, 52291] 71 
moved_n 2481
170 [1663850, 26799, 64203, 2123, 23, 57, 236965, 79299, 352041] 304 [7710, 553, 7, 12, 55082] 78 
moved_n 2390
171 [1646691, 27775, 66419, 2216, 18, 57, 248612, 81508, 367533] 322 [7992, 585, 7, 18, 58033] 85 
moved_n 2568
172 [1629029, 28745, 68720, 2305, 10, 62, 260651, 83756, 383455] 332 [8259, 612, 2, 15, 61038] 87 
moved_n 2575
173 [1610888, 29646, 70963, 2384, 29, 63, 273251, 86044, 399955] 361 [8528, 623, 8, 19, 64309] 95 
moved_n 2680
174 [1592457, 30500, 73139, 2465, 35, 65, 286462, 88116, 417135] 396 [8834, 634, 9, 19, 67688] 104 
moved_n 2560
175 [1573629, 31449, 75481, 2549, 36, 68, 299771, 90221, 434202] 432 [9096, 668, 6, 18, 71074] 110 
moved_n 2828
176 [1554465, 32397, 77800, 2640, 47, 69, 313524, 92226, 451860] 479 [9341, 704, 10, 17, 74607] 120 
moved_n 2990
177 [1535040, 33314, 80099, 2770, 46, 57, 327806, 93989, 470027] 525 [9730, 743, 11, 15, 78280] 131 
moved_n 3032
178 [1515150, 34174, 82422, 2846, 53, 69, 342623, 95738, 488518] 578 [9986, 772, 15, 15, 82188] 146 
moved_n 3152
179 [1494957, 34995, 84581, 2970, 51, 52, 357916, 97500, 507364] 629 [10307, 797, 18, 20, 86105] 164 
moved_n 3154
180 [1474819, 35889, 86634, 3050, 71, 63, 373635, 98810, 526453] 700 [10587, 831, 16, 14, 90236] 180 
moved_n 3183
181 [1454322, 36818, 88491, 3154, 64, 53, 389855, 100143, 546020] 764 [10886, 874, 13, 11, 94536] 193 
moved_n 3305
182 [1433689, 37633, 90340, 3282, 60, 58, 406423, 101351, 565626] 824 [11143, 920, 15, 18, 98815] 208 
moved_n 3317
183 [1412863, 38422, 92283, 3400, 78, 47, 423396, 102287, 585517] 902 [11354, 970, 21, 8, 103342] 229 
moved_n 3495
184 [1391891, 39180, 94041, 3506, 80, 37, 440897, 103066, 605798] 982 [11549, 993, 23, 15, 107936] 252 
moved_n 3605
185 [1370531, 39834, 95389, 3628, 76, 54, 458818, 104288, 626248] 1058 [11791, 1024, 20, 15, 112753] 272 
moved_n 3697
186 [1349456, 40564, 96692, 3734, 107, 45, 477078, 104866, 646741] 1165 [12028, 1062, 36, 15, 117696] 308 
moved_n 3654
187 [1328484, 41061, 97988, 3842, 108, 40, 495707, 105205, 667323] 1273 [12224, 1096, 30, 8, 122725] 338 
moved_n 3563
188 [1307188, 41513, 99195, 3966, 102, 37, 514651, 105675, 688346] 1375 [12396, 1121, 28, 13, 127885] 366 
moved_n 3706
189 [1286487, 41929, 100338, 4079, 104, 29, 533855, 105404, 709188] 1479 [12488, 1170, 25, 8, 133073] 391 
moved_n 3715
190 [1265793, 42408, 101306, 4190, 109, 32, 553545, 104738, 730176] 1588 [12662, 1212, 23, 10, 138344] 414 
moved_n 3700
191 [1245158, 42653, 101922, 4302, 128, 24, 573527, 104298, 751380] 1716 [12791, 1265, 36, 8, 143743] 450 
moved_n 4020
192 [1224594, 42939, 102489, 4414, 115, 33, 593410, 103890, 771909] 1831 [12923, 1308, 33, 9, 149262] 483 
moved_n 3812
193 [1204291, 43166, 103079, 4496, 140, 32, 613668, 102897, 792402] 1971 [13076, 1335, 35, 9, 154863] 518 
moved_n 3933
194 [1184254, 43149, 103150, 4617, 118, 26, 634082, 102233, 812885] 2089 [13180, 1379, 23, 5, 160398] 541 
moved_n 3830
195 [1164492, 43008, 103163, 4718, 125, 26, 654678, 101301, 832946] 2214 [13181, 1419, 37, 8, 166057] 578 
moved_n 3934
196 [1145226, 43009, 102813, 4831, 130, 27, 675418, 99932, 853126] 2344 [13294, 1473, 36, 3, 171663] 614 
moved_n 4061
197 [1126054, 42824, 102193, 4910, 148, 35, 696552, 98540, 873316] 2492 [13325, 1511, 38, 7, 177640] 652 
moved_n 3928
198 [1107386, 42759, 101498, 4981, 143, 15, 717421, 96905, 892779] 2635 [13331, 1542, 36, 5, 183533] 688 
moved_n 3755
199 [1089123, 42459, 100852, 5077, 144, 24, 738155, 95131, 911761] 2779 [13257, 1579, 41, 6, 189329] 729 
moved_n 3824
200 [1071314, 41919, 99872, 5128, 183, 30, 759197, 93178, 930777] 2962 [13051, 1601, 53, 4, 195243] 782 
moved_n 3817
201 [1054049, 41534, 98807, 5234, 143, 31, 779663, 91177, 949139] 3105 [12956, 1642, 42, 11, 201057] 824 
moved_n 3797
202 [1037192, 41231, 97579, 5322, 148, 18, 800143, 88862, 966981] 3253 [12939, 1661, 45, 5, 206827] 869 
moved_n 3623
203 [1020777, 40635, 96222, 5390, 159, 24, 820531, 86609, 984854] 3412 [12799, 1671, 55, 6, 212599] 924 
moved_n 3713
204 [1004891, 39937, 94650, 5436, 168, 22, 840852, 84232, 1002119] 3580 [12621, 1690, 54, 6, 218332] 978 
moved_n 3614
205 [989622, 39132, 93021, 5482, 163, 21, 860887, 81692, 1018885] 3743 [12419, 1706, 51, 4, 224010] 1029 
moved_n 3600
206 [974990, 38249, 91128, 5509, 175, 27, 880720, 79059, 1035162] 3918 [12225, 1708, 58, 7, 229673] 1087 
moved_n 3502
207 [960778, 37450, 89015, 5578, 152, 10, 900285, 76414, 1050899] 4070 [12028, 1735, 45, 3, 235261] 1132 
moved_n 3529
208 [946880, 36753, 86886, 5618, 167, 21, 919308, 73897, 1066067] 4237 [11748, 1752, 53, 5, 240815] 1185 
moved_n 3341
209 [933481, 35833, 84543, 5643, 168, 17, 938268, 71410, 1080782] 4405 [11495, 1762, 57, 4, 246434] 1242 
moved_n 3236
210 [920636, 34832, 82136, 5678, 186, 11, 956730, 68986, 1094779] 4591 [11171, 1780, 55, 4, 251837] 1297 
moved_n 3158
211 [908313, 33634, 79728, 5683, 185, 11, 974778, 66677, 1108613] 4776 [10793, 1779, 67, 4, 257067] 1364 
moved_n 3188
212 [896580, 32603, 77202, 5672, 200, 17, 992352, 64198, 1121668] 4976 [10484, 1777, 55, 6, 262143] 1419 
moved_n 2972
213 [885358, 31639, 74809, 5664, 187, 15, 1009430, 61522, 1134276] 5163 [10189, 1768, 61, 4, 267081] 1480 
moved_n 3038
214 [874556, 30637, 72326, 5687, 176, 17, 1026113, 58925, 1146552] 5339 [9855, 1770, 59, 4, 271945] 1539 
moved_n 2855
215 [864207, 29489, 69960, 5646, 187, 18, 1042325, 56429, 1158309] 5526 [9517, 1747, 63, 11, 276740] 1602 
moved_n 2751
216 [854327, 28433, 67494, 5642, 161, 18, 1058013, 53986, 1169530] 5687 [9134, 1756, 38, 7, 281397] 1640 
moved_n 2758
217 [845161, 27366, 65063, 5587, 195, 22, 1073100, 51419, 1180239] 5882 [8851, 1738, 60, 9, 285884] 1700 
moved_n 2677
218 [836228, 26534, 62501, 5590, 155, 18, 1087562, 49130, 1190293] 6037 [8574, 1750, 43, 10, 290177] 1743 
moved_n 2395
219 [827720, 25530, 60115, 5542, 192, 15, 1101613, 46836, 1199995] 6229 [8244, 1746, 59, 3, 294394] 1802 
moved_n 2542
220 [819675, 24459, 57652, 5473, 197, 25, 1115358, 44532, 1209441] 6426 [7871, 1722, 59, 10, 298528] 1861 
moved_n 2313
221 [812043, 23333, 55299, 5400, 200, 14, 1128601, 42284, 1218331] 6626 [7561, 1696, 61, 4, 302523] 1922 
moved_n 2215
222 [804772, 22264, 52732, 5340, 176, 10, 1141291, 40389, 1226604] 6802 [7296, 1674, 55, 5, 306330] 1977 
moved_n 2058
223 [797899, 21109, 50500, 5263, 200, 18, 1153480, 38329, 1234550] 7002 [6950, 1652, 56, 8, 310058] 2033 
moved_n 1990
224 [791327, 20175, 48236, 5154, 208, 19, 1165086, 36393, 1242216] 7210 [6673, 1621, 62, 4, 313584] 2095 
moved_n 1932
225 [785240, 19215, 46044, 5074, 166, 22, 1176194, 34435, 1249292] 7376 [6367, 1595, 56, 6, 316959] 2151 
moved_n 1801
226 [779476, 18251, 43849, 4969, 203, 20, 1186889, 32567, 1256136] 7579 [6073, 1570, 59, 10, 320083] 2210 
moved_n 1712
227 [773892, 17371, 41683, 4892, 162, 19, 1197122, 30880, 1262625] 7741 [5866, 1547, 55, 5, 323237] 2265 
moved_n 1606
228 [768746, 16497, 39558, 4824, 157, 18, 1206906, 29153, 1268864] 7898 [5582, 1516, 65, 6, 326227] 2330 
moved_n 1531
229 [763778, 15751, 37706, 4737, 181, 17, 1215983, 27549, 1274494] 8079 [5316, 1485, 60, 5, 328997] 2390 
moved_n 1423
230 [759140, 15039, 35591, 4639, 171, 25, 1224816, 26100, 1279935] 8250 [5100, 1463, 51, 2, 331777] 2441 
moved_n 1443
231 [754900, 14268, 33655, 4547, 156, 15, 1233233, 24576, 1285097] 8406 [4853, 1433, 48, 5, 334386] 2489 
moved_n 1427
232 [750756, 13496, 31970, 4464, 139, 25, 1241208, 23136, 1289993] 8545 [4598, 1397, 46, 9, 336888] 2535 
moved_n 1268
233 [746883, 12746, 30272, 4355, 150, 25, 1248761, 21863, 1294616] 8695 [4345, 1371, 45, 5, 339327] 2580 
moved_n 1226
234 [743268, 12077, 28655, 4237, 158, 29, 1255971, 20510, 1298821] 8853 [4085, 1343, 45, 9, 341586] 2625 
moved_n 1197
235 [740014, 11404, 27093, 4127, 150, 35, 1262798, 19126, 1302876] 9003 [3869, 1307, 56, 8, 343677] 2681 
moved_n 1126
236 [736791, 10671, 25502, 4033, 146, 23, 1269322, 18109, 1306691] 9149 [3637, 1276, 48, 5, 345735] 2729 
moved_n 1080
237 [733828, 10004, 24222, 3901, 166, 39, 1275363, 16928, 1310247] 9315 [3395, 1238, 51, 10, 347630] 2780 
moved_n 983
238 [731047, 9387, 22957, 3767, 156, 35, 1281100, 15836, 1313561] 9471 [3180, 1185, 59, 12, 349394] 2839 
moved_n 970
239 [728315, 8856, 21544, 3681, 119, 31, 1286630, 14953, 1316688] 9590 [3031, 1156, 40, 11, 351149] 2879 
moved_n 932
240 [725707, 8334, 20187, 3561, 140, 30, 1291744, 14307, 1319607] 9730 [2838, 1118, 48, 8, 352785] 2927 
moved_n 785
241 [723403, 7777, 19008, 3447, 129, 40, 1296678, 13388, 1322469] 9859 [2652, 1084, 39, 14, 354378] 2966 
moved_n 757
242 [721242, 7342, 17797, 3343, 102, 45, 1301284, 12586, 1325171] 9961 [2533, 1047, 34, 14, 355839] 3000 
moved_n 711
243 [719199, 6912, 16780, 3231, 107, 50, 1305512, 11848, 1327671] 10068 [2366, 1020, 30, 13, 357207] 3030 
moved_n 694
244 [717339, 6545, 15748, 3094, 121, 61, 1309648, 10976, 1329985] 10189 [2271, 980, 41, 15, 358474] 3071 
moved_n 614
245 [715501, 6219, 14808, 2981, 104, 57, 1313535, 10206, 1332206] 10293 [2167, 932, 37, 25, 359729] 3108 
moved_n 579
246 [713799, 5831, 13898, 2867, 86, 72, 1317150, 9604, 1334291] 10379 [2012, 897, 29, 24, 360955] 3137 
moved_n 614
247 [712173, 5493, 13146, 2733, 76, 89, 1320442, 9069, 1336157] 10455 [1907, 862, 16, 29, 362006] 3153 
moved_n 516
248 [710680, 5192, 12280, 2566, 86, 105, 1323717, 8519, 1337981] 10541 [1832, 818, 26, 27, 363066] 3179 
moved_n 536
249 [709283, 4879, 11508, 2418, 69, 103, 1326743, 8056, 1339671] 10610 [1690, 771, 25, 29, 364061] 3204 
moved_n 486
250 [707966, 4619, 10829, 2308, 51, 94, 1329588, 7535, 1341247] 10661 [1606, 737, 18, 27, 364960] 3222 
moved_n 465
251 [706701, 4307, 10112, 2153, 48, 136, 1332384, 7098, 1342761] 10709 [1494, 692, 9, 46, 365869] 3231 
moved_n 460
252 [705531, 3989, 9457, 2023, 27, 126, 1335096, 6642, 1344341] 10736 [1399, 654, 10, 34, 366768] 3241 
moved_n 357
253 [704488, 3712, 8913, 1883, 32, 138, 1337506, 6192, 1345673] 10768 [1307, 613, 12, 42, 367553] 3253 
moved_n 373
254 [703487, 3502, 8366, 1735, 15, 154, 1339777, 5796, 1346907] 10783 [1241, 560, 7, 55, 368312] 3260 
moved_n 369
255 [702544, 3294, 7843, 1595, 12, 162, 1341945, 5422, 1348057] 10795 [1170, 512, 5, 56, 369058] 3265 
moved_n 334
256 [701675, 3107, 7439, 1427, 9, 182, 1343940, 5026, 1349127] 10804 [1127, 464, 1, 57, 369704] 3266 
moved_n 311
257 [700769, 2903, 6987, 1301, 7, 134, 1345933, 4762, 1350198] 10811 [1069, 424, 3, 44, 370339] 3269 
moved_n 267
258 [699968, 2724, 6523, 1174, 4, 134, 1347742, 4520, 1351208] 10815 [1023, 386, 1, 41, 370952] 3270 
moved_n 285
259 [699255, 2515, 6096, 1050, 10, 141, 1349486, 4232, 1352137] 10825 [936, 351, 3, 43, 371557] 3273 
moved_n 269
260 [698622, 2377, 5695, 946, 4, 115, 1351094, 3922, 1352955] 10829 [902, 324, 1, 35, 372102] 3274 
moved_n 302
261 [697996, 2205, 5349, 830, 1, 123, 1352588, 3679, 1353745] 10830 [852, 289, 1, 40, 372600] 3275 
moved_n 262
262 [697396, 2084, 5057, 754, 2, 97, 1354007, 3373, 1354520] 10832 [800, 261, 2, 34, 373092] 3277 
moved_n 196
263 [696853, 1968, 4721, 658, 2, 103, 1355348, 3115, 1355263] 10834 [752, 235, 2, 29, 373559] 3279 
moved_n 210
264 [696368, 1851, 4380, 578, 4, 90, 1356608, 2887, 1355900] 10838 [704, 207, 1, 30, 374001] 3280 
moved_n 203
265 [695891, 1718, 4108, 506, 6, 77, 1357725, 2731, 1356471] 10844 [636, 187, 1, 26, 374380] 3281 
moved_n 205
266 [695434, 1656, 3799, 457, 2, 55, 1358791, 2562, 1357051] 10846 [628, 174, 0, 16, 374742] 3281 
moved_n 175
267 [694989, 1559, 3551, 412, 4, 51, 1359781, 2407, 1357540] 10850 [583, 157, 2, 16, 375091] 3283 
moved_n 158
268 [694578, 1494, 3290, 380, 2, 41, 1360690, 2275, 1358046] 10852 [555, 146, 0, 15, 375426] 3283 
moved_n 131
269 [694182, 1343, 3017, 355, 2, 36, 1361627, 2186, 1358508] 10854 [498, 136, 1, 13, 375774] 3284 
moved_n 130
270 [693844, 1241, 2804, 328, 0, 30, 1362452, 2047, 1358964] 10854 [460, 129, 0, 9, 376068] 3284 
moved_n 96
271 [693544, 1152, 2646, 301, 1, 30, 1363182, 1890, 1359376] 10855 [441, 119, 1, 10, 376318] 3285 
moved_n 125
272 [693265, 1102, 2512, 278, 6, 22, 1363836, 1724, 1359727] 10861 [435, 114, 1, 6, 376535] 3286 
moved_n 100
273 [692989, 1010, 2387, 262, 1, 28, 1364473, 1589, 1360065] 10862 [394, 108, 0, 12, 376763] 3286 
moved_n 70
274 [692726, 937, 2256, 245, 3, 20, 1365095, 1456, 1360415] 10865 [363, 100, 1, 8, 376972] 3287 
moved_n 93
275 [692489, 868, 2121, 217, 2, 30, 1365653, 1355, 1360709] 10867 [336, 90, 1, 12, 377173] 3288 
moved_n 88
276 [692247, 808, 1995, 204, 0, 20, 1366162, 1297, 1360956] 10867 [315, 83, 0, 9, 377358] 3288 
moved_n 98
277 [692010, 754, 1850, 194, 3, 13, 1366654, 1255, 1361224] 10870 [293, 79, 1, 6, 377541] 3289 
moved_n 65
278 [691805, 718, 1706, 191, 0, 10, 1367116, 1184, 1361470] 10870 [276, 77, 0, 4, 377724] 3289 
moved_n 86
279 [691632, 665, 1583, 167, 2, 24, 1367563, 1094, 1361716] 10872 [252, 68, 1, 9, 377878] 3290 
moved_n 78
280 [691462, 616, 1461, 156, 0, 12, 1367994, 1027, 1361959] 10872 [226, 63, 0, 6, 378031] 3290 
moved_n 84
281 [691307, 559, 1358, 156, 1, 8, 1368399, 940, 1362146] 10873 [209, 64, 0, 6, 378168] 3290 
moved_n 42
282 [691164, 531, 1289, 136, 2, 21, 1368738, 846, 1362341] 10875 [198, 55, 1, 8, 378292] 3291 
moved_n 53
283 [691000, 509, 1218, 129, 3, 8, 1369053, 805, 1362499] 10878 [194, 52, 2, 4, 378414] 3293 
moved_n 32
284 [690859, 479, 1142, 119, 1, 13, 1369336, 773, 1362649] 10879 [184, 53, 0, 2, 378522] 3293 
moved_n 40
285 [690730, 446, 1070, 109, 0, 11, 1369623, 732, 1362800] 10879 [181, 46, 0, 7, 378624] 3293 
moved_n 56
286 [690604, 417, 990, 102, 1, 8, 1369896, 703, 1362947] 10880 [175, 44, 0, 3, 378726] 3293 
moved_n 36
287 [690498, 380, 934, 95, 1, 8, 1370138, 666, 1363076] 10881 [167, 44, 0, 1, 378807] 3293 
moved_n 27
288 [690392, 373, 867, 85, 0, 10, 1370384, 608, 1363204] 10881 [156, 40, 0, 4, 378892] 3293 
moved_n 48
289 [690293, 345, 802, 78, 1, 7, 1370627, 566, 1363344] 10882 [140, 37, 1, 3, 378985] 3294 
moved_n 35
290 [690200, 319, 753, 76, 1, 3, 1370836, 530, 1363458] 10883 [133, 34, 1, 2, 379065] 3295 
moved_n 28
291 [690103, 304, 721, 73, 0, 4, 1371011, 501, 1363569] 10883 [125, 34, 0, 1, 379133] 3295 
moved_n 32
292 [690022, 280, 677, 73, 0, 4, 1371185, 476, 1363680] 10883 [107, 34, 0, 2, 379210] 3295 
moved_n 16
293 [689948, 264, 645, 63, 0, 12, 1371341, 444, 1363752] 10883 [101, 30, 0, 6, 379267] 3295 
moved_n 20
294 [689886, 265, 601, 60, 0, 5, 1371493, 407, 1363835] 10883 [99, 32, 0, 0, 379328] 3295 
moved_n 18
295 [689825, 229, 566, 54, 2, 4, 1371662, 375, 1363917] 10885 [88, 27, 2, 3, 379388] 3297 
moved_n 18
296 [689756, 219, 532, 48, 0, 7, 1371806, 347, 1364005] 10885 [89, 26, 0, 2, 379436] 3297 
moved_n 14
297 [689713, 210, 494, 45, 0, 4, 1371940, 309, 1364072] 10885 [81, 24, 0, 2, 379487] 3297 
moved_n 10
298 [689664, 189, 465, 39, 0, 7, 1372067, 284, 1364130] 10885 [75, 22, 0, 2, 379536] 3297 
moved_n 12
299 [689598, 178, 432, 37, 0, 2, 1372180, 288, 1364178] 10885 [75, 21, 0, 1, 379577] 3297 
moved_n 20
300 [689546, 166, 396, 39, 1, 1, 1372287, 279, 1364247] 10886 [60, 23, 1, 1, 379626] 3298 
moved_n 18
301 [689499, 149, 382, 33, 1, 7, 1372386, 257, 1364292] 10887 [56, 18, 0, 5, 379666] 3298 
moved_n 15
302 [689459, 141, 340, 31, 0, 3, 1372485, 254, 1364353] 10887 [60, 18, 0, 0, 379696] 3298 
moved_n 18
303 [689432, 132, 303, 28, 0, 3, 1372583, 232, 1364404] 10887 [55, 15, 0, 3, 379730] 3298 
moved_n 10
304 [689406, 128, 292, 25, 0, 4, 1372666, 192, 1364458] 10887 [56, 13, 0, 3, 379762] 3298 
moved_n 8
305 [689383, 124, 275, 24, 0, 1, 1372743, 163, 1364492] 10887 [55, 13, 0, 0, 379800] 3298 
moved_n 8
306 [689352, 117, 267, 22, 0, 2, 1372806, 147, 1364524] 10887 [46, 12, 0, 1, 379830] 3298 
moved_n 6
307 [689313, 106, 258, 21, 0, 1, 1372868, 146, 1364552] 10887 [43, 12, 0, 0, 379849] 3298 
moved_n 11
308 [689291, 90, 231, 23, 1, 0, 1372936, 141, 1364578] 10888 [37, 13, 0, 0, 379874] 3298 
moved_n 6
309 [689271, 87, 217, 22, 0, 1, 1372979, 135, 1364609] 10888 [35, 12, 0, 1, 379891] 3298 
moved_n 12
310 [689246, 81, 198, 20, 0, 2, 1373028, 137, 1364631] 10888 [33, 12, 0, 0, 379912] 3298 
moved_n 12
311 [689223, 71, 174, 19, 0, 1, 1373095, 129, 1364657] 10888 [31, 11, 0, 1, 379931] 3298 
moved_n 4
312 [689209, 66, 165, 17, 0, 3, 1373148, 104, 1364682] 10888 [31, 11, 0, 1, 379950] 3298 
moved_n 4
313 [689191, 56, 150, 15, 1, 2, 1373197, 100, 1364702] 10889 [27, 10, 0, 2, 379968] 3298 
moved_n 2
314 [689177, 55, 132, 14, 0, 1, 1373238, 94, 1364722] 10889 [29, 9, 0, 1, 379980] 3298 
moved_n 4
315 [689162, 54, 131, 14, 0, 0, 1373266, 84, 1364738] 10889 [29, 9, 0, 0, 379989] 3298 
moved_n 10
316 [689143, 51, 131, 13, 0, 1, 1373292, 80, 1364755] 10889 [27, 8, 0, 1, 379999] 3298 
moved_n 4
317 [689128, 48, 125, 12, 0, 1, 1373316, 81, 1364769] 10889 [25, 8, 0, 0, 380012] 3298 
moved_n 0
318 [689119, 39, 122, 11, 0, 1, 1373347, 72, 1364789] 10889 [19, 8, 0, 0, 380023] 3298 
moved_n 10
319 [689109, 32, 104, 11, 0, 0, 1373387, 68, 1364808] 10889 [15, 8, 0, 0, 380039] 3298 
moved_n 6
320 [689095, 31, 98, 7, 0, 4, 1373409, 67, 1364822] 10889 [15, 4, 0, 4, 380050] 3298 
moved_n 6
321 [689090, 28, 100, 6, 0, 1, 1373433, 53, 1364833] 10889 [12, 4, 0, 0, 380064] 3298 
moved_n 6
322 [689083, 29, 89, 5, 0, 1, 1373459, 45, 1364843] 10889 [11, 4, 0, 0, 380075] 3298 
moved_n 4
323 [689072, 26, 78, 5, 0, 0, 1373483, 47, 1364855] 10889 [9, 4, 0, 0, 380082] 3298 
moved_n 10
324 [689064, 25, 75, 4, 0, 1, 1373497, 45, 1364860] 10889 [8, 3, 0, 1, 380088] 3298 
moved_n 0
325 [689055, 27, 67, 6, 0, 0, 1373516, 40, 1364871] 10889 [8, 4, 0, 0, 380096] 3298 
moved_n 2
326 [689047, 26, 60, 6, 0, 0, 1373529, 43, 1364879] 10889 [7, 4, 0, 0, 380102] 3298 
moved_n 4
327 [689034, 25, 53, 6, 0, 0, 1373544, 49, 1364889] 10889 [5, 4, 0, 0, 380107] 3298 
moved_n 0
328 [689026, 26, 44, 4, 0, 2, 1373563, 46, 1364897] 10889 [5, 3, 0, 1, 380117] 3298 
moved_n 4
329 [689019, 21, 43, 4, 0, 0, 1373579, 45, 1364910] 10889 [3, 3, 0, 0, 380122] 3298 
moved_n 4
330 [689015, 20, 44, 4, 0, 0, 1373588, 40, 1364913] 10889 [4, 3, 0, 0, 380125] 3298 
moved_n 2
331 [689010, 19, 43, 4, 0, 0, 1373598, 37, 1364919] 10889 [5, 3, 0, 0, 380128] 3298 
moved_n 2
332 [689004, 19, 42, 3, 0, 1, 1373612, 30, 1364929] 10889 [5, 2, 0, 1, 380136] 3298 
moved_n 0
333 [688999, 17, 47, 2, 0, 1, 1373618, 27, 1364933] 10889 [5, 1, 0, 1, 380140] 3298 
moved_n 6
334 [688993, 16, 48, 2, 0, 0, 1373626, 26, 1364938] 10889 [5, 1, 0, 0, 380143] 3298 
moved_n 2
335 [688989, 14, 43, 2, 0, 0, 1373637, 26, 1364944] 10889 [6, 1, 0, 0, 380146] 3298 
moved_n 0
336 [688982, 12, 42, 2, 0, 0, 1373645, 28, 1364947] 10889 [6, 1, 0, 0, 380149] 3298 
moved_n 2
337 [688975, 14, 37, 2, 0, 0, 1373654, 29, 1364955] 10889 [7, 1, 0, 0, 380153] 3298 
moved_n 2
338 [688971, 13, 35, 2, 0, 0, 1373662, 28, 1364961] 10889 [6, 1, 0, 0, 380157] 3298 
moved_n 2
339 [688967, 8, 33, 2, 0, 0, 1373675, 26, 1364971] 10889 [4, 1, 0, 0, 380160] 3298 
moved_n 0
340 [688964, 8, 29, 2, 0, 0, 1373683, 25, 1364978] 10889 [4, 1, 0, 0, 380163] 3298 
moved_n 0
341 [688961, 8, 29, 2, 0, 0, 1373690, 21, 1364979] 10889 [4, 1, 0, 0, 380167] 3298 
moved_n 0
342 [688953, 9, 31, 2, 0, 0, 1373694, 22, 1364979] 10889 [4, 1, 0, 0, 380171] 3298 
moved_n 0
343 [688952, 11, 28, 2, 0, 0, 1373699, 19, 1364986] 10889 [5, 1, 0, 0, 380174] 3298 
moved_n 2
344 [688952, 10, 27, 2, 0, 0, 1373705, 15, 1364990] 10889 [5, 1, 0, 0, 380176] 3298 
moved_n 2
345 [688951, 9, 25, 1, 0, 2, 1373710, 13, 1364994] 10889 [5, 1, 0, 1, 380178] 3298 
moved_n 2
346 [688949, 8, 23, 1, 0, 0, 1373718, 12, 1364997] 10889 [5, 1, 0, 0, 380180] 3298 
moved_n 2
347 [688946, 11, 25, 1, 0, 0, 1373721, 7, 1364998] 10889 [7, 1, 0, 0, 380181] 3298 
moved_n 0
348 [688944, 10, 20, 1, 0, 0, 1373728, 8, 1365001] 10889 [7, 1, 0, 0, 380182] 3298 
moved_n 2
349 [688942, 8, 15, 1, 0, 0, 1373735, 10, 1365003] 10889 [6, 1, 0, 0, 380185] 3298 
moved_n 0
350 [688942, 6, 14, 1, 0, 0, 1373739, 9, 1365005] 10889 [5, 1, 0, 0, 380188] 3298 
moved_n 0
351 [688939, 4, 14, 1, 0, 0, 1373743, 10, 1365006] 10889 [3, 1, 0, 0, 380190] 3298 
moved_n 0
352 [688938, 4, 14, 1, 0, 0, 1373746, 8, 1365009] 10889 [2, 1, 0, 0, 380193] 3298 
moved_n 2
353 [688938, 5, 12, 1, 0, 0, 1373749, 6, 1365010] 10889 [2, 1, 0, 0, 380195] 3298 
moved_n 0
354 [688938, 2, 9, 1, 0, 0, 1373757, 4, 1365012] 10889 [0, 1, 0, 0, 380199] 3298 
moved_n 0
355 [688937, 2, 8, 1, 0, 0, 1373758, 5, 1365012] 10889 [0, 1, 0, 0, 380199] 3298 
moved_n 0
356 [688937, 3, 10, 1, 0, 0, 1373758, 2, 1365012] 10889 [1, 1, 0, 0, 380199] 3298 
moved_n 0
357 [688935, 3, 10, 1, 0, 0, 1373759, 3, 1365013] 10889 [1, 1, 0, 0, 380199] 3298 
moved_n 0
358 [688934, 3, 8, 1, 0, 0, 1373761, 4, 1365013] 10889 [1, 1, 0, 0, 380199] 3298 
moved_n 0
359 [688932, 2, 6, 1, 0, 0, 1373764, 6, 1365014] 10889 [1, 1, 0, 0, 380200] 3298 
moved_n 0
360 [688930, 1, 6, 1, 0, 0, 1373766, 7, 1365016] 10889 [1, 1, 0, 0, 380201] 3298 
moved_n 0
361 [688930, 1, 4, 1, 0, 0, 1373768, 7, 1365018] 10889 [1, 1, 0, 0, 380203] 3298 
moved_n 0
362 [688930, 3, 4, 1, 0, 0, 1373768, 5, 1365018] 10889 [2, 1, 0, 0, 380203] 3298 
moved_n 0
363 [688930, 2, 3, 1, 0, 0, 1373771, 4, 1365020] 10889 [1, 1, 0, 0, 380205] 3298 
moved_n 0
364 [688930, 2, 4, 1, 0, 0, 1373772, 2, 1365020] 10889 [1, 1, 0, 0, 380206] 3298 
moved_n 0
365 [688930, 2, 6, 0, 0, 1, 1373772, 0, 1365020] 10889 [1, 0, 0, 1, 380206] 3298 
moved_n 0
366 [688928, 2, 6, 0, 0, 0, 1373773, 2, 1365020] 10889 [1, 0, 0, 0, 380207] 3298 
moved_n 0
367 [688927, 2, 5, 0, 0, 0, 1373774, 3, 1365020] 10889 [1, 0, 0, 0, 380208] 3298 
moved_n 0
368 [688927, 2, 5, 0, 0, 0, 1373774, 3, 1365020] 10889 [1, 0, 0, 0, 380208] 3298 
moved_n 0
369 [688925, 0, 5, 0, 0, 0, 1373776, 5, 1365020] 10889 [0, 0, 0, 0, 380209] 3298 
moved_n 0
370 [688925, 0, 4, 0, 0, 0, 1373777, 5, 1365021] 10889 [0, 0, 0, 0, 380210] 3298 
moved_n 0
371 [688924, 0, 4, 0, 0, 0, 1373779, 4, 1365023] 10889 [0, 0, 0, 0, 380212] 3298 
moved_n 0
372 [688922, 0, 3, 0, 0, 0, 1373781, 5, 1365028] 10889 [0, 0, 0, 0, 380213] 3298 
moved_n 0
373 [688922, 0, 3, 0, 0, 0, 1373781, 5, 1365028] 10889 [0, 0, 0, 0, 380213] 3298 
moved_n 0
374 [688922, 2, 3, 0, 0, 0, 1373781, 3, 1365028] 10889 [2, 0, 0, 0, 380213] 3298 
moved_n 0
375 [688921, 2, 3, 0, 0, 0, 1373781, 4, 1365028] 10889 [2, 0, 0, 0, 380213] 3298 
moved_n 0
376 [688919, 2, 4, 0, 0, 0, 1373781, 5, 1365028] 10889 [2, 0, 0, 0, 380213] 3298 
moved_n 0
377 [688919, 2, 6, 0, 0, 0, 1373781, 3, 1365028] 10889 [2, 0, 0, 0, 380213] 3298 
moved_n 0
378 [688918, 2, 4, 0, 0, 0, 1373783, 4, 1365029] 10889 [2, 0, 0, 0, 380215] 3298 
moved_n 0
379 [688918, 2, 3, 0, 0, 0, 1373784, 4, 1365030] 10889 [2, 0, 0, 0, 380216] 3298 
moved_n 0
380 [688918, 2, 4, 0, 0, 0, 1373784, 3, 1365030] 10889 [2, 0, 0, 0, 380216] 3298 
moved_n 2
381 [688918, 0, 6, 0, 0, 0, 1373786, 1, 1365031] 10889 [0, 0, 0, 0, 380218] 3298 
moved_n 0
382 [688918, 0, 6, 0, 0, 0, 1373786, 1, 1365031] 10889 [0, 0, 0, 0, 380218] 3298 
moved_n 0
383 [688918, 0, 6, 0, 0, 0, 1373787, 0, 1365031] 10889 [0, 0, 0, 0, 380218] 3298 
moved_n 2
384 [688915, 0, 4, 0, 0, 0, 1373789, 3, 1365035] 10889 [0, 0, 0, 0, 380219] 3298 
moved_n 0
385 [688914, 0, 4, 0, 0, 0, 1373789, 4, 1365035] 10889 [0, 0, 0, 0, 380219] 3298 
moved_n 0
386 [688914, 0, 4, 0, 0, 0, 1373789, 4, 1365035] 10889 [0, 0, 0, 0, 380219] 3298 
moved_n 0
387 [688914, 0, 3, 0, 0, 0, 1373790, 4, 1365035] 10889 [0, 0, 0, 0, 380220] 3298 
moved_n 0
388 [688914, 0, 1, 0, 0, 0, 1373792, 4, 1365035] 10889 [0, 0, 0, 0, 380222] 3298 
moved_n 0
389 [688914, 3, 1, 0, 0, 0, 1373792, 1, 1365035] 10889 [2, 0, 0, 0, 380222] 3298 
moved_n 0
390 [688914, 3, 1, 0, 0, 0, 1373793, 0, 1365036] 10889 [2, 0, 0, 0, 380222] 3298 
moved_n 0
391 [688914, 2, 1, 1, 0, 0, 1373793, 0, 1365036] 10889 [2, 0, 0, 0, 380222] 3298 
moved_n 0
392 [688914, 1, 1, 2, 0, 0, 1373793, 0, 1365036] 10889 [1, 1, 0, 0, 380222] 3298 
moved_n 0
393 [688913, 1, 1, 2, 0, 0, 1373793, 1, 1365036] 10889 [1, 1, 0, 0, 380222] 3298 
moved_n 0
394 [688913, 1, 1, 2, 0, 0, 1373793, 1, 1365036] 10889 [1, 1, 0, 0, 380222] 3298 
moved_n 0
395 [688913, 1, 1, 2, 0, 0, 1373793, 1, 1365036] 10889 [1, 1, 0, 0, 380222] 3298 
moved_n 0
396 [688913, 0, 1, 2, 0, 0, 1373794, 1, 1365037] 10889 [0, 1, 0, 0, 380223] 3298 
moved_n 0
397 [688913, 0, 0, 2, 0, 0, 1373795, 1, 1365037] 10889 [0, 1, 0, 0, 380223] 3298 
moved_n 0
398 [688913, 0, 1, 2, 0, 0, 1373795, 0, 1365037] 10889 [0, 1, 0, 0, 380223] 3298 
moved_n 0
399 [688913, 0, 1, 2, 0, 0, 1373795, 0, 1365037] 10889 [0, 1, 0, 0, 380223] 3298 
moved_n 0
400 [688913, 0, 1, 2, 0, 0, 1373795, 0, 1365037] 10889 [0, 1, 0, 0, 380223] 3298 
moved_n 0
401 [688913, 0, 1, 2, 0, 0, 1373795, 0, 1365037] 10889 [0, 1, 0, 0, 380223] 3298 
moved_n 0
402 [688913, 0, 1, 2, 0, 0, 1373795, 0, 1365037] 10889 [0, 1, 0, 0, 380223] 3298 
moved_n 0
403 [688913, 0, 1, 2, 0, 0, 1373795, 0, 1365037] 10889 [0, 1, 0, 0, 380223] 3298 
moved_n 0
404 [688913, 0, 1, 2, 0, 0, 1373795, 0, 1365037] 10889 [0, 1, 0, 0, 380223] 3298 
moved_n 0
405 [688913, 0, 0, 2, 0, 0, 1373796, 0, 1365037] 10889 [0, 1, 0, 0, 380224] 3298 
moved_n 0
406 [688913, 0, 0, 2, 0, 0, 1373796, 0, 1365037] 10889 [0, 1, 0, 0, 380224] 3298 
moved_n 0
407 [688913, 0, 0, 2, 0, 0, 1373796, 0, 1365037] 10889 [0, 1, 0, 0, 380224] 3298 
moved_n 0
408 [688913, 0, 0, 2, 0, 0, 1373796, 0, 1365037] 10889 [0, 1, 0, 0, 380224] 3298 
moved_n 0
409 [688913, 0, 0, 2, 0, 0, 1373796, 0, 1365037] 10889 [0, 1, 0, 0, 380224] 3298 
moved_n 0
410 [688913, 0, 0, 2, 0, 0, 1373796, 0, 1365037] 10889 [0, 1, 0, 0, 380224] 3298 
moved_n 0
411 [688913, 0, 0, 2, 0, 0, 1373796, 0, 1365037] 10889 [0, 1, 0, 0, 380224] 3298 
moved_n 0
412 [688913, 0, 0, 0, 0, 2, 1373796, 0, 1365037] 10889 [0, 0, 0, 1, 380224] 3298 
moved_n 0
413 [688913, 0, 0, 0, 0, 0, 1373798, 0, 1365037] 10889 [0, 0, 0, 0, 380225] 3298 
moved_n 0
[688913, 0, 0, 0, 0, 0, 1373798, 0, 1365037] 0.662518325617284 10889
859892 969884
