1 1 0
2 1 0
3 1 0
4 1 0
5 1 0
6 1 0
7 1 0
8 1 0
9 1 0
10 1 0
11 1 0
12 1 0
13 1 0
14 1 1
15 1 1
16 1 1
17 1 1
18 1 1
19 1 1
20 2 1
21 2 1
22 2 1
23 2 1
24 2 1
25 2 1
26 2 1
27 3 1
28 3 1
29 3 2
30 3 2
31 4 2
32 5 2
33 5 2
34 5 3
35 5 3
36 6 3
37 8 3
38 9 3
39 10 3
40 11 3
41 12 3
42 14 4
43 15 4
44 15 5
45 17 6
46 19 7
47 23 7
48 25 7
49 27 8
50 29 9
51 32 9
52 33 11
53 37 13
54 42 14
55 48 15
56 49 17
57 53 19
58 61 20
59 73 22
60 73 26
61 87 28
62 96 31
63 102 32
64 105 36
65 116 40
66 128 41
67 145 47
68 158 53
69 170 59
70 184 64
71 190 69
72 215 77
73 220 89
74 246 97
75 272 107
76 285 123
77 322 129
78 344 140
79 374 148
80 407 164
81 435 185
82 463 200
83 490 220
84 519 235
85 554 257
86 586 272
87 609 298
88 653 328
89 685 359
90 720 392
91 769 433
92 830 471
93 892 504
94 932 553
95 992 591
96 1036 640
97 1109 687
98 1179 736
99 1258 787
100 1372 835
101 1465 881
102 1593 944
103 1719 1004
104 1852 1073
105 1990 1165
106 2147 1247
107 2266 1347
108 2447 1436
109 2637 1532
110 2860 1636
111 3124 1733
112 3342 1862
113 3613 1985
114 3917 2129
115 4233 2275
116 4616 2435
117 4926 2628
118 5303 2816
119 5677 3050
120 6066 3288
121 6551 3502
122 7060 3753
123 7587 4041
124 8166 4325
125 8717 4681
126 9318 5037
127 10023 5401
128 10773 5821
129 11530 6270
130 12337 6782
131 13237 7298
132 14204 7852
133 15300 8394
134 16401 9043
135 17687 9679
136 18924 10464
137 20302 11220
138 21753 12079
139 23302 12928
140 24970 13857
141 26709 14902
142 28607 16003
143 30651 17191
144 32831 18459
145 35100 19820
146 37578 21264
147 40130 22878
148 43045 24583
149 45977 26393
150 49020 28380
151 52464 30428
152 56048 32652
153 59841 35038
154 63983 37508
155 68370 40197
156 73026 43126
157 77857 46270
158 83028 49510
159 88495 53124
160 94150 56838
161 100283 60912
162 106633 65312
163 113338 69982
164 120197 74920
165 127510 80090
166 134984 85787
167 143058 91772
168 151382 98169
169 159823 104992
170 168629 112448
171 177811 120199
172 187185 128324
173 196693 137123
174 206517 146271
175 216391 156185
176 226493 166531
177 236734 177614
178 247151 189214
179 257547 201298
180 267708 214217
181 278119 227720
182 288015 242151
183 297867 257301
184 307862 272844
185 316952 289624
186 325769 306963
187 334366 324730
188 342487 343222
189 349909 362710
190 356381 382825
191 362467 403634
192 367620 425217
193 371773 447530
194 375270 470396
195 377803 493915
196 379341 518127
197 379613 542809
198 379263 567850
199 377573 593873
200 375531 619621
201 372315 645791
202 368040 672429
203 362657 699202
204 356846 725950
205 350336 752669
206 342811 779451
207 334756 806054
208 326214 832463
209 316977 858740
210 307196 884667
211 297318 910015
212 287063 934842
213 276937 959311
214 266167 983257
215 255091 1006832
216 244525 1029408
217 234107 1051095
218 223241 1072483
219 212845 1092825
220 202369 1112637
221 192202 1131613
222 182542 1149658
223 172872 1167191
224 163467 1183814
225 154383 1199625
226 145671 1214653
227 137250 1229166
228 129196 1242878
229 121654 1255664
230 114349 1267915
231 107234 1279626
232 100510 1290474
233 94202 1300789
234 88309 1310354
235 82659 1319438
236 77256 1328044
237 72114 1336148
238 67376 1343676
239 62957 1350649
240 58680 1357247
241 54812 1363389
242 51021 1369247
243 47522 1374687
244 44202 1379828
245 41193 1384516
246 38325 1388955
247 35782 1392961
248 33302 1396806
249 30949 1400391
250 28894 1403647
251 26863 1406743
252 24916 1409690
253 23225 1412334
254 21670 1414755
255 20172 1417067
256 18720 1419232
257 17386 1421248
258 16191 1423090
259 15017 1424865
260 13899 1426523
261 12931 1428024
262 11997 1429396
263 11124 1430711
264 10292 1431948
265 9526 1433078
266 8856 1434082
267 8178 1435075
268 7578 1435988
269 7022 1436835
270 6526 1437583
271 6050 1438297
272 5628 1438949
273 5214 1439565
274 4796 1440148
275 4412 1440691
276 4089 1441173
277 3807 1441612
278 3526 1442035
279 3243 1442430
280 3010 1442770
281 2775 1443104
282 2588 1443407
283 2376 1443711
284 2194 1443974
285 2000 1444236
286 1840 1444465
287 1699 1444671
288 1577 1444865
289 1471 1445015
290 1348 1445171
291 1231 1445336
292 1129 1445483
293 1037 1445621
294 978 1445722
295 908 1445831
296 836 1445939
297 763 1446041
298 707 1446127
299 655 1446210
300 626 1446264
301 576 1446337
302 535 1446404
303 495 1446463
304 473 1446502
305 452 1446541
306 416 1446593
307 392 1446636
308 363 1446680
309 341 1446715
310 310 1446756
311 286 1446788
312 263 1446820
313 246 1446850
314 228 1446875
315 204 1446903
316 189 1446925
317 170 1446948
318 152 1446971
319 144 1446986
320 132 1447001
321 122 1447019
322 117 1447032
323 111 1447046
324 98 1447061
325 89 1447071
326 82 1447080
327 74 1447091
328 66 1447099
329 62 1447104
330 59 1447110
331 55 1447115
332 53 1447118
333 47 1447128
334 47 1447131
335 44 1447137
336 35 1447146
337 29 1447152
338 23 1447158
339 22 1447159
340 21 1447162
341 21 1447163
342 21 1447165
343 20 1447166
344 18 1447168
345 16 1447170
346 16 1447171
347 13 1447174
348 11 1447176
349 10 1447179
350 8 1447181
351 8 1447181
352 8 1447181
353 8 1447181
354 7 1447183
355 6 1447184
356 5 1447185
357 5 1447186
358 5 1447186
359 5 1447186
360 4 1447187
361 4 1447187
362 4 1447187
363 4 1447187
364 2 1447189
365 2 1447189
366 2 1447189
367 3 1447189
368 2 1447190
369 2 1447190
370 2 1447190
371 2 1447190
372 1 1447191
373 1 1447191
374 1 1447191
375 1 1447191
376 1 1447191
377 1 1447191
378 1 1447191
379 1 1447191
380 1 1447191
381 1 1447191
382 0 1447192

