1.0 1.8 207360 8 2073 960 192 0.9 0.5 1 12 7 0.03214285714285715 0.004166666666666667 10 0.005 10
1 [2073599, 0, 1, 0, 0, 0, 0, 0] 0
2 [2073599, 0, 1, 0, 0, 0, 0, 0] 0
3 [2073598, 0, 1, 0, 0, 0, 0, 1] 0
4 [2073597, 1, 1, 0, 0, 0, 0, 1] 0
5 [2073597, 2, 1, 0, 0, 0, 0, 0] 0
6 [2073597, 2, 1, 0, 0, 0, 0, 0] 0
7 [2073595, 2, 1, 0, 0, 0, 0, 2] 0
8 [2073595, 2, 3, 0, 0, 0, 0, 0] 0
9 [2073594, 2, 2, 0, 0, 0, 1, 1] 0
10 [2073589, 3, 2, 0, 0, 0, 1, 5] 0
11 [2073587, 4, 6, 0, 0, 0, 1, 2] 0
12 [2073583, 5, 7, 0, 0, 0, 1, 4] 0
13 [2073580, 7, 9, 0, 0, 0, 1, 3] 0
14 [2073576, 8, 11, 0, 0, 0, 1, 4] 0
15 [2073570, 8, 15, 0, 0, 0, 1, 6] 0
16 [2073563, 11, 16, 0, 0, 0, 3, 7] 0
17 [2073550, 13, 20, 0, 0, 0, 4, 13] 0
18 [2073546, 19, 26, 0, 0, 0, 5, 4] 0
19 [2073533, 22, 23, 0, 0, 0, 9, 13] 0
20 [2073522, 28, 29, 0, 0, 0, 10, 11] 0
21 [2073511, 33, 32, 1, 0, 0, 12, 11] 0
22 [2073494, 38, 36, 1, 0, 0, 14, 17] 0
23 [2073483, 43, 43, 1, 0, 0, 19, 11] 0
24 [2073462, 45, 48, 1, 0, 0, 23, 21] 0
25 [2073449, 49, 60, 1, 0, 0, 28, 13] 0
26 [2073422, 55, 59, 1, 0, 0, 36, 27] 0
27 [2073400, 70, 69, 1, 0, 0, 38, 22] 0
28 [2073377, 77, 77, 1, 0, 0, 45, 23] 0
29 [2073331, 86, 83, 1, 0, 0, 53, 46] 0
30 [2073291, 111, 96, 1, 0, 0, 61, 40] 0
31 [2073242, 123, 105, 2, 0, 0, 79, 49] 0
32 [2073183, 146, 120, 2, 0, 0, 90, 59] 0
33 [2073105, 167, 135, 2, 0, 1, 112, 78] 0
34 [2073042, 206, 163, 2, 0, 1, 123, 63] 0
35 [2072954, 226, 190, 2, 0, 1, 139, 88] 0
36 [2072855, 261, 222, 2, 0, 1, 160, 99] 0
37 [2072741, 307, 261, 2, 0, 1, 174, 114] 0
38 [2072598, 343, 313, 4, 0, 1, 198, 143] 0
39 [2072440, 412, 359, 4, 0, 1, 226, 158] 0
40 [2072267, 469, 418, 8, 0, 1, 264, 173] 0
41 [2072049, 539, 482, 9, 0, 1, 302, 218] 0
42 [2071803, 637, 554, 11, 0, 2, 347, 246] 0
43 [2071524, 738, 632, 14, 0, 2, 411, 279] 0
44 [2071214, 869, 710, 16, 0, 2, 479, 310] 0
45 [2070809, 984, 822, 24, 0, 2, 554, 405] 0
46 [2070378, 1164, 946, 28, 0, 2, 651, 431] 0
47 [2069875, 1321, 1111, 31, 0, 2, 757, 503] 0
48 [2069302, 1550, 1273, 37, 0, 2, 863, 573] 0
49 [2068700, 1789, 1469, 39, 0, 4, 997, 602] 0
50 [2067949, 2046, 1661, 42, 0, 4, 1147, 751] 0
51 [2067080, 2361, 1936, 41, 0, 8, 1305, 869] 0
52 [2066078, 2720, 2239, 47, 0, 9, 1505, 1002] 0
53 [2064894, 3134, 2587, 53, 0, 11, 1737, 1184] 0
54 [2063549, 3637, 2991, 58, 0, 14, 2006, 1345] 0
55 [2062045, 4177, 3440, 70, 1, 16, 2347, 1504] 1
56 [2060232, 4786, 3951, 80, 0, 24, 2713, 1813] 1
57 [2058218, 5469, 4622, 95, 1, 28, 3152, 2014] 2
58 [2055970, 6335, 5315, 113, 0, 30, 3587, 2248] 2
59 [2053362, 7235, 6046, 130, 0, 36, 4181, 2608] 2
60 [2050486, 8339, 6908, 148, 0, 38, 4803, 2876] 2
61 [2047122, 9496, 7846, 171, 1, 41, 5557, 3364] 3
62 [2043233, 10823, 8955, 221, 0, 40, 6436, 3889] 3
63 [2038781, 12465, 10196, 246, 2, 44, 7411, 4452] 5
64 [2033848, 14329, 11644, 273, 1, 50, 8517, 4933] 6
65 [2028194, 16362, 13103, 323, 1, 55, 9902, 5654] 7
66 [2021893, 18640, 14936, 395, 0, 68, 11360, 6301] 7
67 [2014679, 21112, 16989, 463, 2, 78, 13056, 7214] 9
68 [2006560, 24031, 19280, 516, 3, 93, 14989, 8119] 12
69 [1997275, 27283, 21911, 574, 0, 110, 17150, 9285] 12
70 [1986994, 31022, 24827, 657, 2, 127, 19678, 10281] 14
71 [1975443, 35080, 28025, 767, 0, 145, 22575, 11551] 14
72 [1962651, 39634, 31623, 860, 0, 167, 25859, 12792] 14
73 [1948620, 44647, 35567, 957, 4, 216, 29544, 14031] 18
74 [1933025, 50156, 39686, 1132, 2, 242, 33744, 15595] 20
75 [1916011, 56203, 44303, 1268, 0, 270, 38511, 17014] 20
76 [1897118, 62589, 49260, 1443, 0, 318, 43959, 18893] 20
77 [1876216, 69644, 54631, 1604, 4, 389, 50190, 20902] 24
78 [1854201, 77472, 60405, 1793, 5, 457, 57228, 22015] 29
79 [1830008, 85403, 66336, 2059, 8, 512, 65052, 24193] 37
80 [1804070, 94174, 72676, 2307, 6, 567, 73825, 25938] 43
81 [1776363, 103363, 79210, 2572, 7, 650, 83685, 27707] 50
82 [1746652, 112943, 86190, 2806, 12, 742, 94494, 29711] 62
83 [1715370, 122866, 93308, 3131, 25, 809, 106747, 31282] 87
84 [1682383, 133237, 100335, 3465, 33, 861, 120212, 32987] 120
85 [1648067, 143743, 107320, 3845, 31, 958, 135200, 34316] 151
86 [1612356, 154232, 114065, 4281, 36, 1014, 151754, 35711] 187
87 [1575630, 164671, 120916, 4777, 44, 1048, 169601, 36726] 231
88 [1537669, 174948, 127097, 5281, 67, 1052, 189294, 37961] 298
89 [1498852, 185418, 132966, 5808, 60, 1044, 210337, 38817] 358
90 [1459459, 194962, 138548, 6446, 62, 1049, 233323, 39393] 420
91 [1419091, 203713, 143485, 7102, 68, 1055, 258298, 40368] 488
92 [1378376, 212588, 148204, 7759, 78, 1018, 284374, 40715] 566
93 [1337470, 220547, 152215, 8448, 91, 963, 312394, 40906] 657
94 [1296684, 227785, 155474, 9142, 122, 927, 342023, 40786] 779
95 [1255670, 234204, 158001, 9835, 129, 872, 373096, 41014] 908
96 [1214940, 239744, 160148, 10583, 116, 799, 405632, 40730] 1024
97 [1174360, 244230, 161755, 11328, 141, 749, 439433, 40580] 1165
98 [1134240, 247780, 162575, 12096, 135, 695, 474794, 40120] 1300
99 [1094814, 250437, 162852, 12856, 145, 650, 511120, 39426] 1445
100 [1055780, 252158, 162329, 13647, 161, 606, 548440, 39034] 1606
101 [1017267, 253157, 161386, 14483, 152, 548, 586488, 38513] 1758
102 [979184, 253341, 160112, 15239, 168, 500, 625215, 38083] 1926
103 [941207, 253270, 158602, 15967, 170, 463, 664018, 37977] 2096
104 [904054, 252771, 156963, 16744, 195, 428, 703196, 37153] 2291
105 [867140, 251180, 155239, 17495, 204, 394, 742743, 36914] 2495
106 [831081, 249460, 153279, 18201, 201, 373, 782451, 36059] 2696
107 [796053, 247138, 151126, 18911, 189, 341, 822118, 35028] 2885
108 [761385, 244200, 148996, 19631, 225, 327, 861283, 34668] 3110
109 [726899, 241067, 146889, 20312, 200, 317, 900320, 34486] 3310
110 [693275, 238314, 144781, 20936, 247, 284, 938829, 33624] 3557
111 [661025, 235080, 142469, 21638, 228, 270, 977083, 32250] 3785
112 [629230, 231246, 139854, 22237, 255, 264, 1014934, 31795] 4040
113 [598468, 227500, 137132, 22835, 264, 248, 1052351, 30762] 4304
114 [568626, 223347, 134272, 23411, 270, 233, 1089295, 29842] 4574
115 [540284, 218890, 131251, 24001, 264, 224, 1125770, 28342] 4838
116 [513170, 213997, 127724, 24568, 278, 220, 1161691, 27114] 5116
117 [487171, 208454, 123922, 25133, 288, 207, 1197310, 25999] 5404
118 [462746, 203101, 119879, 25596, 324, 203, 1231922, 24425] 5728
119 [439865, 197027, 115404, 26036, 310, 178, 1266171, 22881] 6038
120 [418609, 190632, 110502, 26446, 316, 170, 1299631, 21256] 6354
121 [399194, 183984, 105188, 26828, 330, 172, 1332135, 19415] 6684
122 [381123, 176517, 99449, 27186, 317, 166, 1364087, 18071] 7001
123 [364533, 168196, 93585, 27574, 302, 165, 1395654, 16590] 7303
124 [349546, 159667, 87769, 27902, 312, 160, 1425954, 14987] 7615
125 [336169, 151214, 81801, 28139, 326, 152, 1454807, 13377] 7941
126 [324040, 142219, 75536, 28352, 338, 146, 1482899, 12129] 8279
127 [313363, 133291, 69392, 28549, 351, 143, 1509555, 10677] 8630
128 [303858, 123871, 63488, 28740, 311, 139, 1535058, 9505] 8941
129 [295558, 114639, 57603, 28891, 309, 132, 1559227, 8300] 9250
130 [288077, 105488, 52031, 28938, 350, 138, 1581847, 7481] 9600
131 [281743, 96373, 46703, 28998, 353, 133, 1603363, 6334] 9953
132 [276188, 87519, 41569, 28993, 362, 124, 1623337, 5555] 10315
133 [271412, 79054, 36684, 28923, 354, 120, 1641962, 4776] 10669
134 [267165, 71012, 32378, 28871, 343, 113, 1658802, 4247] 11012
135 [263502, 63699, 28551, 28729, 387, 117, 1673940, 3663] 11399
136 [260321, 56718, 24987, 28646, 330, 116, 1687902, 3181] 11729
137 [257621, 50244, 21835, 28496, 352, 114, 1700509, 2700] 12081
138 [255302, 44430, 18981, 28324, 339, 109, 1711715, 2319] 12420
139 [253302, 39072, 16395, 28097, 367, 110, 1721837, 2000] 12787
140 [251578, 34121, 14195, 27869, 364, 110, 1730852, 1724] 13151
141 [250055, 29846, 12330, 27628, 352, 111, 1738604, 1523] 13503
142 [248829, 25987, 10669, 27350, 363, 111, 1745562, 1226] 13866
143 [247703, 22609, 9124, 27055, 377, 117, 1751623, 1126] 14243
144 [246792, 19597, 7820, 26725, 396, 121, 1756995, 911] 14639
145 [245998, 16947, 6686, 26423, 366, 126, 1761621, 794] 15005
146 [245317, 14639, 5737, 26126, 342, 118, 1765635, 681] 15347
147 [244707, 12683, 4894, 25785, 378, 125, 1769071, 610] 15725
148 [244229, 10972, 4236, 25437, 381, 126, 1772016, 478] 16106
149 [243821, 9441, 3597, 25062, 403, 129, 1774633, 408] 16509
150 [243416, 8093, 3044, 24686, 394, 129, 1776924, 405] 16903
151 [243091, 6995, 2620, 24334, 360, 130, 1778842, 325] 17263
152 [242804, 6030, 2244, 23980, 370, 131, 1780491, 287] 17633
153 [242560, 5165, 1934, 23619, 371, 131, 1781943, 244] 18004
154 [242369, 4457, 1672, 23273, 350, 132, 1783152, 191] 18354
155 [242223, 3799, 1438, 22928, 344, 134, 1784234, 146] 18698
156 [242084, 3275, 1222, 22531, 393, 136, 1785122, 139] 19091
157 [241956, 2773, 1051, 22174, 353, 146, 1785928, 128] 19444
158 [241845, 2395, 913, 21816, 354, 145, 1786577, 111] 19798
159 [241754, 2054, 777, 21436, 372, 156, 1787162, 91] 20170
160 [241674, 1761, 656, 21073, 358, 158, 1787670, 80] 20528
161 [241612, 1504, 555, 20689, 370, 166, 1788114, 62] 20898
162 [241568, 1303, 458, 20314, 358, 175, 1788482, 44] 21256
163 [241520, 1121, 381, 19917, 373, 188, 1788796, 48] 21629
164 [241496, 934, 325, 19518, 379, 203, 1789092, 24] 22008
165 [241463, 794, 268, 19173, 331, 207, 1789323, 33] 22339
166 [241433, 660, 234, 18788, 371, 209, 1789536, 30] 22710
167 [241409, 561, 195, 18413, 350, 223, 1789715, 24] 23060
168 [241388, 479, 163, 18044, 342, 236, 1789867, 21] 23402
169 [241372, 428, 140, 17647, 367, 253, 1789975, 16] 23769
170 [241358, 364, 115, 17245, 373, 266, 1790096, 14] 24142
171 [241348, 306, 101, 16868, 346, 282, 1790197, 10] 24488
172 [241340, 257, 82, 16525, 297, 308, 1790295, 8] 24785
173 [241329, 214, 77, 16157, 319, 335, 1790373, 11] 25104
174 [241316, 179, 59, 15783, 322, 362, 1790462, 13] 25426
175 [241308, 157, 46, 15416, 322, 380, 1790537, 8] 25748
176 [241304, 136, 39, 15034, 336, 409, 1790590, 4] 26084
177 [241298, 116, 31, 14666, 311, 448, 1790640, 6] 26395
178 [241296, 105, 26, 14255, 348, 484, 1790689, 2] 26743
179 [241292, 94, 22, 13856, 331, 522, 1790736, 4] 27074
180 [241289, 83, 19, 13469, 300, 578, 1790785, 3] 27374
181 [241288, 72, 17, 13090, 322, 603, 1790833, 1] 27696
182 [241286, 64, 15, 12722, 288, 652, 1790875, 2] 27984
183 [241283, 54, 14, 12354, 286, 688, 1790934, 3] 28270
184 [241281, 46, 10, 11998, 274, 721, 1790998, 2] 28544
185 [241279, 42, 9, 11628, 285, 754, 1791057, 2] 28829
186 [241277, 38, 10, 11252, 268, 816, 1791108, 2] 29097
187 [241277, 29, 12, 10844, 280, 898, 1791163, 0] 29377
188 [241277, 19, 10, 10441, 280, 964, 1791232, 0] 29657
189 [241277, 16, 8, 10067, 256, 1018, 1791301, 0] 29913
190 [241277, 14, 8, 9681, 248, 1088, 1791371, 0] 30161
191 [241277, 9, 6, 9289, 240, 1153, 1791465, 0] 30401
192 [241276, 7, 5, 8878, 252, 1255, 1791525, 1] 30653
193 [241276, 6, 4, 8482, 226, 1345, 1791608, 0] 30879
194 [241276, 5, 2, 8032, 236, 1477, 1791693, 0] 31115
195 [241276, 4, 0, 7605, 214, 1608, 1791778, 0] 31329
196 [241276, 4, 0, 7142, 209, 1777, 1791863, 0] 31538
197 [241276, 2, 0, 6707, 162, 1942, 1791973, 0] 31700
198 [241276, 1, 0, 6273, 176, 2072, 1792102, 0] 31876
199 [241276, 1, 0, 5798, 162, 2262, 1792225, 0] 32038
200 [241276, 1, 0, 5318, 136, 2488, 1792343, 0] 32174
201 [241276, 1, 0, 4833, 120, 2715, 1792481, 0] 32294
202 [241276, 1, 0, 4323, 117, 2956, 1792633, 0] 32411
203 [241276, 1, 0, 3784, 110, 3226, 1792792, 0] 32521
204 [241276, 1, 0, 3262, 67, 3511, 1792962, 0] 32588
205 [241275, 1, 0, 2730, 72, 3757, 1793176, 1] 32660
206 [241275, 1, 0, 2192, 35, 4047, 1793390, 0] 32695
207 [241275, 1, 0, 1593, 31, 4361, 1793644, 0] 32726
208 [241275, 1, 0, 1009, 13, 4659, 1793917, 0] 32739
209 [241275, 1, 0, 586, 1, 4823, 1794175, 0] 32740
210 [241275, 1, 0, 289, 2, 4805, 1794488, 0] 32742
211 [241275, 1, 0, 129, 1, 4620, 1794832, 0] 32743
212 [241275, 1, 0, 47, 1, 4336, 1795197, 0] 32744
213 [241275, 1, 0, 14, 0, 3976, 1795590, 0] 32744
214 [241275, 1, 0, 3, 0, 3558, 1796019, 0] 32744
215 [241275, 1, 0, 0, 0, 3106, 1796474, 0] 32744
216 [241275, 1, 0, 0, 0, 2646, 1796934, 0] 32744
217 [241275, 1, 0, 0, 0, 2143, 1797437, 0] 32744
218 [241275, 1, 0, 0, 0, 1575, 1798005, 0] 32744
219 [241275, 0, 0, 0, 0, 1004, 1798577, 0] 32744
220 [241275, 0, 0, 0, 0, 582, 1798999, 0] 32744
221 [241275, 0, 0, 0, 0, 287, 1799294, 0] 32744
222 [241275, 0, 0, 0, 0, 128, 1799453, 0] 32744
223 [241275, 0, 0, 0, 0, 47, 1799534, 0] 32744
224 [241275, 0, 0, 0, 0, 14, 1799567, 0] 32744
225 [241275, 0, 0, 0, 0, 3, 1799578, 0] 32744
226 [241275, 0, 0, 0, 0, 0, 1799581, 0] 32744
[241275, 0, 0, 0, 0, 0, 1799581, 0] 0.8678534915123457 32744
