1 [2073599, 1, 0, 0, 0, 0, 0, 0] 0
2 [2073599, 1, 0, 0, 0, 0, 0, 0] 0
3 [2073599, 1, 0, 0, 0, 0, 0, 0] 0
4 [2073599, 1, 0, 0, 0, 0, 0, 0] 0
5 [2073599, 1, 0, 0, 0, 0, 0, 0] 0
6 [2073599, 1, 0, 0, 0, 0, 0, 0] 0
7 [2073599, 1, 0, 0, 0, 0, 0, 0] 0
8 [2073599, 1, 0, 0, 0, 0, 0, 0] 0
9 [2073598, 1, 0, 0, 0, 0, 0, 1] 0
10 [2073598, 2, 0, 0, 0, 0, 0, 0] 0
11 [2073598, 2, 0, 0, 0, 0, 0, 0] 0
12 [2073598, 2, 0, 0, 0, 0, 0, 0] 0
13 [2073598, 2, 0, 0, 0, 0, 0, 0] 0
14 [2073598, 2, 0, 0, 0, 0, 0, 0] 0
15 [2073597, 2, 0, 0, 0, 0, 0, 1] 0
16 [2073596, 2, 0, 0, 0, 0, 1, 1] 0
17 [2073596, 2, 1, 0, 0, 0, 1, 0] 0
18 [2073593, 2, 1, 0, 0, 0, 1, 3] 0
19 [2073593, 3, 3, 0, 0, 0, 1, 0] 0
20 [2073593, 3, 3, 0, 0, 0, 1, 0] 0
21 [2073593, 3, 3, 0, 0, 0, 1, 0] 0
22 [2073591, 3, 3, 0, 0, 0, 1, 2] 0
23 [2073591, 3, 5, 0, 0, 0, 1, 0] 0
24 [2073590, 3, 5, 0, 0, 0, 1, 1] 0
25 [2073590, 3, 5, 0, 0, 0, 2, 0] 0
26 [2073589, 3, 5, 0, 0, 0, 2, 1] 0
27 [2073589, 4, 5, 0, 0, 0, 2, 0] 0
28 [2073586, 4, 4, 0, 0, 0, 3, 3] 0
29 [2073584, 6, 5, 0, 0, 0, 3, 2] 0
30 [2073584, 6, 5, 0, 0, 0, 5, 0] 0
31 [2073584, 5, 5, 0, 0, 0, 6, 0] 0
32 [2073584, 5, 5, 0, 0, 0, 6, 0] 0
33 [2073584, 5, 5, 0, 0, 0, 6, 0] 0
34 [2073580, 4, 3, 0, 0, 0, 9, 4] 0
35 [2073579, 5, 6, 0, 0, 0, 9, 1] 0
36 [2073576, 6, 6, 0, 0, 0, 9, 3] 0
37 [2073573, 9, 6, 0, 0, 0, 9, 3] 0
38 [2073571, 11, 7, 0, 0, 0, 9, 2] 0
39 [2073571, 13, 7, 0, 0, 0, 9, 0] 0
40 [2073569, 12, 6, 0, 0, 0, 11, 2] 0
41 [2073568, 13, 5, 0, 0, 0, 13, 1] 0
42 [2073567, 12, 6, 0, 0, 0, 14, 1] 0
43 [2073565, 11, 7, 1, 0, 0, 14, 2] 0
44 [2073559, 10, 8, 1, 0, 0, 16, 6] 0
45 [2073557, 12, 12, 1, 0, 0, 16, 2] 0
46 [2073551, 13, 10, 1, 0, 0, 19, 6] 0
47 [2073548, 18, 11, 1, 0, 0, 19, 3] 0
48 [2073545, 18, 13, 2, 0, 0, 19, 3] 0
49 [2073544, 20, 13, 2, 0, 0, 20, 1] 0
50 [2073539, 19, 13, 3, 0, 0, 21, 5] 0
51 [2073537, 22, 14, 3, 0, 0, 22, 2] 0
52 [2073528, 20, 14, 3, 0, 0, 26, 9] 0
53 [2073525, 26, 14, 2, 1, 0, 29, 3] 1
54 [2073519, 27, 14, 2, 0, 0, 31, 6] 1
55 [2073515, 29, 15, 3, 0, 1, 32, 4] 1
56 [2073509, 31, 12, 3, 0, 1, 37, 6] 1
57 [2073505, 34, 14, 3, 0, 1, 38, 4] 1
58 [2073499, 35, 16, 3, 0, 1, 39, 6] 1
59 [2073494, 39, 15, 3, 0, 1, 42, 5] 1
60 [2073489, 41, 15, 3, 0, 1, 45, 5] 1
61 [2073486, 42, 18, 2, 0, 2, 46, 3] 1
62 [2073476, 39, 19, 2, 0, 2, 51, 10] 1
63 [2073463, 42, 25, 2, 0, 2, 52, 13] 1
64 [2073456, 45, 32, 2, 0, 2, 55, 7] 1
65 [2073445, 47, 35, 2, 0, 2, 57, 11] 1
66 [2073433, 49, 38, 0, 0, 3, 64, 12] 1
67 [2073421, 56, 41, 0, 0, 3, 66, 12] 1
68 [2073406, 56, 43, 1, 0, 3, 75, 15] 1
69 [2073398, 63, 46, 1, 0, 3, 80, 8] 1
70 [2073384, 62, 50, 1, 0, 3, 85, 14] 1
71 [2073373, 65, 57, 1, 0, 3, 89, 11] 1
72 [2073354, 67, 60, 1, 0, 2, 96, 19] 1
73 [2073336, 74, 68, 2, 0, 2, 99, 18] 1
74 [2073319, 78, 70, 2, 0, 2, 111, 17] 1
75 [2073302, 82, 71, 3, 0, 2, 122, 17] 1
76 [2073278, 91, 74, 3, 0, 2, 127, 24] 1
77 [2073262, 103, 79, 4, 0, 0, 135, 16] 1
78 [2073233, 107, 83, 5, 0, 0, 142, 29] 1
79 [2073207, 117, 91, 6, 0, 0, 152, 26] 1
80 [2073175, 125, 98, 7, 0, 1, 161, 32] 1
81 [2073147, 135, 108, 8, 0, 1, 172, 28] 1
82 [2073108, 140, 115, 9, 0, 1, 187, 39] 1
83 [2073070, 158, 123, 9, 0, 1, 200, 38] 1
84 [2073045, 168, 131, 10, 0, 2, 218, 25] 1
85 [2073007, 176, 137, 10, 0, 2, 229, 38] 1
86 [2072964, 190, 146, 9, 0, 3, 244, 43] 1
87 [2072917, 207, 160, 10, 0, 3, 255, 47] 1
88 [2072881, 227, 166, 12, 0, 4, 273, 36] 1
89 [2072836, 237, 174, 13, 0, 5, 289, 45] 1
90 [2072786, 250, 185, 13, 0, 6, 309, 50] 1
91 [2072730, 259, 200, 14, 0, 7, 333, 56] 1
92 [2072670, 276, 211, 13, 0, 8, 361, 60] 1
93 [2072624, 296, 225, 15, 0, 9, 384, 46] 1
94 [2072561, 303, 231, 19, 0, 9, 413, 63] 1
95 [2072490, 315, 249, 20, 0, 10, 444, 71] 1
96 [2072408, 336, 273, 20, 0, 10, 470, 82] 1
97 [2072324, 359, 300, 21, 0, 9, 502, 84] 1
98 [2072232, 385, 314, 21, 0, 10, 545, 92] 1
99 [2072154, 412, 342, 22, 0, 12, 579, 78] 1
100 [2072051, 444, 361, 23, 0, 13, 604, 103] 1
101 [2071932, 471, 390, 26, 0, 13, 648, 119] 1
102 [2071826, 503, 423, 29, 0, 14, 698, 106] 1
103 [2071706, 526, 447, 33, 0, 13, 754, 120] 1
104 [2071585, 569, 475, 34, 0, 15, 800, 121] 1
105 [2071449, 609, 509, 38, 0, 19, 839, 136] 1
106 [2071292, 663, 536, 36, 0, 20, 895, 157] 1
107 [2071137, 713, 574, 38, 0, 20, 962, 155] 1
108 [2070978, 744, 619, 40, 1, 21, 1037, 159] 2
109 [2070800, 795, 667, 42, 0, 21, 1095, 178] 2
110 [2070603, 864, 705, 42, 0, 22, 1165, 197] 2
111 [2070398, 927, 772, 44, 0, 23, 1229, 205] 2
112 [2070156, 990, 827, 42, 1, 26, 1314, 242] 3
113 [2069916, 1066, 882, 42, 0, 27, 1424, 240] 3
114 [2069660, 1119, 960, 49, 1, 31, 1521, 256] 4
115 [2069369, 1197, 1029, 55, 0, 32, 1623, 291] 4
116 [2069047, 1286, 1121, 60, 1, 36, 1723, 322] 5
117 [2068718, 1391, 1217, 64, 0, 34, 1842, 329] 5
118 [2068367, 1493, 1308, 69, 0, 36, 1971, 351] 5
119 [2068007, 1592, 1395, 76, 2, 39, 2124, 360] 7
120 [2067616, 1713, 1485, 80, 0, 40, 2268, 391] 7
121 [2067145, 1824, 1606, 87, 1, 39, 2420, 471] 8
122 [2066688, 1961, 1754, 91, 1, 41, 2599, 457] 9
123 [2066159, 2121, 1868, 105, 0, 38, 2771, 529] 9
124 [2065625, 2305, 2005, 123, 1, 38, 2960, 534] 10
125 [2065098, 2467, 2149, 123, 2, 45, 3179, 527] 12
126 [2064504, 2615, 2300, 134, 0, 50, 3391, 594] 12
127 [2063853, 2802, 2456, 140, 2, 55, 3629, 651] 14
128 [2063138, 2996, 2620, 152, 3, 59, 3903, 715] 17
129 [2062348, 3221, 2822, 167, 3, 63, 4169, 790] 20
130 [2061565, 3464, 3047, 179, 0, 71, 4471, 783] 20
131 [2060715, 3694, 3274, 195, 1, 74, 4777, 850] 21
132 [2059740, 3965, 3479, 203, 1, 81, 5135, 975] 22
133 [2058738, 4293, 3714, 213, 1, 83, 5534, 1002] 23
134 [2057647, 4593, 4010, 223, 2, 97, 5914, 1091] 25
135 [2056519, 4919, 4320, 232, 3, 114, 6340, 1128] 28
136 [2055294, 5266, 4625, 249, 1, 115, 6797, 1225] 29
137 [2054002, 5665, 4935, 269, 0, 124, 7284, 1292] 29
138 [2052640, 6054, 5292, 278, 1, 132, 7812, 1362] 30
139 [2051148, 6430, 5672, 293, 0, 146, 8389, 1492] 30
140 [2049553, 6926, 6001, 326, 1, 162, 9006, 1595] 31
141 [2047860, 7438, 6403, 357, 1, 174, 9643, 1693] 32
142 [2046114, 7940, 6876, 380, 3, 189, 10320, 1746] 35
143 [2044174, 8427, 7368, 422, 3, 197, 11034, 1940] 38
144 [2042116, 9011, 7852, 466, 2, 206, 11851, 2058] 40
145 [2039961, 9622, 8373, 494, 1, 217, 12737, 2155] 41
146 [2037637, 10325, 8853, 524, 5, 226, 13665, 2324] 46
147 [2035081, 11002, 9452, 563, 3, 243, 14654, 2556] 49
148 [2032454, 11764, 10131, 604, 6, 262, 15703, 2627] 55
149 [2029554, 12581, 10782, 640, 5, 270, 16813, 2900] 60
150 [2026683, 13495, 11500, 700, 3, 282, 18006, 2871] 63
151 [2023505, 14385, 12207, 717, 3, 313, 19229, 3178] 66
152 [2020202, 15288, 13008, 753, 3, 342, 20635, 3303] 69
153 [2016557, 16229, 13811, 810, 6, 366, 22107, 3645] 75
154 [2012792, 17320, 14751, 869, 5, 409, 23614, 3765] 80
155 [2008695, 18419, 15626, 915, 4, 448, 25316, 4097] 84
156 [2004311, 19678, 16597, 975, 5, 475, 27091, 4384] 89
157 [1999789, 20969, 17771, 1043, 11, 505, 28901, 4522] 100
158 [1995016, 22298, 18870, 1114, 8, 542, 30879, 4773] 108
159 [1989868, 23634, 19998, 1185, 7, 587, 33065, 5148] 115
160 [1984457, 25114, 21285, 1259, 7, 623, 35329, 5411] 122
161 [1978635, 26670, 22577, 1319, 5, 682, 37768, 5822] 127
162 [1972625, 28320, 24112, 1440, 11, 696, 40259, 6010] 138
163 [1966487, 29919, 25562, 1530, 12, 726, 43088, 6138] 150
164 [1959742, 31537, 26994, 1637, 12, 780, 46003, 6745] 162
165 [1952772, 33338, 28536, 1716, 12, 836, 49258, 6970] 174
166 [1945405, 35298, 30130, 1849, 17, 877, 52483, 7367] 191
167 [1937485, 37337, 31796, 1949, 15, 930, 55977, 7920] 206
168 [1929195, 39567, 33533, 2068, 10, 996, 59735, 8290] 216
169 [1920495, 41772, 35404, 2203, 13, 1069, 63728, 8700] 229
170 [1911525, 44089, 37338, 2368, 10, 1135, 67936, 8970] 239
171 [1902105, 46327, 39225, 2551, 22, 1200, 72511, 9420] 261
172 [1892353, 48764, 41244, 2705, 32, 1229, 77260, 9752] 293
173 [1882046, 51409, 43070, 2840, 39, 1310, 82286, 10307] 332
174 [1871253, 54089, 45144, 3027, 48, 1349, 87565, 10793] 380
175 [1860030, 56836, 47446, 3168, 54, 1392, 93071, 11223] 434
176 [1848287, 59587, 49715, 3378, 49, 1391, 99016, 11743] 483
177 [1836334, 62542, 52017, 3650, 57, 1408, 105156, 11953] 540
178 [1823752, 65317, 54408, 3877, 61, 1419, 111644, 12582] 601
179 [1810718, 68468, 56730, 4162, 63, 1389, 118435, 13034] 664
180 [1797169, 71471, 59124, 4452, 72, 1364, 125735, 13549] 736
181 [1783176, 74524, 61603, 4753, 102, 1300, 133413, 13993] 838
182 [1768738, 77735, 64026, 5122, 82, 1265, 141356, 14438] 920
183 [1754130, 80849, 66553, 5428, 110, 1232, 149770, 14608] 1030
184 [1738767, 83872, 69091, 5764, 119, 1171, 158423, 15363] 1149
185 [1723057, 86944, 71737, 6127, 114, 1126, 167636, 15710] 1263
186 [1707110, 90175, 74183, 6510, 126, 1063, 177223, 15947] 1389
187 [1690716, 93303, 76530, 6900, 134, 1013, 187221, 16394] 1523
188 [1673888, 96333, 79034, 7281, 158, 973, 197582, 16828] 1681
189 [1657124, 99427, 81326, 7723, 158, 917, 208480, 16764] 1839
190 [1639473, 102097, 83594, 8141, 193, 881, 219731, 17651] 2032
191 [1621815, 105074, 85903, 8633, 184, 822, 231479, 17658] 2216
192 [1603717, 107724, 87975, 9078, 220, 795, 243777, 18098] 2436
193 [1585336, 110772, 90071, 9546, 204, 745, 256109, 18381] 2640
194 [1566943, 113519, 92023, 9977, 218, 706, 269181, 18393] 2858
195 [1548489, 115919, 93988, 10531, 226, 653, 282482, 18454] 3084
196 [1529350, 118277, 95431, 11029, 263, 610, 296417, 19139] 3347
197 [1510439, 120542, 97252, 11525, 242, 568, 310774, 18911] 3589
198 [1491270, 122629, 98760, 12063, 253, 542, 325325, 19169] 3842
199 [1471771, 124834, 100066, 12607, 243, 504, 340234, 19499] 4085
200 [1452375, 126805, 101518, 13185, 216, 481, 355539, 19396] 4301
201 [1432706, 128524, 102696, 13763, 249, 448, 371244, 19669] 4550
202 [1412707, 130336, 103677, 14297, 294, 409, 387331, 19999] 4844
203 [1392893, 132080, 104795, 14846, 325, 373, 403630, 19814] 5169
204 [1373253, 133418, 105749, 15376, 321, 357, 420317, 19640] 5490
205 [1353589, 134984, 106298, 15950, 318, 331, 436976, 19664] 5808
206 [1333767, 135888, 106916, 16486, 314, 319, 454280, 19822] 6122
207 [1313793, 136885, 107622, 17073, 337, 302, 471492, 19974] 6459
208 [1294173, 137916, 107812, 17588, 361, 279, 489392, 19620] 6820
209 [1274701, 138408, 108205, 18151, 341, 255, 507247, 19472] 7161
210 [1255102, 138927, 108400, 18755, 355, 233, 525068, 19599] 7516
211 [1235672, 139442, 108397, 19237, 401, 218, 543287, 19430] 7917
212 [1216291, 139743, 108329, 19741, 406, 208, 561584, 19381] 8323
213 [1196950, 139993, 108130, 20245, 419, 208, 579991, 19341] 8742
214 [1177868, 139996, 107900, 20780, 388, 202, 598642, 19082] 9130
215 [1159090, 139866, 107411, 21335, 389, 183, 617418, 18778] 9519
216 [1140654, 139741, 106843, 21908, 395, 171, 635933, 18436] 9914
217 [1122357, 139129, 106129, 22431, 429, 157, 654757, 18297] 10343
218 [1104120, 138417, 105291, 22883, 455, 151, 673703, 18237] 10798
219 [1086215, 137813, 104431, 23366, 435, 146, 692491, 17905] 11233
220 [1068615, 136957, 103440, 23857, 433, 142, 711323, 17600] 11666
221 [1051251, 136129, 102433, 24270, 467, 144, 729876, 17364] 12133
222 [1034439, 134914, 101299, 24727, 480, 136, 748660, 16812] 12613
223 [1017760, 133321, 99995, 25095, 461, 127, 767549, 16679] 13074
224 [1001437, 131891, 98781, 25534, 482, 123, 785955, 16323] 13556
225 [985222, 130554, 97041, 25990, 445, 118, 804459, 16215] 14001
226 [969584, 128941, 95665, 26409, 459, 118, 822785, 15638] 14460
227 [954300, 127056, 94291, 26737, 511, 114, 840847, 15284] 14971
228 [939517, 124970, 92828, 27092, 455, 116, 858868, 14783] 15426
229 [924907, 122891, 91103, 27400, 513, 111, 876639, 14610] 15939
230 [910914, 120639, 89427, 27777, 459, 107, 894345, 13993] 16398
231 [897294, 118129, 87575, 28049, 522, 96, 911917, 13620] 16920
232 [884144, 115771, 85693, 28309, 518, 85, 929010, 13150] 17438
233 [871395, 113303, 83560, 28586, 495, 80, 945994, 12749] 17933
234 [858980, 110609, 81498, 28786, 518, 79, 962782, 12415] 18451
235 [847153, 107894, 79295, 28981, 548, 68, 979383, 11827] 18999
236 [835806, 105050, 77220, 29115, 558, 62, 995443, 11347] 19557
237 [824749, 102152, 74793, 29260, 546, 53, 1011433, 11057] 20103
238 [814307, 99430, 72435, 29361, 570, 55, 1026897, 10442] 20673
239 [804209, 96464, 69909, 29497, 547, 51, 1042152, 10098] 21220
240 [794728, 93449, 67532, 29602, 540, 46, 1057002, 9481] 21760
241 [785726, 90304, 64957, 29578, 579, 43, 1071651, 9002] 22339
242 [776885, 87139, 62378, 29583, 568, 46, 1085821, 8841] 22907
243 [768784, 84180, 59920, 29559, 572, 45, 1099532, 8101] 23479
244 [760945, 80951, 57482, 29519, 566, 41, 1112778, 7839] 24045
245 [753528, 77812, 55051, 29459, 593, 37, 1125658, 7417] 24638
246 [746346, 74757, 52512, 29373, 594, 39, 1138159, 7182] 25232
247 [739747, 71765, 50160, 29297, 543, 37, 1150220, 6599] 25775
248 [733423, 68697, 47759, 29133, 598, 39, 1161852, 6324] 26373
249 [727350, 65627, 45382, 29008, 551, 39, 1173197, 6073] 26924
250 [721623, 62565, 43241, 28869, 573, 41, 1184037, 5727] 27497
251 [716357, 59699, 41069, 28742, 547, 46, 1194377, 5266] 28044
252 [711357, 56772, 38979, 28560, 578, 50, 1204260, 5000] 28622
253 [706660, 53845, 37049, 28317, 569, 49, 1213792, 4697] 29191
254 [702292, 51078, 34971, 28113, 561, 51, 1222975, 4368] 29752
255 [698060, 48301, 33013, 27921, 548, 51, 1231722, 4232] 30300
256 [694171, 45823, 31274, 27698, 557, 50, 1239838, 3889] 30857
257 [690523, 43324, 29555, 27469, 566, 54, 1247604, 3648] 31423
258 [687082, 40805, 27780, 27193, 578, 58, 1255240, 3441] 32001
259 [683918, 38643, 26263, 26865, 583, 57, 1262106, 3164] 32584
260 [680988, 36405, 24753, 26596, 515, 55, 1268774, 2930] 33099
261 [678204, 34313, 23117, 26254, 577, 52, 1275200, 2784] 33676
262 [675557, 32253, 21732, 25910, 560, 52, 1281213, 2647] 34236
263 [673162, 30421, 20357, 25600, 518, 54, 1286857, 2395] 34754
264 [670885, 28492, 18993, 25287, 498, 58, 1292356, 2277] 35252
265 [668812, 26678, 17828, 24929, 532, 62, 1297434, 2073] 35784
266 [666828, 24920, 16729, 24502, 575, 60, 1302218, 1984] 36359
267 [664833, 23400, 15610, 24099, 563, 62, 1306679, 1995] 36922
268 [663052, 22024, 14653, 23711, 526, 59, 1310872, 1781] 37448
269 [661414, 20640, 13690, 23318, 533, 61, 1314858, 1638] 37981
270 [659899, 19292, 12793, 22874, 565, 65, 1318616, 1515] 38546
271 [658516, 18006, 11984, 22449, 535, 68, 1322113, 1383] 39081
272 [657164, 16766, 11321, 22031, 544, 69, 1325272, 1352] 39625
273 [656022, 15650, 10586, 21596, 529, 73, 1328377, 1142] 40154
274 [654908, 14586, 9860, 21199, 499, 69, 1331211, 1114] 40653
275 [653853, 13608, 9236, 20765, 529, 72, 1333829, 1055] 41182
276 [652894, 12704, 8577, 20331, 500, 76, 1336377, 959] 41682
277 [651955, 11834, 8052, 19903, 499, 84, 1338652, 939] 42181
278 [651169, 10994, 7534, 19455, 506, 87, 1340888, 786] 42687
279 [650383, 10233, 6929, 19037, 464, 93, 1342988, 786] 43151
280 [649637, 9562, 6441, 18548, 534, 93, 1344888, 746] 43685
281 [648993, 8973, 5944, 18072, 526, 99, 1346664, 644] 44211
282 [648365, 8366, 5495, 17623, 481, 110, 1348321, 628] 44692
283 [647794, 7727, 5064, 17139, 523, 114, 1349976, 571] 45215
284 [647247, 7134, 4664, 16653, 514, 120, 1351506, 547] 45729
285 [646797, 6632, 4387, 16208, 470, 132, 1352795, 450] 46199
286 [646319, 6160, 4041, 15786, 444, 138, 1354035, 478] 46643
287 [645904, 5723, 3805, 15345, 491, 137, 1355137, 415] 47134
288 [645484, 5310, 3497, 14913, 450, 139, 1356253, 420] 47584
289 [645122, 4974, 3215, 14502, 412, 159, 1357270, 362] 47996
290 [644763, 4603, 3017, 14061, 450, 173, 1358178, 359] 48446
291 [644445, 4259, 2819, 13638, 431, 187, 1359057, 318] 48877
292 [644154, 3995, 2640, 13221, 423, 192, 1359807, 291] 49300
293 [643911, 3661, 2492, 12783, 443, 200, 1360567, 243] 49743
294 [643649, 3392, 2313, 12338, 439, 220, 1361244, 262] 50182
295 [643391, 3121, 2157, 11936, 404, 227, 1361924, 258] 50586
296 [643177, 2885, 1993, 11529, 375, 254, 1362587, 214] 50961
297 [642962, 2669, 1890, 11126, 377, 281, 1363119, 215] 51338
298 [642760, 2483, 1725, 10718, 385, 310, 1363679, 202] 51723
299 [642582, 2317, 1614, 10322, 367, 338, 1364159, 178] 52090
300 [642430, 2167, 1505, 9901, 369, 370, 1364616, 152] 52459
301 [642275, 2006, 1389, 9484, 356, 416, 1365060, 155] 52815
302 [642131, 1865, 1289, 9086, 331, 477, 1365462, 144] 53146
303 [642008, 1743, 1190, 8690, 329, 536, 1365835, 123] 53475
304 [641881, 1599, 1084, 8329, 292, 584, 1366229, 127] 53767
305 [641770, 1502, 1011, 7929, 331, 635, 1366544, 111] 54098
306 [641673, 1375, 933, 7553, 278, 718, 1366875, 97] 54376
307 [641580, 1293, 852, 7137, 275, 822, 1367172, 93] 54651
308 [641477, 1210, 793, 6756, 265, 906, 1367439, 103] 54916
309 [641394, 1155, 755, 6351, 249, 1026, 1367671, 83] 55165
310 [641325, 1077, 696, 5935, 263, 1143, 1367927, 69] 55428
311 [641263, 981, 640, 5557, 220, 1247, 1368202, 62] 55648
312 [641205, 907, 595, 5159, 202, 1379, 1368447, 58] 55850
313 [641148, 814, 551, 4741, 178, 1542, 1368719, 57] 56028
314 [641101, 742, 504, 4302, 184, 1728, 1368964, 47] 56212
315 [641043, 687, 462, 3873, 151, 1932, 1369182, 58] 56363
316 [641003, 645, 431, 3432, 122, 2173, 1369391, 40] 56485
317 [640960, 593, 393, 2988, 105, 2407, 1369626, 43] 56590
318 [640907, 551, 371, 2506, 86, 2658, 1369878, 53] 56676
319 [640861, 518, 346, 2026, 60, 2954, 1370113, 46] 56736
320 [640831, 473, 314, 1521, 23, 3279, 1370393, 30] 56759
321 [640804, 434, 288, 1027, 6, 3612, 1370643, 27] 56765
322 [640772, 395, 269, 652, 3, 3823, 1370889, 32] 56768
323 [640733, 371, 250, 381, 3, 3892, 1371163, 39] 56771
324 [640700, 341, 240, 208, 1, 3821, 1371485, 33] 56772
325 [640677, 317, 230, 115, 0, 3656, 1371810, 23] 56772
326 [640653, 294, 223, 67, 1, 3426, 1372140, 24] 56773
327 [640627, 273, 206, 48, 0, 3127, 1372520, 26] 56773
328 [640610, 261, 201, 38, 0, 2798, 1372902, 17] 56773
329 [640597, 237, 190, 36, 0, 2407, 1373347, 13] 56773
330 [640577, 215, 172, 36, 0, 1987, 1373820, 20] 56773
331 [640570, 196, 158, 32, 0, 1507, 1374357, 7] 56773
332 [640555, 179, 145, 28, 0, 1019, 1374886, 15] 56773
333 [640542, 165, 137, 28, 0, 647, 1375295, 13] 56773
334 [640523, 149, 128, 27, 0, 379, 1375602, 19] 56773
335 [640507, 139, 116, 24, 0, 207, 1375818, 16] 56773
336 [640496, 137, 105, 20, 0, 114, 1375944, 11] 56773
337 [640489, 130, 98, 19, 0, 67, 1376017, 7] 56773
338 [640480, 119, 89, 15, 0, 48, 1376067, 9] 56773
339 [640474, 108, 79, 14, 0, 38, 1376108, 6] 56773
340 [640465, 96, 73, 11, 0, 36, 1376137, 9] 56773
341 [640457, 90, 70, 9, 0, 36, 1376157, 8] 56773
342 [640454, 84, 62, 8, 1, 32, 1376183, 3] 56774
343 [640450, 75, 59, 9, 0, 28, 1376201, 4] 56774
344 [640445, 69, 55, 9, 0, 27, 1376216, 5] 56774
345 [640441, 65, 51, 8, 0, 26, 1376231, 4] 56774
346 [640436, 57, 44, 8, 0, 23, 1376253, 5] 56774
347 [640433, 57, 40, 8, 0, 19, 1376266, 3] 56774
348 [640429, 50, 38, 6, 1, 18, 1376280, 4] 56775
349 [640424, 47, 35, 6, 0, 14, 1376294, 5] 56775
350 [640423, 42, 32, 7, 0, 13, 1376307, 1] 56775
351 [640423, 33, 29, 7, 0, 9, 1376324, 0] 56775
352 [640423, 28, 24, 6, 0, 7, 1376337, 0] 56775
353 [640417, 26, 21, 4, 0, 7, 1376344, 6] 56775
354 [640415, 27, 21, 3, 0, 8, 1376349, 2] 56775
355 [640411, 24, 19, 4, 0, 8, 1376355, 4] 56775
356 [640411, 24, 16, 3, 0, 7, 1376364, 0] 56775
357 [640410, 21, 13, 3, 0, 7, 1376370, 1] 56775
358 [640409, 19, 11, 3, 0, 7, 1376375, 1] 56775
359 [640408, 19, 8, 3, 0, 6, 1376380, 1] 56775
360 [640407, 18, 6, 3, 0, 6, 1376384, 1] 56775
361 [640406, 17, 5, 2, 0, 7, 1376387, 1] 56775
362 [640406, 16, 4, 2, 0, 7, 1376390, 0] 56775
363 [640405, 16, 4, 2, 0, 6, 1376391, 1] 56775
364 [640405, 16, 4, 2, 0, 4, 1376394, 0] 56775
365 [640404, 14, 3, 2, 0, 3, 1376398, 1] 56775
366 [640403, 15, 2, 0, 0, 4, 1376400, 1] 56775
367 [640403, 16, 2, 0, 0, 3, 1376401, 0] 56775
368 [640402, 16, 2, 0, 0, 3, 1376401, 1] 56775
369 [640401, 12, 1, 0, 0, 3, 1376407, 1] 56775
370 [640401, 11, 2, 0, 0, 3, 1376408, 0] 56775
371 [640401, 7, 2, 0, 0, 3, 1376412, 0] 56775
372 [640400, 7, 1, 0, 0, 2, 1376414, 1] 56775
373 [640400, 8, 1, 0, 0, 2, 1376414, 0] 56775
374 [640400, 7, 1, 0, 0, 2, 1376415, 0] 56775
375 [640400, 6, 1, 0, 0, 2, 1376416, 0] 56775
376 [640398, 6, 1, 0, 0, 2, 1376416, 2] 56775
377 [640398, 6, 2, 0, 0, 0, 1376419, 0] 56775
378 [640397, 6, 2, 0, 0, 0, 1376419, 1] 56775
379 [640397, 6, 2, 0, 0, 0, 1376420, 0] 56775
380 [640397, 6, 2, 0, 0, 0, 1376420, 0] 56775
381 [640397, 5, 1, 0, 0, 0, 1376422, 0] 56775
382 [640397, 4, 1, 0, 0, 0, 1376423, 0] 56775
383 [640397, 4, 1, 0, 0, 0, 1376423, 0] 56775
384 [640397, 3, 1, 0, 0, 0, 1376424, 0] 56775
385 [640396, 3, 1, 0, 0, 0, 1376424, 1] 56775
386 [640396, 4, 1, 0, 0, 0, 1376424, 0] 56775
387 [640396, 4, 1, 0, 0, 0, 1376424, 0] 56775
388 [640396, 3, 0, 0, 0, 0, 1376426, 0] 56775
389 [640395, 3, 0, 0, 0, 0, 1376426, 1] 56775
390 [640395, 4, 0, 0, 0, 0, 1376426, 0] 56775
391 [640395, 4, 0, 0, 0, 0, 1376426, 0] 56775
392 [640395, 3, 0, 0, 0, 0, 1376427, 0] 56775
393 [640395, 3, 0, 0, 0, 0, 1376427, 0] 56775
394 [640395, 2, 0, 0, 0, 0, 1376428, 0] 56775
395 [640395, 2, 0, 0, 0, 0, 1376428, 0] 56775
396 [640395, 2, 0, 0, 0, 0, 1376428, 0] 56775
397 [640395, 2, 0, 0, 0, 0, 1376428, 0] 56775
398 [640395, 2, 0, 0, 0, 0, 1376428, 0] 56775
399 [640395, 2, 0, 0, 0, 0, 1376428, 0] 56775
400 [640395, 2, 0, 0, 0, 0, 1376428, 0] 56775
401 [640395, 1, 0, 0, 0, 0, 1376429, 0] 56775
402 [640395, 1, 0, 0, 0, 0, 1376429, 0] 56775
403 [640395, 1, 0, 0, 0, 0, 1376429, 0] 56775
404 [640395, 1, 0, 0, 0, 0, 1376429, 0] 56775
405 [640395, 0, 0, 0, 0, 0, 1376430, 0] 56775
[640395, 0, 0, 0, 0, 0, 1376430, 0] 0.6637876157407407 56775
