1.06 1.8 207360 8 2073 960 192 1.0 0.9 0.9 0 120 True 0.7 1 12 7 0.03214285714285715 0.004166666666666667 10 0.005 10 1000
1 [2073599, 0, 1, 0, 0, 0, 0, 0, 0] 0 [1000, 0]
2 [2073599, 0, 1, 0, 0, 0, 0, 0, 0] 0 [1000, 0]
3 [2073599, 0, 1, 0, 0, 0, 0, 0, 0] 0 [1000, 0]
4 [2073599, 0, 1, 0, 0, 0, 0, 0, 0] 0 [1000, 0]
5 [2073598, 0, 1, 0, 0, 0, 0, 1, 0] 0 [1000, 0]
6 [2073598, 1, 1, 0, 0, 0, 0, 0, 0] 0 [1000, 0]
7 [2073598, 1, 1, 0, 0, 0, 0, 0, 0] 0 [1000, 0]
8 [2073598, 1, 1, 0, 0, 0, 0, 0, 0] 0 [1000, 0]
9 [2073597, 1, 0, 0, 0, 0, 1, 1, 1] 0 [1000, 0]
10 [2073597, 1, 1, 0, 0, 0, 1, 0, 1] 0 [1000, 0]
11 [2073597, 1, 1, 0, 0, 0, 1, 0, 1] 0 [1000, 0]
12 [2073597, 1, 1, 0, 0, 0, 1, 0, 1] 0 [1000, 0]
13 [2073597, 1, 1, 0, 0, 0, 1, 0, 1] 0 [1000, 0]
14 [2073597, 1, 1, 0, 0, 0, 1, 0, 1] 0 [1000, 0]
15 [2073596, 1, 1, 0, 0, 0, 1, 1, 1] 0 [1000, 0]
16 [2073596, 2, 1, 0, 0, 0, 1, 0, 1] 0 [1000, 0]
17 [2073596, 2, 1, 0, 0, 0, 1, 0, 1] 0 [1000, 0]
18 [2073596, 2, 0, 0, 0, 0, 2, 0, 2] 0 [1000, 0]
19 [2073596, 1, 0, 0, 0, 0, 3, 0, 3] 0 [1000, 0]
20 [2073596, 1, 0, 0, 0, 0, 3, 0, 3] 0 [1000, 0]
21 [2073596, 1, 0, 0, 0, 0, 3, 0, 3] 0 [1000, 0]
22 [2073596, 1, 0, 0, 0, 0, 3, 0, 3] 0 [1000, 0]
23 [2073596, 1, 0, 0, 0, 0, 3, 0, 3] 0 [1000, 0]
24 [2073595, 1, 0, 0, 0, 0, 3, 1, 3] 0 [1000, 0]
25 [2073595, 1, 1, 0, 0, 0, 3, 0, 3] 0 [1000, 0]
26 [2073595, 1, 1, 0, 0, 0, 3, 0, 3] 0 [1000, 0]
27 [2073594, 1, 1, 0, 0, 0, 3, 1, 3] 0 [1000, 0]
28 [2073594, 2, 1, 0, 0, 0, 3, 0, 3] 0 [1000, 0]
29 [2073594, 1, 1, 0, 0, 0, 4, 0, 4] 0 [1000, 0]
30 [2073593, 1, 1, 0, 0, 0, 4, 1, 4] 0 [1000, 0]
31 [2073592, 2, 1, 0, 0, 0, 4, 1, 4] 0 [1000, 0]
32 [2073590, 3, 1, 0, 0, 0, 4, 2, 4] 0 [1000, 0]
33 [2073590, 4, 1, 0, 0, 0, 5, 0, 6] 0 [1000, 0]
34 [2073588, 4, 1, 0, 0, 0, 5, 2, 6] 0 [1000, 0]
35 [2073587, 4, 3, 0, 0, 0, 5, 1, 6] 0 [1000, 0]
36 [2073585, 5, 3, 0, 0, 0, 5, 2, 6] 0 [1000, 0]
37 [2073584, 6, 4, 0, 0, 0, 5, 1, 6] 0 [1000, 0]
38 [2073580, 7, 4, 0, 0, 0, 5, 4, 6] 0 [1000, 0]
39 [2073575, 8, 7, 0, 0, 0, 5, 5, 6] 0 [1000, 0]
40 [2073573, 9, 11, 0, 0, 0, 5, 2, 6] 0 [1000, 0]
41 [2073569, 7, 12, 1, 0, 0, 7, 4, 12] 0 [1000, 0]
42 [2073565, 8, 15, 1, 0, 0, 7, 4, 12] 0 [1000, 0]
43 [2073560, 10, 15, 1, 0, 0, 9, 5, 18] 0 [1000, 0]
44 [2073551, 10, 19, 1, 0, 0, 10, 9, 21] 0 [1000, 0]
45 [2073542, 15, 21, 1, 0, 0, 12, 9, 26] 0 [1000, 0]
46 [2073534, 16, 28, 1, 0, 0, 13, 8, 29] 0 [1000, 0]
47 [2073526, 19, 30, 1, 0, 0, 16, 8, 36] 0 [1000, 0]
48 [2073517, 22, 31, 1, 0, 0, 20, 9, 42] 0 [1000, 0]
49 [2073506, 24, 35, 1, 0, 0, 23, 11, 50] 0 [1000, 0]
50 [2073495, 25, 41, 1, 0, 0, 27, 11, 56] 0 [1000, 0]
51 [2073478, 27, 47, 1, 0, 0, 30, 17, 60] 0 [1000, 0]
52 [2073460, 30, 56, 1, 0, 0, 35, 18, 72] 0 [1000, 0]
53 [2073441, 33, 68, 0, 0, 1, 38, 19, 80] 0 [1000, 0]
54 [2073417, 39, 74, 0, 0, 1, 45, 24, 97] 0 [999, 1]
55 [2073387, 45, 86, 0, 0, 1, 51, 30, 113] 0 [1000, 0]
56 [2073356, 50, 104, 0, 0, 1, 58, 31, 125] 0 [1000, 0]
57 [2073320, 56, 122, 0, 0, 1, 65, 36, 136] 0 [1000, 0]
58 [2073277, 62, 136, 1, 0, 1, 80, 43, 168] 0 [1000, 0]
59 [2073236, 72, 159, 1, 0, 1, 90, 41, 183] 0 [1000, 0]
60 [2073196, 76, 179, 2, 0, 1, 106, 40, 212] 0 [1000, 0]
61 [2073138, 83, 194, 2, 0, 1, 124, 58, 255] 0 [1000, 0]
62 [2073075, 103, 216, 2, 0, 1, 140, 63, 284] 0 [1000, 0]
63 [2073007, 126, 237, 2, 0, 1, 159, 68, 318] 0 [999, 0]
64 [2072925, 140, 264, 4, 0, 0, 185, 82, 364] 0 [1000, 0]
65 [2072842, 162, 295, 5, 0, 0, 213, 83, 421] 0 [999, 1]
66 [2072751, 188, 326, 5, 0, 0, 239, 91, 474] 0 [1000, 0]
67 [2072625, 207, 359, 7, 0, 0, 276, 126, 547] 0 [1000, 0]
68 [2072485, 241, 411, 7, 0, 0, 316, 140, 624] 0 [1000, 0]
69 [2072342, 272, 479, 11, 0, 0, 353, 143, 705] 0 [997, 2]
70 [2072179, 312, 539, 11, 0, 1, 395, 163, 786] 0 [1000, 0]
71 [2071993, 349, 613, 11, 0, 2, 446, 186, 879] 0 [1000, 0]
72 [2071789, 395, 694, 11, 0, 2, 505, 204, 977] 0 [1000, 0]
73 [2071570, 452, 778, 11, 0, 2, 568, 219, 1102] 0 [1000, 0]
74 [2071290, 515, 869, 12, 0, 2, 632, 280, 1216] 0 [1000, 0]
75 [2070992, 573, 1005, 10, 0, 4, 718, 298, 1405] 0 [999, 0]
76 [2070602, 631, 1136, 10, 0, 5, 826, 390, 1616] 0 [1000, 0]
77 [2070175, 723, 1317, 11, 0, 5, 942, 427, 1845] 0 [1000, 0]
78 [2069717, 824, 1520, 13, 0, 7, 1061, 458, 2088] 0 [999, 0]
79 [2069211, 930, 1728, 17, 0, 7, 1201, 506, 2364] 0 [997, 2]
80 [2068599, 1064, 1937, 19, 0, 11, 1358, 612, 2669] 0 [997, 2]
81 [2067921, 1209, 2222, 23, 0, 11, 1536, 678, 3036] 0 [998, 1]
82 [2067162, 1366, 2555, 25, 0, 11, 1722, 759, 3422] 0 [998, 2]
83 [2066212, 1536, 2894, 30, 0, 11, 1967, 950, 3942] 0 [996, 1]
84 [2065243, 1762, 3342, 39, 0, 11, 2234, 969, 4504] 0 [999, 0]
85 [2064078, 1993, 3741, 46, 0, 12, 2565, 1165, 5192] 0 [996, 3]
86 [2062817, 2257, 4273, 53, 0, 10, 2929, 1261, 5900] 0 [995, 3]
87 [2061366, 2547, 4841, 64, 1, 10, 3320, 1451, 6635] 1 [998, 1]
88 [2059714, 2927, 5486, 72, 1, 11, 3736, 1652, 7460] 2 [995, 4]
89 [2057817, 3343, 6209, 81, 1, 13, 4237, 1897, 8435] 3 [999, 1]
90 [2055787, 3815, 7039, 89, 0, 17, 4820, 2030, 9624] 3 [996, 3]
91 [2053400, 4277, 7934, 94, 1, 18, 5486, 2387, 10942] 4 [993, 5]
92 [2050783, 4868, 8918, 103, 1, 22, 6284, 2617, 12477] 5 [996, 4]
93 [2047786, 5500, 10058, 114, 1, 23, 7116, 2997, 14108] 6 [991, 5]
94 [2044417, 6150, 11362, 138, 1, 28, 8129, 3369, 16099] 7 [991, 7]
95 [2040760, 6928, 12853, 153, 2, 35, 9205, 3657, 18237] 9 [993, 6]
96 [2036621, 7807, 14407, 176, 1, 40, 10400, 4139, 20507] 10 [995, 3]
97 [2031977, 8791, 16121, 196, 0, 46, 11815, 4644, 23181] 10 [988, 8]
98 [2026878, 9869, 18079, 206, 3, 58, 13398, 5099, 26179] 13 [989, 10]
99 [2021248, 11011, 20248, 231, 2, 66, 15151, 5630, 29453] 15 [991, 5]
100 [2015082, 12271, 22558, 267, 2, 76, 17163, 6166, 33139] 17 [989, 3]
101 [2008098, 13599, 25089, 303, 1, 82, 19427, 6984, 37304] 18 [986, 9]
102 [2000541, 15140, 27865, 340, 0, 87, 22052, 7557, 42098] 18 [986, 6]
103 [1992317, 16757, 30804, 379, 2, 96, 25003, 8224, 47353] 20 [976, 14]
104 [1983176, 18578, 34028, 440, 1, 107, 28109, 9141, 52901] 21 [972, 17]
105 [1973387, 20445, 37635, 503, 1, 129, 31690, 9789, 59327] 22 [972, 18]
106 [1962745, 22563, 41194, 560, 1, 146, 35727, 10642, 66510] 23 [971, 19]
107 [1951508, 24844, 45039, 625, 3, 167, 40154, 11237, 74029] 26 [966, 20]
108 [1939139, 27161, 48959, 704, 3, 186, 45053, 12369, 82433] 29 [957, 22]
109 [1925979, 29682, 53293, 779, 4, 199, 50475, 13160, 91465] 33 [970, 20]
110 [1912076, 32281, 57617, 857, 4, 226, 56603, 13903, 101520] 37 [961, 25]
111 [1897151, 35025, 62026, 931, 4, 262, 63239, 14925, 112290] 41 [956, 26]
112 [1881666, 37942, 66692, 1023, 4, 298, 70449, 15485, 123720] 45 [957, 29]
113 [1865232, 40913, 71010, 1113, 7, 333, 78513, 16434, 135995] 52 [956, 28]
114 [1847885, 43893, 75746, 1215, 7, 369, 87086, 17347, 148953] 59 [945, 37]
115 [1829917, 46945, 80451, 1303, 4, 425, 96528, 17968, 163169] 63 [956, 30]
116 [1811084, 50093, 85092, 1389, 4, 484, 106558, 18833, 177699] 67 [926, 52]
117 [1791677, 53253, 89554, 1504, 5, 539, 117594, 19407, 193366] 72 [935, 45]
118 [1772065, 56343, 93852, 1637, 5, 601, 129413, 19612, 209829] 77 [927, 49]
119 [1751650, 59103, 97940, 1752, 6, 678, 141979, 20415, 227111] 83 [934, 40]
jump_distance_rate 1.0 -> 0.9
120 [1730671, 61888, 101868, 1872, 6, 755, 155478, 20979, 245114] 89 [918, 53]
121 [1708979, 64712, 105784, 1993, 10, 831, 169510, 21692, 263371] 99 [928, 47]
122 [1687007, 67452, 109444, 2097, 8, 903, 184618, 21972, 282797] 107 [916, 49]
123 [1664589, 70036, 112699, 2206, 10, 989, 200546, 22418, 302816] 117 [914, 50]
124 [1641674, 72404, 115955, 2345, 9, 1083, 217098, 22915, 323107] 126 [908, 57]
125 [1618782, 74769, 118814, 2470, 8, 1176, 234563, 22892, 344405] 134 [908, 60]
126 [1595572, 76929, 121254, 2595, 12, 1253, 252641, 23210, 366070] 146 [913, 49]
127 [1571682, 78914, 123749, 2739, 14, 1298, 271168, 23890, 387739] 160 [901, 64]
128 [1548178, 80935, 126024, 2876, 25, 1365, 290533, 23504, 410238] 185 [897, 65]
129 [1524248, 82437, 127810, 3022, 19, 1439, 310510, 23930, 433084] 204 [904, 61]
130 [1500571, 83960, 129252, 3157, 31, 1492, 331256, 23677, 456471] 235 [892, 64]
131 [1476402, 85043, 130475, 3336, 24, 1520, 352396, 24169, 479924] 259 [892, 68]
132 [1452400, 86435, 131626, 3535, 29, 1528, 373786, 24002, 503063] 288 [889, 67]
133 [1428201, 87583, 132357, 3698, 43, 1534, 395697, 24199, 526977] 331 [889, 66]
134 [1403914, 88552, 133308, 3887, 35, 1508, 417778, 24287, 550631] 366 [897, 55]
135 [1380075, 89290, 134048, 4049, 51, 1508, 440374, 23839, 574621] 417 [889, 61]
136 [1355565, 89989, 133948, 4248, 48, 1467, 463408, 24510, 598643] 465 [883, 67]
137 [1331019, 90574, 134730, 4444, 47, 1431, 486344, 24546, 622304] 512 [876, 71]
138 [1306449, 91067, 135179, 4634, 56, 1418, 509715, 24570, 646653] 568 [873, 78]
139 [1281786, 91606, 135689, 4801, 60, 1379, 533048, 24663, 671028] 628 [875, 63]
140 [1257181, 92302, 135866, 4968, 64, 1320, 556666, 24605, 695034] 692 [885, 61]
141 [1232647, 92372, 136397, 5148, 74, 1272, 580464, 24534, 719474] 766 [891, 63]
142 [1208079, 92791, 136569, 5353, 63, 1238, 604173, 24568, 743579] 829 [875, 71]
143 [1183482, 92793, 136810, 5540, 74, 1226, 628249, 24597, 768241] 903 [859, 90]
144 [1158890, 93167, 137443, 5702, 74, 1204, 651625, 24592, 792480] 977 [893, 63]
145 [1134574, 93299, 137373, 5890, 85, 1191, 675895, 24316, 816935] 1062 [871, 76]
146 [1110277, 93433, 137204, 6037, 94, 1155, 700041, 24297, 841495] 1156 [879, 66]
147 [1085800, 93293, 137188, 6252, 73, 1135, 724226, 24477, 865778] 1229 [879, 67]
148 [1061387, 93360, 137282, 6374, 98, 1135, 748322, 24413, 890272] 1327 [878, 71]
149 [1037139, 93445, 137062, 6535, 78, 1117, 772649, 24248, 914693] 1405 [869, 76]
150 [1012921, 93468, 136918, 6698, 97, 1112, 796763, 24218, 938725] 1502 [873, 59]
151 [988737, 93289, 136573, 6874, 104, 1100, 821237, 24184, 962693] 1606 [876, 67]
152 [964568, 93166, 136284, 7016, 104, 1087, 845600, 24169, 987364] 1710 [879, 70]
153 [940554, 92878, 135990, 7192, 112, 1090, 870060, 24014, 1011925] 1822 [896, 61]
154 [916676, 92638, 135952, 7346, 108, 1086, 894094, 23878, 1035804] 1930 [882, 65]
155 [892706, 92323, 135583, 7500, 121, 1060, 918407, 23970, 1059741] 2051 [889, 61]
156 [868828, 92232, 135160, 7703, 101, 1038, 942609, 23878, 1083982] 2152 [885, 63]
157 [845232, 91933, 134861, 7883, 88, 1011, 966844, 23596, 1107759] 2240 [890, 54]
158 [821453, 91699, 134399, 8026, 103, 1007, 990894, 23779, 1131601] 2343 [906, 56]
159 [797912, 91462, 134099, 8153, 129, 989, 1014972, 23541, 1155476] 2472 [878, 69]
160 [774094, 91436, 133634, 8285, 113, 974, 1038774, 23818, 1178831] 2585 [891, 71]
161 [751036, 91316, 133390, 8422, 126, 959, 1062708, 23058, 1202560] 2711 [885, 57]
162 [728180, 90917, 132598, 8530, 150, 952, 1086706, 22856, 1226278] 2861 [890, 61]
163 [705236, 90313, 131988, 8679, 138, 932, 1110509, 22944, 1249694] 2999 [877, 68]
164 [682892, 89809, 131355, 8816, 152, 918, 1134315, 22344, 1272988] 3151 [886, 63]
165 [661127, 89331, 130165, 8918, 148, 905, 1158090, 21765, 1296197] 3299 [890, 62]
166 [639558, 88603, 128968, 9002, 151, 905, 1181545, 21569, 1319029] 3450 [873, 72]
167 [618542, 87983, 127400, 9105, 142, 921, 1205041, 21016, 1341740] 3592 [895, 59]
168 [598189, 87049, 125775, 9262, 121, 933, 1228326, 20353, 1363723] 3713 [878, 72]
169 [578904, 85783, 123515, 9408, 138, 940, 1251914, 19285, 1386196] 3851 [904, 63]
170 [560354, 84375, 120942, 9513, 174, 930, 1274911, 18550, 1407779] 4025 [895, 65]
171 [542917, 82879, 117757, 9584, 172, 925, 1297904, 17437, 1429005] 4197 [882, 58]
172 [526051, 81085, 113791, 9657, 141, 919, 1320893, 16866, 1449861] 4338 [895, 55]
173 [510326, 79056, 110064, 9702, 177, 916, 1343296, 15725, 1469555] 4515 [896, 63]
174 [495878, 76703, 105729, 9787, 156, 911, 1365473, 14448, 1488716] 4671 [900, 48]
175 [482297, 74131, 100774, 9829, 171, 901, 1387245, 13581, 1507047] 4842 [909, 52]
176 [469694, 71568, 95479, 9858, 150, 891, 1408515, 12603, 1524343] 4992 [904, 46]
177 [458221, 68667, 89855, 9894, 145, 890, 1429463, 11473, 1541045] 5137 [921, 39]
178 [447755, 65382, 84346, 9904, 156, 894, 1449560, 10466, 1556303] 5293 [924, 47]
179 [438328, 62114, 78697, 9939, 146, 874, 1468782, 9427, 1570707] 5439 [915, 48]
180 [429804, 58541, 73142, 9937, 145, 860, 1487208, 8524, 1584043] 5584 [932, 36]
181 [422087, 54963, 67282, 9912, 153, 861, 1505041, 7717, 1596635] 5737 [915, 41]
182 [415236, 51402, 61721, 9903, 165, 850, 1521735, 6851, 1607849] 5902 [913, 40]
183 [409057, 47721, 56437, 9870, 173, 849, 1537412, 6179, 1618000] 6075 [949, 25]
184 [403678, 44053, 51322, 9811, 161, 843, 1552278, 5379, 1627176] 6236 [949, 29]
185 [398849, 40487, 46325, 9710, 178, 864, 1566122, 4829, 1635539] 6414 [940, 35]
186 [394519, 37003, 41666, 9603, 171, 877, 1579017, 4330, 1643073] 6585 [953, 20]
187 [390879, 33714, 37321, 9436, 177, 903, 1590945, 3640, 1649909] 6762 [948, 22]
188 [387552, 30541, 33262, 9320, 158, 906, 1601772, 3327, 1655744] 6920 [974, 6]
189 [384623, 27569, 29592, 9159, 189, 895, 1611724, 2929, 1660950] 7109 [957, 21]
190 [382061, 24740, 26237, 9003, 161, 915, 1620812, 2562, 1665573] 7270 [973, 6]
191 [379774, 22100, 23238, 8813, 179, 955, 1628984, 2287, 1669720] 7449 [971, 8]
192 [377768, 19711, 20462, 8587, 192, 993, 1636432, 2006, 1673478] 7641 [970, 12]
193 [376070, 17578, 18067, 8386, 171, 1025, 1642964, 1698, 1676681] 7812 [973, 10]
194 [374530, 15552, 15923, 8196, 151, 1046, 1648850, 1540, 1679406] 7963 [976, 5]
195 [373222, 13735, 14044, 7945, 176, 1100, 1654107, 1308, 1681865] 8139 [981, 7]
196 [372120, 12173, 12384, 7698, 156, 1148, 1658680, 1102, 1683973] 8295 [970, 10]
197 [371163, 10764, 10842, 7496, 131, 1174, 1662778, 957, 1685796] 8426 [978, 8]
198 [370308, 9497, 9466, 7251, 153, 1198, 1666446, 855, 1687445] 8579 [978, 4]
199 [369544, 8342, 8219, 6979, 133, 1286, 1669754, 764, 1688947] 8712 [984, 1]
200 [368904, 7250, 7159, 6719, 148, 1348, 1672720, 640, 1690216] 8860 [983, 4]
201 [368305, 6371, 6236, 6471, 136, 1404, 1675218, 599, 1691304] 8996 [988, 3]
202 [367841, 5562, 5422, 6206, 137, 1444, 1677528, 464, 1692223] 9133 [988, 3]
203 [367405, 4840, 4665, 5897, 134, 1514, 1679576, 436, 1693030] 9267 [986, 4]
204 [367041, 4275, 4062, 5621, 112, 1592, 1681266, 364, 1693783] 9379 [987, 2]
205 [366696, 3708, 3561, 5336, 107, 1686, 1682782, 345, 1694460] 9486 [980, 5]
206 [366412, 3205, 3138, 5011, 108, 1783, 1684173, 284, 1695072] 9594 [988, 3]
207 [366173, 2832, 2743, 4679, 112, 1876, 1685352, 239, 1695569] 9706 [991, 0]
208 [365964, 2446, 2383, 4345, 89, 2021, 1686437, 209, 1696065] 9795 [992, 1]
209 [365764, 2100, 2073, 4016, 92, 2138, 1687422, 200, 1696483] 9887 [988, 2]
210 [365602, 1825, 1794, 3660, 72, 2259, 1688339, 162, 1696898] 9959 [993, 1]
211 [365467, 1593, 1570, 3300, 49, 2434, 1689093, 135, 1697233] 10008 [989, 0]
212 [365351, 1377, 1373, 2916, 60, 2617, 1689782, 116, 1697539] 10068 [992, 0]
213 [365254, 1194, 1200, 2526, 53, 2807, 1690401, 97, 1697837] 10121 [987, 0]
214 [365160, 1058, 1024, 2129, 23, 2991, 1691000, 94, 1698134] 10144 [994, 2]
215 [365082, 902, 895, 1677, 21, 3249, 1691552, 78, 1698424] 10165 [992, 0]
216 [365031, 795, 772, 1172, 7, 3555, 1692052, 51, 1698661] 10172 [995, 0]
217 [364968, 669, 659, 802, 1, 3700, 1692566, 63, 1698926] 10173 [991, 2]
218 [364912, 580, 570, 517, 1, 3757, 1693034, 56, 1699179] 10174 [995, 0]
219 [364864, 500, 497, 313, 3, 3699, 1693502, 48, 1699458] 10177 [990, 1]
220 [364824, 431, 431, 189, 1, 3576, 1693931, 40, 1699671] 10178 [994, 1]
221 [364782, 388, 372, 111, 1, 3365, 1694361, 42, 1699938] 10179 [996, 0]
222 [364759, 345, 334, 71, 0, 3091, 1694798, 23, 1700188] 10179 [992, 0]
223 [364730, 288, 282, 39, 1, 2796, 1695256, 29, 1700400] 10180 [990, 1]
224 [364708, 245, 244, 29, 0, 2465, 1695707, 22, 1700654] 10180 [993, 0]
225 [364690, 216, 220, 28, 0, 2094, 1696154, 18, 1700892] 10180 [992, 0]
226 [364670, 191, 185, 24, 0, 1662, 1696668, 20, 1701170] 10180 [997, 0]
227 [364655, 165, 167, 22, 0, 1164, 1697232, 15, 1701466] 10180 [992, 0]
228 [364638, 143, 142, 21, 0, 795, 1697664, 17, 1701708] 10180 [995, 0]
229 [364632, 126, 131, 17, 0, 511, 1697997, 6, 1701880] 10180 [996, 0]
230 [364621, 118, 106, 17, 0, 310, 1698237, 11, 1701997] 10180 [995, 0]
231 [364611, 102, 99, 15, 0, 187, 1698396, 10, 1702066] 10180 [996, 0]
232 [364606, 83, 88, 12, 0, 110, 1698516, 5, 1702103] 10180 [994, 0]
233 [364600, 73, 76, 9, 0, 70, 1698586, 6, 1702121] 10180 [994, 0]
234 [364600, 64, 67, 8, 0, 39, 1698642, 0, 1702140] 10180 [998, 0]
235 [364596, 51, 51, 9, 0, 29, 1698680, 4, 1702152] 10180 [996, 1]
236 [364595, 46, 44, 6, 0, 28, 1698700, 1, 1702159] 10180 [995, 0]
237 [364594, 37, 31, 5, 0, 24, 1698728, 1, 1702165] 10180 [992, 0]
238 [364591, 31, 29, 4, 0, 22, 1698740, 3, 1702169] 10180 [993, 0]
239 [364590, 25, 21, 2, 0, 21, 1698760, 1, 1702179] 10180 [995, 0]
240 [364589, 21, 14, 2, 0, 17, 1698776, 1, 1702183] 10180 [993, 0]
241 [364587, 16, 11, 1, 0, 17, 1698786, 2, 1702184] 10180 [996, 0]
242 [364586, 13, 11, 1, 0, 15, 1698793, 1, 1702186] 10180 [996, 0]
243 [364585, 11, 11, 1, 0, 12, 1698799, 1, 1702186] 10180 [996, 0]
244 [364582, 10, 9, 1, 0, 9, 1698806, 3, 1702188] 10180 [998, 0]
245 [364581, 10, 9, 1, 0, 8, 1698810, 1, 1702191] 10180 [996, 0]
246 [364581, 9, 9, 0, 0, 9, 1698812, 0, 1702192] 10180 [999, 0]
247 [364581, 5, 7, 0, 0, 6, 1698821, 0, 1702195] 10180 [994, 0]
248 [364580, 5, 6, 0, 0, 5, 1698823, 1, 1702197] 10180 [993, 0]
249 [364580, 4, 6, 0, 0, 4, 1698826, 0, 1702198] 10180 [995, 0]
250 [364580, 4, 4, 0, 0, 2, 1698830, 0, 1702199] 10180 [997, 0]
251 [364579, 4, 4, 0, 0, 2, 1698830, 1, 1702199] 10180 [992, 0]
252 [364579, 4, 3, 0, 0, 1, 1698833, 0, 1702200] 10180 [996, 0]
253 [364579, 4, 2, 0, 0, 1, 1698834, 0, 1702200] 10180 [999, 0]
254 [364579, 4, 1, 0, 0, 1, 1698835, 0, 1702200] 10180 [993, 0]
255 [364579, 4, 1, 0, 0, 1, 1698835, 0, 1702200] 10180 [996, 0]
256 [364579, 3, 1, 0, 0, 1, 1698836, 0, 1702200] 10180 [995, 0]
257 [364578, 3, 0, 0, 0, 0, 1698838, 1, 1702200] 10180 [996, 0]
258 [364578, 1, 1, 0, 0, 0, 1698840, 0, 1702201] 10180 [993, 0]
259 [364578, 1, 1, 0, 0, 0, 1698840, 0, 1702201] 10180 [999, 0]
260 [364578, 1, 1, 0, 0, 0, 1698840, 0, 1702201] 10180 [994, 0]
261 [364578, 1, 1, 0, 0, 0, 1698840, 0, 1702201] 10180 [996, 0]
262 [364578, 1, 1, 0, 0, 0, 1698840, 0, 1702201] 10180 [993, 0]
263 [364578, 1, 1, 0, 0, 0, 1698840, 0, 1702201] 10180 [991, 0]
264 [364578, 1, 1, 0, 0, 0, 1698840, 0, 1702201] 10180 [992, 0]
265 [364578, 0, 1, 0, 0, 0, 1698841, 0, 1702202] 10180 [993, 0]
266 [364577, 0, 0, 0, 0, 0, 1698842, 1, 1702203] 10180 [992, 0]
267 [364577, 1, 0, 0, 0, 0, 1698842, 0, 1702203] 10180 [996, 0]
268 [364577, 1, 0, 0, 0, 0, 1698842, 0, 1702203] 10180 [994, 0]
269 [364577, 1, 0, 0, 0, 0, 1698842, 0, 1702203] 10180 [996, 0]
270 [364577, 1, 0, 0, 0, 0, 1698842, 0, 1702203] 10180 [994, 0]
271 [364577, 1, 0, 0, 0, 0, 1698842, 0, 1702203] 10180 [994, 0]
272 [364577, 1, 0, 0, 0, 0, 1698842, 0, 1702203] 10180 [993, 0]
273 [364577, 1, 0, 0, 0, 0, 1698842, 0, 1702203] 10180 [994, 0]
274 [364577, 1, 0, 0, 0, 0, 1698842, 0, 1702203] 10180 [995, 0]
275 [364577, 1, 0, 0, 0, 0, 1698842, 0, 1702203] 10180 [993, 0]
276 [364577, 1, 0, 0, 0, 0, 1698842, 0, 1702203] 10180 [995, 0]
277 [364577, 1, 0, 0, 0, 0, 1698842, 0, 1702203] 10180 [996, 0]
278 [364577, 1, 0, 0, 0, 0, 1698842, 0, 1702203] 10180 [996, 0]
279 [364577, 1, 0, 0, 0, 0, 1698842, 0, 1702203] 10180 [995, 0]
280 [364577, 0, 0, 0, 0, 0, 1698843, 0, 1702203] 10180 [992, 0]
[364577, 0, 0, 0, 0, 0, 1698843, 0, 1702203] 0.8192722800925926 10180
1019938 1196564
