1.09 1.8 1500 207360 8 2073 960 192 0.9 0.9 0.9 0 120 False 0.7 5 7 7 0.03214285714285715 0.0071428571428571435 20 0.0025 1 False True 10000 0.05
1 [2072100, 441, 1059, 0, 0, 0, 0, 0, 0] 0 [23, 0, 0, 0, 0] 0 
2 [2071699, 435, 1059, 6, 0, 0, 0, 401, 0] 0 [23, 0, 0, 0, 0] 0 
3 [2071312, 432, 1059, 9, 0, 0, 0, 788, 0] 0 [23, 0, 0, 0, 0] 0 
4 [2070932, 429, 1059, 11, 1, 0, 0, 1168, 0] 1 [23, 0, 0, 0, 0] 0 
5 [2070565, 423, 1059, 17, 0, 0, 0, 1535, 0] 1 [21, 2, 0, 0, 0] 0 
6 [2070240, 418, 1059, 22, 0, 0, 0, 1860, 0] 1 [21, 2, 0, 0, 0] 0 
7 [2069913, 539, 1335, 26, 0, 0, 0, 1786, 0] 1 [27, 2, 0, 0, 0] 0 
8 [2069485, 236, 552, 26, 0, 0, 1473, 1827, 2491] 1 [11, 2, 0, 0, 21] 0 
9 [2069286, 354, 813, 26, 1, 0, 1473, 1646, 2491] 2 [16, 2, 0, 0, 21] 0 
10 [2068982, 458, 1070, 32, 0, 0, 1473, 1583, 2491] 2 [25, 2, 0, 0, 21] 0 
11 [2068625, 556, 1295, 34, 0, 0, 1473, 1615, 2491] 2 [28, 2, 0, 0, 21] 0 
12 [2068175, 643, 1531, 37, 1, 0, 1473, 1738, 2491] 3 [36, 2, 0, 0, 21] 0 
13 [2067641, 768, 1829, 42, 0, 0, 1473, 1844, 2491] 3 [49, 2, 0, 0, 21] 0 
14 [2067064, 698, 1699, 44, 0, 0, 1870, 2222, 3153] 3 [48, 2, 0, 0, 29] 0 
15 [2066494, 686, 1630, 48, 0, 0, 2251, 2488, 3817] 3 [52, 2, 0, 0, 40] 0 
16 [2065983, 683, 1612, 52, 0, 0, 2625, 2642, 4442] 3 [54, 3, 0, 0, 51] 0 
17 [2065461, 704, 1674, 55, 1, 0, 2988, 2714, 4990] 4 [54, 3, 0, 0, 61] 0 
18 [2064905, 760, 1827, 58, 0, 0, 3310, 2736, 5522] 4 [64, 4, 0, 0, 66] 0 
19 [2064329, 844, 1998, 59, 0, 0, 3631, 2735, 6031] 4 [74, 4, 0, 0, 76] 0 
20 [2063610, 891, 2089, 66, 0, 0, 4056, 2884, 6747] 4 [79, 4, 0, 0, 97] 0 
21 [2062891, 996, 2292, 72, 0, 0, 4253, 3092, 7061] 4 [85, 5, 0, 0, 106] 0 
22 [2062155, 1042, 2461, 78, 0, 0, 4554, 3306, 7559] 4 [89, 5, 0, 0, 120] 0 
23 [2061318, 1093, 2608, 72, 1, 8, 4909, 3587, 8125] 5 [94, 5, 0, 0, 135] 0 
24 [2060460, 1151, 2673, 75, 1, 2, 5364, 3869, 8809] 6 [108, 5, 0, 0, 150] 0 
25 [2059595, 1189, 2820, 79, 0, 5, 5891, 4015, 9693] 6 [115, 4, 0, 2, 171] 0 
26 [2058590, 1219, 2931, 80, 0, 5, 6468, 4301, 10657] 6 [119, 4, 0, 0, 203] 0 
27 [2057586, 1266, 3049, 87, 0, 3, 7034, 4569, 11579] 6 [124, 4, 0, 0, 233] 0 
28 [2056587, 1346, 3292, 94, 0, 0, 7544, 4731, 12428] 6 [136, 4, 0, 0, 260] 0 
29 [2055468, 1439, 3532, 101, 0, 1, 8061, 4992, 13320] 6 [139, 5, 0, 0, 281] 0 
30 [2054288, 1551, 3729, 100, 0, 6, 8613, 5307, 14237] 6 [152, 7, 0, 0, 307] 0 
31 [2053042, 1659, 4049, 107, 1, 2, 9186, 5548, 15146] 7 [145, 13, 0, 0, 349] 0 
32 [2051681, 1774, 4221, 109, 0, 4, 9899, 5905, 16290] 7 [156, 15, 0, 0, 387] 0 
33 [2050219, 1863, 4411, 117, 0, 5, 10610, 6368, 17497] 7 [168, 15, 0, 0, 427] 0 
34 [2048720, 1958, 4700, 126, 1, 2, 11338, 6748, 18707] 8 [183, 15, 0, 0, 471] 0 
35 [2047097, 2043, 4954, 129, 3, 4, 12171, 7191, 20107] 11 [196, 16, 0, 0, 534] 0 
36 [2045500, 2161, 5219, 137, 0, 4, 13026, 7542, 21489] 11 [216, 16, 0, 1, 582] 0 
37 [2043746, 2277, 5595, 147, 2, 3, 13884, 7935, 22874] 13 [229, 23, 0, 0, 648] 0 
38 [2041919, 2407, 5915, 162, 2, 2, 14880, 8300, 24556] 15 [257, 23, 0, 1, 694] 0 
39 [2039921, 2559, 6260, 164, 5, 1, 15876, 8799, 26239] 20 [279, 22, 1, 0, 771] 1 
40 [2037861, 2778, 6667, 170, 1, 5, 16862, 9236, 27853] 21 [303, 22, 0, 0, 836] 1 
41 [2035591, 2907, 7003, 187, 3, 6, 17973, 9909, 29688] 24 [329, 24, 0, 1, 924] 1 
42 [2033199, 3126, 7353, 198, 1, 6, 19146, 10547, 31576] 25 [364, 24, 0, 0, 1011] 1 
43 [2030790, 3335, 7726, 214, 1, 3, 20377, 11129, 33655] 26 [406, 26, 0, 0, 1116] 1 
44 [2028201, 3552, 8144, 223, 1, 6, 21727, 11720, 35867] 27 [439, 26, 0, 0, 1226] 1 
45 [2025403, 3701, 8588, 237, 1, 7, 23178, 12458, 38229] 28 [478, 26, 0, 1, 1348] 1 
46 [2022561, 3956, 9101, 251, 1, 6, 24666, 13030, 40698] 29 [524, 30, 0, 0, 1465] 1 
47 [2019464, 4174, 9659, 262, 1, 5, 26271, 13735, 43435] 30 [563, 32, 1, 0, 1600] 2 
48 [2016245, 4388, 10246, 282, 2, 6, 27856, 14545, 46061] 32 [590, 35, 0, 0, 1741] 2 
49 [2012936, 4608, 10850, 305, 2, 6, 29596, 15265, 48815] 34 [624, 36, 0, 1, 1910] 2 
50 [2009391, 4886, 11526, 331, 5, 4, 31411, 16012, 51727] 39 [670, 41, 0, 1, 2062] 2 
51 [2005500, 5124, 12114, 364, 1, 10, 33387, 17061, 54939] 40 [710, 41, 0, 6, 2254] 2 
52 [2001624, 5480, 12787, 388, 3, 5, 35433, 17840, 58239] 43 [761, 42, 0, 2, 2464] 2 
53 [1997314, 5717, 13510, 402, 2, 11, 37670, 18931, 61854] 45 [790, 47, 0, 0, 2676] 2 
54 [1992898, 6041, 14093, 434, 3, 9, 40039, 20038, 65655] 48 [850, 49, 1, 0, 2909] 3 
55 [1988284, 6440, 14840, 457, 2, 8, 42414, 21107, 69464] 50 [921, 53, 0, 1, 3144] 3 
56 [1983398, 6808, 15761, 483, 4, 11, 44983, 22102, 73562] 54 [1003, 55, 2, 1, 3396] 5 
57 [1978369, 7078, 16556, 510, 7, 11, 47760, 23255, 78097] 61 [1031, 57, 0, 6, 3690] 5 
58 [1973006, 7447, 17642, 536, 3, 17, 50580, 24308, 82575] 64 [1083, 63, 0, 1, 4011] 5 
59 [1967401, 7815, 18592, 571, 2, 7, 53651, 25497, 87366] 66 [1157, 71, 0, 0, 4347] 5 
60 [1961475, 8284, 19518, 599, 3, 11, 56835, 26809, 92454] 69 [1235, 78, 0, 0, 4674] 5 
61 [1955169, 8719, 20650, 619, 4, 22, 60119, 28229, 97686] 73 [1296, 81, 1, 3, 5017] 6 
62 [1948635, 9125, 21727, 658, 2, 13, 63633, 29734, 103103] 75 [1366, 91, 0, 0, 5415] 6 
63 [1941599, 9561, 22726, 718, 1, 19, 67494, 31407, 109198] 76 [1433, 102, 0, 2, 5842] 6 
64 [1934502, 10147, 23863, 757, 4, 16, 71336, 32899, 115213] 80 [1542, 109, 0, 0, 6257] 6 
65 [1927036, 10677, 24933, 800, 5, 21, 75609, 34439, 121754] 85 [1623, 117, 1, 1, 6766] 7 
66 [1919123, 11193, 26300, 847, 6, 19, 79981, 36046, 128698] 91 [1688, 126, 1, 3, 7284] 8 
67 [1910793, 11750, 27649, 896, 5, 14, 84560, 37842, 135823] 96 [1757, 133, 1, 2, 7842] 9 
68 [1902168, 12448, 29096, 941, 4, 27, 89389, 39431, 143238] 100 [1901, 144, 1, 2, 8401] 10 
69 [1893250, 13026, 30575, 981, 9, 29, 94378, 41252, 150973] 109 [2019, 155, 0, 1, 9034] 10 
70 [1883896, 13553, 32135, 1029, 6, 31, 99701, 43140, 159172] 115 [2144, 164, 2, 6, 9676] 12 
71 [1874033, 14152, 33819, 1071, 3, 40, 105277, 45090, 167619] 118 [2277, 169, 1, 5, 10382] 13 
72 [1863557, 14800, 35580, 1119, 8, 31, 111151, 47236, 176455] 126 [2397, 180, 2, 3, 11092] 15 
73 [1852706, 15636, 37045, 1186, 7, 24, 117408, 49462, 186103] 133 [2569, 189, 0, 5, 11868] 15 
74 [1841460, 16304, 38742, 1238, 7, 39, 123887, 51790, 195836] 140 [2723, 205, 0, 2, 12668] 15 
75 [1829752, 16885, 40483, 1303, 5, 27, 130861, 54144, 206219] 145 [2841, 209, 3, 4, 13553] 18 
76 [1817679, 17780, 42333, 1360, 15, 34, 137900, 56354, 216695] 160 [2991, 220, 3, 4, 14503] 21 
77 [1804983, 18725, 44390, 1405, 19, 39, 145305, 58574, 227603] 179 [3165, 226, 1, 8, 15488] 22 
78 [1791908, 19659, 46390, 1464, 9, 38, 153155, 60798, 239249] 188 [3303, 239, 3, 6, 16562] 25 
79 [1778294, 20533, 48414, 1528, 11, 40, 161426, 63166, 251436] 199 [3477, 243, 1, 7, 17690] 26 
80 [1764347, 21431, 50561, 1624, 13, 37, 169983, 65405, 263995] 212 [3654, 257, 1, 6, 18869] 27 
81 [1749636, 22250, 52885, 1693, 16, 37, 178828, 68043, 276805] 228 [3814, 267, 3, 5, 20079] 30 
82 [1734496, 23182, 55241, 1795, 11, 48, 188112, 70487, 290243] 239 [4006, 284, 1, 10, 21367] 31 
83 [1718886, 24072, 57532, 1864, 14, 69, 197902, 73022, 304333] 253 [4211, 296, 3, 11, 22694] 34 
84 [1702652, 24905, 59832, 1933, 9, 54, 208320, 75642, 318823] 262 [4380, 308, 2, 7, 24200] 36 
85 [1686203, 25756, 62048, 2024, 11, 64, 219088, 78144, 333749] 273 [4585, 328, 3, 10, 25716] 39 
86 [1669084, 26899, 64378, 2119, 8, 63, 230224, 80552, 349169] 281 [4818, 351, 1, 11, 27254] 40 
87 [1651706, 27740, 66924, 2227, 12, 62, 241858, 82790, 365131] 293 [5040, 370, 0, 9, 28965] 40 
88 [1633717, 28871, 69337, 2301, 14, 66, 253832, 85169, 381717] 307 [5256, 388, 5, 12, 30703] 45 
89 [1615148, 29807, 71933, 2380, 34, 60, 266427, 87504, 398551] 341 [5471, 413, 5, 10, 32595] 50 
90 [1596331, 30903, 74203, 2463, 26, 62, 279399, 89872, 416178] 367 [5767, 421, 5, 12, 34555] 55 
91 [1576866, 32106, 76515, 2524, 39, 69, 292896, 92218, 434005] 406 [6053, 440, 5, 9, 36631] 60 
92 [1557327, 33043, 78959, 2622, 58, 57, 306749, 94379, 452072] 464 [6271, 461, 11, 8, 38710] 71 
93 [1537422, 34031, 81204, 2723, 50, 56, 321355, 96295, 471032] 514 [6568, 471, 9, 11, 40963] 80 
94 [1517004, 35113, 83531, 2815, 42, 74, 336363, 98144, 490133] 556 [6812, 481, 16, 9, 43301] 96 
95 [1496591, 36060, 85751, 2929, 53, 43, 351877, 99740, 509607] 609 [7114, 508, 10, 8, 45699] 106 
96 [1475967, 37195, 87836, 3038, 62, 43, 367951, 100899, 529631] 671 [7357, 547, 10, 4, 48195] 116 
97 [1454737, 37902, 90194, 3167, 59, 59, 384221, 102590, 549673] 730 [7468, 579, 9, 9, 50840] 125 
98 [1433315, 38792, 92075, 3290, 62, 42, 401187, 104107, 570125] 792 [7664, 601, 9, 8, 53644] 134 
99 [1411970, 39690, 94178, 3398, 93, 43, 418402, 105034, 590637] 885 [7933, 622, 20, 5, 56526] 154 
100 [1390277, 40200, 96057, 3526, 79, 48, 436214, 106314, 611684] 964 [8071, 667, 12, 7, 59467] 166 
101 [1368774, 40706, 97601, 3656, 84, 42, 454580, 107193, 632851] 1048 [8187, 705, 10, 6, 62570] 176 
102 [1347170, 41456, 99229, 3793, 81, 50, 473206, 107567, 654179] 1129 [8394, 735, 14, 8, 65693] 190 
103 [1325312, 42043, 100590, 3903, 108, 48, 492464, 108003, 676026] 1237 [8567, 756, 22, 5, 68832] 212 
104 [1303539, 42666, 101735, 4025, 126, 37, 511804, 108431, 697549] 1363 [8763, 782, 27, 5, 72114] 239 
105 [1282074, 43011, 103132, 4180, 114, 31, 531492, 108203, 719158] 1477 [8920, 809, 30, 3, 75505] 269 
106 [1260417, 43353, 103881, 4296, 126, 31, 551662, 108357, 740808] 1603 [8968, 836, 26, 4, 78997] 295 
107 [1239019, 43859, 104588, 4411, 117, 37, 571815, 108151, 762393] 1720 [9150, 859, 22, 3, 82572] 317 
108 [1217752, 44286, 105399, 4472, 139, 43, 592229, 107560, 783852] 1859 [9318, 876, 28, 6, 86225] 345 
109 [1196828, 44339, 105893, 4587, 143, 25, 613215, 106711, 805613] 2002 [9376, 905, 28, 3, 89922] 373 
110 [1176182, 44349, 105967, 4672, 133, 28, 634375, 105892, 827151] 2135 [9477, 928, 34, 4, 93693] 407 
111 [1155908, 44387, 106203, 4801, 132, 29, 655496, 104509, 847978] 2267 [9587, 946, 25, 5, 97554] 432 
112 [1135855, 44322, 105959, 4946, 123, 17, 676947, 103164, 869148] 2390 [9597, 983, 24, 5, 101449] 456 
113 [1116411, 44301, 105755, 5037, 152, 23, 698190, 101341, 889507] 2542 [9684, 999, 36, 4, 105368] 492 
114 [1097565, 44074, 105291, 5146, 154, 28, 719537, 99263, 909749] 2696 [9681, 1022, 36, 5, 109421] 528 
115 [1078501, 43704, 104435, 5272, 131, 18, 741162, 97681, 929992] 2827 [9643, 1053, 32, 3, 113416] 560 
116 [1060380, 43433, 103225, 5353, 145, 22, 762687, 95528, 949523] 2972 [9625, 1074, 30, 1, 117434] 590 
117 [1042752, 42973, 102292, 5421, 178, 17, 783892, 93103, 968061] 3150 [9602, 1106, 32, 2, 121444] 622 
118 [1025341, 42305, 100758, 5526, 164, 18, 805268, 91070, 987026] 3314 [9475, 1120, 36, 3, 125523] 658 
119 [1008386, 41595, 98939, 5565, 195, 15, 826412, 89179, 1005472] 3509 [9345, 1141, 41, 2, 129594] 699 
120 [992214, 41059, 97282, 5636, 175, 17, 847421, 86287, 1023247] 3684 [9292, 1167, 31, 2, 133673] 730 
121 [976627, 40181, 95377, 5691, 162, 12, 868113, 83753, 1040762] 3846 [9169, 1181, 34, 3, 137624] 764 
122 [961613, 39286, 93306, 5746, 180, 9, 888475, 81139, 1057353] 4026 [9049, 1212, 32, 2, 141526] 796 
123 [946881, 38471, 91304, 5758, 186, 14, 908500, 78460, 1073415] 4212 [8962, 1212, 39, 4, 145414] 835 
124 [932933, 37648, 89046, 5790, 169, 9, 928340, 75453, 1089206] 4381 [8783, 1233, 32, 1, 149451] 867 
125 [919412, 36681, 86742, 5789, 198, 20, 947575, 72802, 1104424] 4579 [8621, 1231, 45, 1, 153384] 912 
126 [906512, 35580, 84567, 5851, 176, 14, 966206, 70115, 1118863] 4755 [8450, 1250, 31, 2, 157118] 943 
127 [894123, 34231, 81889, 5869, 176, 10, 985057, 67490, 1133134] 4931 [8180, 1271, 32, 1, 160941] 975 
128 [882174, 33269, 79467, 5889, 171, 17, 1002975, 64707, 1146597] 5102 [7999, 1290, 34, 1, 164516] 1009 
129 [870907, 32148, 76945, 5879, 201, 16, 1020376, 62026, 1159563] 5303 [7753, 1284, 45, 2, 168094] 1054 
130 [860237, 30986, 74256, 5830, 213, 7, 1037593, 59175, 1172010] 5516 [7504, 1280, 42, 1, 171562] 1096 
131 [849877, 29660, 71513, 5838, 185, 10, 1054366, 56635, 1183986] 5701 [7138, 1290, 40, 3, 175130] 1136 
132 [840059, 28623, 68799, 5801, 194, 13, 1070346, 54064, 1195169] 5895 [6932, 1281, 38, 4, 178443] 1174 
133 [830741, 27580, 66213, 5781, 186, 14, 1085757, 51433, 1205957] 6081 [6705, 1270, 44, 1, 181687] 1218 
134 [821792, 26445, 63629, 5743, 192, 16, 1100587, 49115, 1216110] 6273 [6432, 1273, 41, 6, 184884] 1259 
135 [813311, 25227, 60841, 5690, 193, 7, 1115132, 46926, 1225945] 6466 [6159, 1254, 45, 0, 188030] 1304 
136 [805375, 24311, 58205, 5612, 192, 14, 1128923, 44502, 1235141] 6658 [5965, 1246, 39, 4, 190968] 1343 
137 [797683, 23188, 55661, 5567, 171, 19, 1142277, 42376, 1244218] 6829 [5735, 1242, 43, 4, 193940] 1386 
138 [790434, 22167, 53102, 5482, 201, 15, 1155063, 40307, 1252736] 7030 [5609, 1231, 34, 3, 196612] 1420 
139 [783649, 21099, 50760, 5448, 150, 20, 1167301, 38143, 1260559] 7180 [5329, 1229, 33, 5, 199284] 1453 
140 [777204, 20142, 48303, 5357, 185, 16, 1179106, 36107, 1268285] 7365 [5128, 1216, 42, 2, 201961] 1495 
141 [771126, 19149, 45950, 5271, 190, 21, 1190279, 34249, 1275396] 7555 [4880, 1193, 53, 4, 204473] 1548 
142 [765474, 18360, 43769, 5206, 162, 8, 1200857, 32209, 1282230] 7717 [4739, 1181, 35, 1, 206852] 1583 
143 [759930, 17430, 41610, 5111, 194, 12, 1211092, 30504, 1288612] 7911 [4518, 1164, 46, 4, 209155] 1629 
144 [754828, 16505, 39541, 5029, 167, 18, 1220780, 28821, 1294683] 8078 [4293, 1150, 30, 5, 211372] 1659 
145 [749927, 15735, 37457, 4897, 201, 24, 1230004, 27277, 1300300] 8279 [4083, 1124, 44, 5, 213500] 1703 
146 [745311, 14974, 35370, 4797, 179, 15, 1238860, 25815, 1305770] 8458 [3926, 1116, 33, 0, 215514] 1736 
147 [741006, 14219, 33337, 4683, 171, 18, 1247240, 24468, 1310902] 8629 [3722, 1083, 42, 2, 217472] 1778 
148 [737024, 13518, 31636, 4584, 173, 22, 1255108, 22906, 1315679] 8802 [3583, 1077, 32, 4, 219231] 1810 
149 [733221, 12691, 29876, 4469, 169, 28, 1262737, 21607, 1320369] 8971 [3351, 1045, 49, 6, 221016] 1859 
150 [729756, 11903, 28303, 4348, 178, 30, 1269940, 20171, 1324753] 9149 [3138, 1023, 42, 4, 222702] 1901 
151 [726493, 11317, 26719, 4256, 158, 19, 1276671, 18818, 1328616] 9307 [2969, 1010, 35, 3, 224325] 1936 
152 [723320, 10633, 25268, 4175, 138, 25, 1283048, 17686, 1332360] 9445 [2786, 996, 29, 6, 225850] 1965 
153 [720277, 9939, 23894, 4051, 153, 34, 1289060, 16747, 1335952] 9598 [2636, 961, 45, 5, 227230] 2010 
154 [717383, 9379, 22625, 3919, 146, 44, 1294668, 15838, 1339234] 9744 [2517, 933, 37, 7, 228553] 2047 
155 [714793, 8824, 21144, 3791, 137, 35, 1300169, 14963, 1342390] 9881 [2384, 892, 38, 11, 229886] 2085 
156 [712354, 8272, 19869, 3656, 161, 29, 1305239, 14139, 1345361] 10042 [2217, 862, 37, 11, 231133] 2122 
157 [709992, 7840, 18593, 3514, 148, 37, 1310106, 13328, 1348139] 10190 [2165, 841, 29, 6, 232279] 2151 
158 [707827, 7384, 17490, 3384, 117, 60, 1314698, 12450, 1350828] 10307 [2040, 811, 29, 16, 233349] 2180 
159 [705911, 7031, 16438, 3261, 110, 59, 1319011, 11472, 1353348] 10417 [1947, 787, 26, 13, 234387] 2206 
160 [703978, 6670, 15417, 3127, 111, 60, 1323005, 10815, 1355638] 10528 [1850, 754, 26, 17, 235324] 2232 
161 [702198, 6216, 14521, 3001, 86, 64, 1326830, 10156, 1357781] 10614 [1735, 729, 21, 13, 236285] 2253 
162 [700616, 5871, 13773, 2859, 101, 75, 1330315, 9376, 1359788] 10715 [1629, 698, 24, 19, 237169] 2277 
163 [699096, 5530, 13004, 2762, 79, 66, 1333617, 8731, 1361616] 10794 [1589, 680, 22, 9, 237951] 2299 
164 [697625, 5150, 12137, 2634, 82, 78, 1336814, 8286, 1363359] 10876 [1458, 666, 14, 15, 238794] 2313 
165 [696268, 4745, 11429, 2514, 67, 93, 1339898, 7710, 1365027] 10943 [1365, 642, 11, 24, 239547] 2324 
166 [694945, 4369, 10717, 2371, 54, 109, 1342839, 7253, 1366648] 10997 [1287, 602, 15, 30, 240301] 2339 
167 [693687, 4066, 10024, 2224, 49, 117, 1345507, 6929, 1368129] 11046 [1220, 561, 14, 28, 240979] 2353 
168 [692593, 3824, 9351, 2081, 40, 127, 1348035, 6503, 1369526] 11086 [1144, 531, 9, 29, 241639] 2362 
169 [691583, 3549, 8740, 1920, 29, 157, 1350494, 6042, 1370896] 11115 [1083, 500, 5, 31, 242245] 2367 
170 [690573, 3273, 8215, 1782, 12, 147, 1352788, 5695, 1372091] 11127 [986, 469, 2, 33, 242853] 2369 
171 [689714, 3108, 7795, 1625, 10, 161, 1354829, 5231, 1373214] 11137 [966, 425, 5, 43, 243340] 2374 
172 [688873, 2967, 7258, 1490, 12, 140, 1356909, 4814, 1374380] 11149 [933, 394, 4, 34, 243859] 2378 
173 [688040, 2796, 6745, 1346, 5, 158, 1358808, 4553, 1375428] 11154 [884, 348, 1, 48, 244376] 2379 
174 [687302, 2637, 6344, 1173, 14, 169, 1360526, 4281, 1376295] 11168 [833, 312, 3, 37, 244856] 2382 
175 [686564, 2494, 5977, 1025, 6, 154, 1362203, 4009, 1377219] 11174 [787, 270, 5, 40, 245315] 2387 
176 [685888, 2313, 5546, 891, 9, 139, 1363814, 3826, 1378082] 11183 [722, 235, 2, 38, 245754] 2389 
177 [685261, 2206, 5141, 777, 6, 118, 1365296, 3612, 1378853] 11189 [706, 207, 0, 28, 246150] 2389 
178 [684639, 2038, 4820, 676, 4, 106, 1366727, 3401, 1379628] 11193 [639, 188, 1, 20, 246563] 2390 
179 [684113, 1887, 4449, 599, 5, 90, 1368075, 3189, 1380370] 11198 [592, 166, 1, 27, 246920] 2391 
180 [683646, 1792, 4198, 515, 3, 87, 1369243, 2918, 1381008] 11201 [559, 146, 0, 23, 247233] 2391 
181 [683203, 1684, 3975, 463, 2, 61, 1370326, 2685, 1381582] 11203 [520, 140, 0, 14, 247535] 2391 
182 [682723, 1548, 3724, 422, 4, 48, 1371390, 2538, 1382179] 11207 [483, 129, 2, 13, 247842] 2393 
183 [682299, 1482, 3550, 368, 3, 62, 1372289, 2340, 1382684] 11210 [473, 109, 1, 24, 248091] 2394 
184 [681922, 1396, 3323, 335, 0, 46, 1373177, 2191, 1383160] 11210 [441, 103, 0, 13, 248387] 2394 
185 [681550, 1302, 3053, 294, 1, 48, 1374046, 2096, 1383613] 11211 [418, 93, 0, 15, 248618] 2394 
186 [681206, 1222, 2844, 266, 4, 32, 1374818, 1997, 1383991] 11215 [388, 83, 2, 10, 248822] 2396 
187 [680889, 1114, 2696, 253, 1, 20, 1375578, 1834, 1384401] 11216 [355, 80, 1, 4, 249049] 2397 
188 [680579, 1048, 2510, 239, 1, 21, 1376266, 1720, 1384793] 11217 [338, 75, 0, 7, 249232] 2397 
189 [680329, 998, 2318, 212, 3, 27, 1376903, 1593, 1385129] 11220 [324, 69, 2, 5, 249424] 2399 
190 [680046, 928, 2140, 197, 1, 18, 1377546, 1504, 1385467] 11221 [288, 66, 0, 4, 249629] 2399 
191 [679798, 845, 2035, 201, 0, 11, 1378081, 1408, 1385766] 11221 [257, 70, 0, 2, 249784] 2399 
192 [679592, 814, 1924, 185, 2, 16, 1378549, 1297, 1386032] 11223 [255, 65, 1, 6, 249929] 2400 
193 [679344, 767, 1837, 171, 2, 16, 1379005, 1235, 1386273] 11225 [253, 64, 2, 2, 250061] 2402 
194 [679140, 718, 1661, 164, 1, 9, 1379493, 1189, 1386556] 11226 [242, 60, 1, 3, 250203] 2403 
195 [678962, 667, 1574, 155, 2, 9, 1379921, 1084, 1386786] 11228 [231, 59, 1, 1, 250330] 2404 
196 [678796, 634, 1478, 148, 1, 12, 1380301, 1002, 1387001] 11229 [232, 55, 0, 4, 250442] 2404 
197 [678643, 595, 1354, 141, 0, 10, 1380679, 949, 1387196] 11229 [224, 57, 0, 0, 250546] 2404 
198 [678483, 580, 1274, 135, 1, 6, 1381031, 861, 1387397] 11230 [219, 57, 0, 0, 250657] 2404 
199 [678342, 533, 1209, 121, 0, 17, 1381350, 798, 1387557] 11230 [200, 53, 0, 5, 250765] 2404 
200 [678183, 501, 1109, 117, 0, 6, 1381675, 779, 1387737] 11230 [188, 50, 0, 3, 250861] 2404 
201 [678057, 460, 1060, 112, 2, 10, 1381930, 739, 1387873] 11232 [167, 46, 1, 7, 250946] 2405 
202 [677920, 440, 954, 107, 0, 8, 1382216, 723, 1388039] 11232 [163, 44, 0, 3, 251040] 2405 
203 [677802, 417, 891, 99, 0, 9, 1382469, 681, 1388192] 11232 [142, 40, 0, 5, 251130] 2405 
204 [677705, 401, 842, 88, 1, 11, 1382683, 637, 1388304] 11233 [139, 34, 0, 6, 251194] 2405 
205 [677610, 372, 780, 82, 1, 8, 1382941, 573, 1388427] 11234 [129, 29, 1, 5, 251284] 2406 
206 [677523, 350, 723, 75, 1, 8, 1383152, 534, 1388556] 11235 [117, 27, 0, 2, 251355] 2406 
207 [677444, 341, 696, 69, 0, 7, 1383332, 476, 1388663] 11235 [113, 25, 0, 2, 251401] 2406 
208 [677359, 334, 658, 61, 1, 8, 1383501, 443, 1388751] 11236 [109, 23, 0, 2, 251455] 2406 
209 [677276, 314, 620, 59, 1, 3, 1383662, 429, 1388830] 11237 [96, 22, 0, 1, 251508] 2406 
210 [677195, 282, 586, 57, 1, 3, 1383824, 415, 1388921] 11238 [87, 21, 1, 1, 251552] 2407 
211 [677130, 251, 562, 44, 1, 13, 1383968, 393, 1388999] 11239 [80, 14, 1, 6, 251600] 2408 
212 [677071, 215, 517, 44, 0, 2, 1384139, 373, 1389084] 11239 [68, 13, 0, 2, 251654] 2408 
213 [677016, 215, 478, 44, 0, 1, 1384264, 343, 1389144] 11239 [70, 13, 0, 1, 251696] 2408 
214 [676966, 199, 440, 41, 0, 3, 1384402, 310, 1389227] 11239 [65, 13, 0, 0, 251736] 2408 
215 [676912, 189, 414, 40, 0, 2, 1384521, 283, 1389303] 11239 [60, 13, 0, 1, 251772] 2408 
216 [676856, 174, 400, 35, 0, 5, 1384617, 274, 1389342] 11239 [57, 13, 0, 0, 251797] 2408 
217 [676807, 162, 375, 33, 0, 3, 1384717, 264, 1389409] 11239 [55, 11, 0, 2, 251832] 2408 
218 [676774, 156, 351, 32, 0, 1, 1384805, 242, 1389470] 11239 [53, 11, 0, 0, 251866] 2408 
219 [676739, 148, 328, 29, 2, 3, 1384885, 227, 1389504] 11241 [47, 10, 1, 1, 251886] 2409 
220 [676706, 133, 313, 27, 0, 2, 1384972, 206, 1389555] 11241 [39, 10, 0, 0, 251913] 2409 
221 [676679, 116, 303, 22, 0, 6, 1385056, 177, 1389598] 11241 [35, 8, 0, 3, 251944] 2409 
222 [676651, 99, 287, 20, 0, 3, 1385143, 156, 1389646] 11241 [37, 7, 0, 1, 251968] 2409 
223 [676624, 98, 258, 19, 0, 1, 1385209, 150, 1389670] 11241 [40, 6, 0, 1, 251986] 2409 
224 [676601, 95, 236, 19, 0, 1, 1385269, 138, 1389701] 11241 [41, 7, 0, 0, 252010] 2409 
225 [676588, 89, 219, 18, 0, 2, 1385325, 118, 1389720] 11241 [37, 6, 0, 1, 252031] 2409 
226 [676566, 81, 203, 17, 0, 2, 1385377, 113, 1389742] 11241 [33, 6, 0, 0, 252044] 2409 
227 [676542, 75, 182, 17, 0, 1, 1385433, 109, 1389766] 11241 [32, 6, 0, 0, 252060] 2409 
228 [676519, 70, 161, 16, 0, 1, 1385487, 105, 1389789] 11241 [31, 6, 0, 0, 252081] 2409 
229 [676490, 63, 142, 14, 0, 2, 1385537, 111, 1389815] 11241 [26, 6, 0, 0, 252103] 2409 
230 [676475, 55, 130, 13, 0, 2, 1385571, 113, 1389832] 11241 [22, 5, 0, 1, 252117] 2409 
231 [676461, 50, 122, 12, 0, 1, 1385608, 105, 1389856] 11241 [17, 5, 0, 0, 252135] 2409 
232 [676451, 40, 123, 11, 0, 2, 1385641, 91, 1389870] 11241 [13, 4, 0, 1, 252145] 2409 
233 [676438, 37, 122, 11, 0, 0, 1385670, 81, 1389888] 11241 [16, 4, 0, 0, 252152] 2409 
234 [676421, 36, 123, 12, 0, 0, 1385698, 69, 1389907] 11241 [19, 4, 0, 0, 252161] 2409 
235 [676405, 36, 112, 11, 0, 1, 1385724, 70, 1389919] 11241 [17, 3, 0, 1, 252173] 2409 
236 [676392, 36, 103, 11, 0, 0, 1385748, 69, 1389934] 11241 [18, 3, 0, 0, 252179] 2409 
237 [676377, 30, 105, 12, 0, 0, 1385761, 74, 1389940] 11241 [16, 3, 0, 0, 252186] 2409 
238 [676370, 31, 95, 13, 0, 0, 1385782, 68, 1389955] 11241 [15, 4, 0, 0, 252194] 2409 
239 [676355, 36, 83, 11, 0, 2, 1385806, 66, 1389975] 11241 [16, 3, 0, 1, 252206] 2409 
240 [676346, 35, 77, 11, 0, 0, 1385831, 59, 1389995] 11241 [14, 3, 0, 0, 252217] 2409 
241 [676334, 28, 69, 10, 0, 1, 1385859, 58, 1390011] 11241 [10, 2, 0, 1, 252231] 2409 
242 [676327, 28, 70, 8, 1, 1, 1385874, 50, 1390016] 11242 [11, 2, 0, 0, 252238] 2409 
243 [676318, 27, 64, 8, 0, 0, 1385889, 52, 1390024] 11242 [9, 2, 0, 0, 252245] 2409 
244 [676310, 31, 65, 7, 0, 1, 1385899, 45, 1390027] 11242 [12, 1, 0, 1, 252247] 2409 
245 [676305, 29, 63, 6, 0, 1, 1385913, 41, 1390039] 11242 [11, 1, 0, 0, 252254] 2409 
246 [676298, 26, 61, 5, 0, 1, 1385931, 36, 1390049] 11242 [13, 1, 0, 0, 252259] 2409 
247 [676289, 25, 53, 5, 0, 0, 1385948, 38, 1390060] 11242 [12, 1, 0, 0, 252264] 2409 
248 [676285, 27, 46, 6, 0, 0, 1385961, 33, 1390066] 11242 [12, 2, 0, 0, 252271] 2409 
249 [676281, 25, 41, 6, 0, 0, 1385976, 29, 1390078] 11242 [11, 2, 0, 0, 252280] 2409 
250 [676273, 24, 40, 5, 0, 1, 1385983, 32, 1390080] 11242 [12, 2, 0, 0, 252282] 2409 
251 [676267, 21, 35, 5, 0, 0, 1385999, 31, 1390087] 11242 [11, 2, 0, 0, 252288] 2409 
252 [676258, 20, 37, 4, 0, 1, 1386007, 31, 1390095] 11242 [11, 2, 0, 0, 252289] 2409 
253 [676250, 18, 31, 4, 0, 0, 1386020, 35, 1390103] 11242 [9, 2, 0, 0, 252293] 2409 
254 [676246, 17, 29, 3, 0, 1, 1386027, 35, 1390111] 11242 [10, 2, 0, 0, 252295] 2409 
255 [676241, 17, 28, 3, 0, 0, 1386037, 32, 1390119] 11242 [9, 2, 0, 0, 252299] 2409 
256 [676234, 17, 26, 3, 0, 0, 1386045, 33, 1390123] 11242 [9, 2, 0, 0, 252302] 2409 
257 [676230, 18, 28, 3, 0, 1, 1386050, 28, 1390125] 11242 [10, 3, 0, 0, 252303] 2409 
258 [676224, 16, 31, 2, 0, 1, 1386058, 26, 1390136] 11242 [8, 2, 0, 1, 252308] 2409 
259 [676221, 16, 26, 2, 0, 0, 1386068, 25, 1390140] 11242 [8, 2, 0, 0, 252312] 2409 
260 [676217, 14, 29, 2, 0, 0, 1386072, 24, 1390143] 11242 [7, 2, 0, 0, 252314] 2409 
261 [676214, 13, 33, 2, 0, 0, 1386076, 20, 1390149] 11242 [7, 2, 0, 0, 252315] 2409 
262 [676207, 8, 33, 3, 0, 0, 1386084, 23, 1390153] 11242 [5, 3, 0, 0, 252318] 2409 
263 [676202, 7, 35, 3, 0, 0, 1386089, 22, 1390156] 11242 [5, 3, 0, 0, 252321] 2409 
264 [676198, 7, 30, 3, 0, 0, 1386097, 23, 1390161] 11242 [3, 3, 0, 0, 252324] 2409 
265 [676194, 7, 26, 3, 0, 0, 1386105, 23, 1390168] 11242 [3, 3, 0, 0, 252325] 2409 
266 [676188, 5, 27, 3, 0, 0, 1386109, 26, 1390169] 11242 [3, 3, 0, 0, 252327] 2409 
267 [676188, 7, 27, 3, 0, 0, 1386114, 19, 1390175] 11242 [3, 3, 0, 0, 252332] 2409 
268 [676185, 10, 22, 2, 0, 1, 1386121, 17, 1390178] 11242 [5, 2, 0, 1, 252336] 2409 
269 [676184, 12, 20, 2, 0, 0, 1386126, 14, 1390182] 11242 [6, 2, 0, 0, 252339] 2409 
270 [676182, 11, 19, 2, 0, 0, 1386132, 12, 1390186] 11242 [5, 2, 0, 0, 252342] 2409 
271 [676180, 10, 23, 2, 0, 0, 1386135, 8, 1390187] 11242 [6, 2, 0, 0, 252342] 2409 
272 [676179, 9, 19, 3, 0, 0, 1386139, 9, 1390188] 11242 [6, 2, 0, 0, 252344] 2409 
273 [676179, 10, 18, 3, 0, 0, 1386142, 6, 1390191] 11242 [6, 2, 0, 0, 252345] 2409 
274 [676177, 7, 15, 3, 0, 0, 1386149, 7, 1390192] 11242 [5, 2, 0, 0, 252347] 2409 
275 [676177, 3, 16, 3, 0, 0, 1386154, 5, 1390193] 11242 [2, 2, 0, 0, 252350] 2409 
276 [676176, 2, 16, 3, 0, 0, 1386157, 4, 1390194] 11242 [1, 2, 0, 0, 252351] 2409 
277 [676173, 2, 13, 2, 0, 1, 1386161, 6, 1390196] 11242 [1, 1, 0, 1, 252352] 2409 
278 [676172, 1, 8, 2, 0, 0, 1386168, 7, 1390198] 11242 [0, 1, 0, 0, 252356] 2409 
279 [676170, 2, 9, 2, 0, 0, 1386168, 7, 1390198] 11242 [1, 1, 0, 0, 252356] 2409 
280 [676169, 1, 7, 2, 0, 0, 1386171, 8, 1390200] 11242 [1, 1, 0, 0, 252357] 2409 
281 [676169, 1, 7, 2, 0, 0, 1386172, 7, 1390200] 11242 [1, 1, 0, 0, 252357] 2409 
282 [676166, 2, 7, 1, 0, 1, 1386174, 7, 1390201] 11242 [1, 0, 0, 1, 252357] 2409 
283 [676166, 2, 6, 1, 0, 0, 1386177, 6, 1390202] 11242 [1, 0, 0, 0, 252358] 2409 
284 [676166, 3, 6, 1, 0, 0, 1386178, 4, 1390204] 11242 [1, 0, 0, 0, 252358] 2409 
285 [676166, 3, 7, 0, 1, 0, 1386178, 3, 1390204] 11243 [1, 0, 0, 0, 252358] 2409 
286 [676166, 2, 6, 0, 0, 0, 1386180, 3, 1390206] 11243 [0, 0, 0, 0, 252359] 2409 
287 [676166, 1, 9, 1, 0, 0, 1386180, 0, 1390206] 11243 [0, 0, 0, 0, 252359] 2409 
288 [676166, 1, 8, 1, 0, 0, 1386181, 0, 1390206] 11243 [0, 0, 0, 0, 252360] 2409 
289 [676164, 1, 6, 1, 0, 0, 1386183, 2, 1390206] 11243 [0, 0, 0, 0, 252361] 2409 
290 [676164, 1, 5, 1, 0, 0, 1386184, 2, 1390206] 11243 [0, 0, 0, 0, 252362] 2409 
291 [676163, 0, 4, 1, 0, 0, 1386186, 3, 1390207] 11243 [0, 0, 0, 0, 252362] 2409 
292 [676162, 0, 3, 1, 0, 0, 1386187, 4, 1390207] 11243 [0, 0, 0, 0, 252363] 2409 
293 [676162, 0, 3, 1, 0, 0, 1386187, 4, 1390207] 11243 [0, 0, 0, 0, 252363] 2409 
294 [676161, 0, 2, 1, 0, 0, 1386190, 3, 1390211] 11243 [0, 0, 0, 0, 252363] 2409 
295 [676160, 0, 2, 1, 0, 0, 1386190, 4, 1390211] 11243 [0, 0, 0, 0, 252363] 2409 
296 [676159, 0, 3, 1, 0, 0, 1386190, 4, 1390211] 11243 [0, 0, 0, 0, 252363] 2409 
297 [676158, 0, 4, 1, 0, 0, 1386190, 4, 1390211] 11243 [0, 0, 0, 0, 252363] 2409 
298 [676158, 0, 4, 1, 0, 0, 1386190, 4, 1390211] 11243 [0, 0, 0, 0, 252363] 2409 
299 [676158, 1, 4, 1, 0, 0, 1386190, 3, 1390211] 11243 [0, 0, 0, 0, 252363] 2409 
300 [676158, 1, 5, 1, 0, 0, 1386190, 2, 1390211] 11243 [0, 0, 0, 0, 252363] 2409 
301 [676158, 2, 3, 1, 0, 0, 1386192, 1, 1390214] 11243 [0, 0, 0, 0, 252363] 2409 
302 [676158, 2, 4, 1, 0, 0, 1386192, 0, 1390214] 11243 [0, 0, 0, 0, 252363] 2409 
303 [676158, 2, 3, 1, 0, 0, 1386193, 0, 1390214] 11243 [0, 0, 0, 0, 252363] 2409 
304 [676158, 2, 2, 1, 0, 0, 1386194, 0, 1390214] 11243 [0, 0, 0, 0, 252363] 2409 
305 [676158, 2, 2, 1, 0, 0, 1386194, 0, 1390214] 11243 [0, 0, 0, 0, 252363] 2409 
306 [676158, 1, 2, 1, 0, 0, 1386195, 0, 1390214] 11243 [0, 0, 0, 0, 252363] 2409 
307 [676158, 1, 1, 1, 0, 0, 1386196, 0, 1390214] 11243 [0, 0, 0, 0, 252363] 2409 
308 [676158, 0, 1, 0, 0, 1, 1386197, 0, 1390214] 11243 [0, 0, 0, 0, 252363] 2409 
309 [676158, 0, 0, 0, 0, 0, 1386199, 0, 1390214] 11243 [0, 0, 0, 0, 252363] 2409 
[676158, 0, 0, 0, 0, 0, 1386199, 0, 1390214] 0.6684987461419754 11243
867970 978151
