1.09 1.8 1500 207360 8 2073 960 192 0.9 0.9 0.9 0 120 False 0.7 5 7 7 0.03214285714285715 0.0071428571428571435 20 0.0025 1 False True 100000 0.05
hold_n 0
1 [2072100, 416, 1084, 0, 0, 0, 0, 0, 0] 0 [17, 0, 0, 0, 0] 0 
hold_n 44
2 [2071744, 408, 1084, 8, 0, 0, 0, 356, 0] 0 [17, 0, 0, 0, 0] 0 
hold_n 80
3 [2071380, 406, 1084, 10, 0, 0, 0, 720, 0] 0 [17, 0, 0, 0, 0] 0 
hold_n 126
4 [2071027, 401, 1084, 15, 0, 0, 0, 1073, 0] 0 [17, 0, 0, 0, 0] 0 
hold_n 177
5 [2070710, 397, 1084, 18, 1, 0, 0, 1390, 0] 1 [17, 0, 0, 0, 0] 0 
hold_n 219
6 [2070408, 394, 1084, 21, 0, 0, 0, 1692, 0] 1 [17, 0, 0, 0, 0] 0 
hold_n 269
7 [2070133, 517, 1316, 22, 0, 0, 0, 1611, 0] 1 [22, 0, 0, 0, 0] 0 
hold_n 315
8 [2069762, 237, 483, 22, 0, 0, 1477, 1618, 2224] 1 [10, 0, 0, 0, 17] 0 
hold_n 28
9 [2069585, 337, 735, 21, 2, 0, 1477, 1442, 2224] 3 [17, 0, 0, 0, 17] 0 
hold_n 63
10 [2069336, 433, 951, 26, 0, 0, 1477, 1374, 2224] 3 [23, 0, 0, 0, 17] 0 
hold_n 91
11 [2069035, 523, 1160, 28, 1, 0, 1477, 1373, 2224] 4 [31, 0, 0, 0, 17] 0 
hold_n 144
12 [2068663, 600, 1349, 37, 0, 0, 1477, 1470, 2224] 4 [38, 0, 0, 0, 17] 0 
hold_n 205
13 [2068262, 708, 1607, 42, 0, 0, 1477, 1500, 2224] 4 [44, 0, 0, 0, 17] 0 
hold_n 264
14 [2067777, 639, 1496, 47, 1, 0, 1828, 1808, 2746] 5 [40, 0, 0, 0, 25] 0 
hold_n 271
15 [2067306, 613, 1410, 52, 0, 0, 2184, 2030, 3260] 5 [44, 0, 0, 0, 31] 0 
hold_n 251
16 [2066889, 607, 1368, 56, 0, 0, 2529, 2146, 3791] 5 [43, 0, 0, 0, 41] 0 
hold_n 244
17 [2066487, 626, 1407, 59, 0, 0, 2840, 2176, 4259] 5 [51, 0, 0, 0, 52] 0 
hold_n 236
18 [2066036, 651, 1483, 62, 0, 0, 3137, 2226, 4665] 5 [48, 0, 0, 0, 63] 0 
hold_n 244
19 [2065564, 711, 1631, 66, 0, 0, 3410, 2213, 5071] 5 [55, 0, 0, 0, 72] 0 
hold_n 250
20 [2065046, 749, 1694, 66, 2, 0, 3778, 2260, 5644] 7 [60, 0, 0, 0, 80] 0 
hold_n 248
21 [2064498, 812, 1864, 73, 0, 0, 3955, 2391, 5939] 7 [71, 1, 0, 0, 82] 0 
hold_n 289
22 [2063947, 855, 1978, 73, 2, 0, 4198, 2540, 6319] 9 [69, 1, 0, 0, 98] 0 
hold_n 339
23 [2063300, 886, 2094, 70, 1, 8, 4496, 2736, 6739] 10 [69, 1, 0, 0, 108] 0 
hold_n 360
24 [2062697, 905, 2177, 72, 0, 3, 4869, 2867, 7316] 10 [63, 1, 0, 0, 127] 0 
hold_n 377
25 [2062065, 944, 2258, 73, 0, 3, 5266, 2981, 7882] 10 [72, 2, 0, 0, 140] 0 
hold_n 403
26 [2061406, 960, 2305, 77, 1, 1, 5748, 3092, 8553] 11 [77, 4, 0, 0, 167] 0 
hold_n 380
27 [2060718, 984, 2362, 81, 0, 1, 6214, 3229, 9289] 11 [92, 4, 0, 0, 187] 0 
hold_n 382
28 [2059921, 1048, 2527, 84, 0, 0, 6630, 3379, 9891] 11 [100, 4, 0, 0, 211] 0 
hold_n 412
29 [2059187, 1109, 2664, 87, 0, 1, 7031, 3510, 10485] 11 [108, 4, 0, 0, 231] 0 
hold_n 451
30 [2058361, 1157, 2796, 88, 1, 4, 7478, 3704, 11158] 12 [125, 4, 0, 0, 252] 0 
hold_n 489
31 [2057538, 1234, 2900, 94, 0, 3, 7951, 3868, 11850] 12 [137, 7, 0, 0, 270] 0 
hold_n 511
32 [2056730, 1274, 3029, 95, 0, 8, 8464, 3988, 12626] 12 [143, 8, 0, 0, 302] 0 
hold_n 544
33 [2055846, 1343, 3204, 99, 2, 5, 9014, 4075, 13433] 14 [140, 9, 0, 0, 341] 0 
hold_n 565
34 [2054920, 1373, 3354, 101, 0, 5, 9566, 4267, 14207] 14 [127, 10, 0, 0, 387] 0 
hold_n 576
35 [2053919, 1427, 3482, 98, 2, 5, 10211, 4442, 15102] 16 [131, 11, 0, 0, 428] 0 
hold_n 601
36 [2052870, 1505, 3624, 100, 2, 4, 10811, 4668, 15937] 18 [153, 10, 1, 0, 467] 1 
hold_n 641
37 [2051796, 1580, 3730, 104, 0, 2, 11436, 4934, 16837] 18 [156, 11, 0, 0, 508] 1 
hold_n 681
38 [2050698, 1622, 3916, 105, 1, 2, 12090, 5148, 17807] 19 [166, 12, 0, 0, 551] 1 
hold_n 694
39 [2049540, 1740, 4031, 111, 1, 4, 12774, 5380, 18798] 20 [181, 12, 0, 0, 602] 1 
hold_n 714
40 [2048361, 1791, 4174, 124, 1, 2, 13569, 5558, 19950] 21 [183, 14, 0, 0, 654] 1 
hold_n 723
41 [2047102, 1886, 4393, 130, 0, 6, 14294, 5768, 20972] 21 [208, 13, 0, 1, 691] 1 
hold_n 715
42 [2045830, 1965, 4560, 138, 1, 2, 15117, 5966, 22155] 22 [220, 16, 0, 0, 751] 1 
hold_n 746
43 [2044484, 2005, 4785, 146, 2, 6, 15936, 6214, 23341] 24 [231, 15, 1, 0, 834] 2 
hold_n 826
44 [2043036, 2095, 5040, 155, 3, 5, 16738, 6504, 24433] 27 [246, 18, 0, 0, 901] 2 
hold_n 864
45 [2041511, 2190, 5229, 170, 1, 4, 17618, 6850, 25687] 28 [246, 22, 0, 1, 966] 2 
hold_n 893
46 [2039999, 2266, 5494, 180, 0, 5, 18525, 7103, 27069] 28 [261, 21, 0, 2, 1040] 2 
hold_n 939
47 [2038379, 2344, 5685, 191, 1, 4, 19517, 7451, 28578] 29 [293, 22, 0, 0, 1109] 2 
hold_n 969
48 [2036687, 2430, 5886, 209, 2, 3, 20557, 7797, 30024] 31 [296, 23, 0, 0, 1194] 2 
hold_n 958
49 [2034888, 2527, 6173, 215, 3, 3, 21612, 8148, 31583] 34 [325, 23, 0, 0, 1291] 2 
hold_n 974
50 [2033023, 2631, 6491, 230, 2, 4, 22697, 8488, 33160] 36 [328, 25, 0, 0, 1390] 2 
hold_n 1029
51 [2031106, 2722, 6748, 238, 2, 9, 23846, 8893, 34839] 38 [345, 25, 0, 3, 1484] 2 
hold_n 1101
52 [2029137, 2877, 7047, 237, 2, 8, 25012, 9242, 36535] 40 [383, 25, 0, 1, 1587] 2 
hold_n 1149
53 [2027084, 3002, 7362, 240, 2, 8, 26259, 9603, 38372] 42 [405, 25, 0, 0, 1700] 2 
hold_n 1170
54 [2024929, 3124, 7748, 263, 2, 7, 27526, 9959, 40175] 44 [415, 30, 0, 1, 1827] 2 
hold_n 1259
55 [2022588, 3260, 8132, 274, 2, 3, 28862, 10435, 42163] 46 [462, 31, 0, 1, 1942] 2 
hold_n 1358
56 [2020174, 3393, 8462, 285, 3, 7, 30298, 10932, 44296] 49 [484, 31, 1, 0, 2097] 3 
hold_n 1420
57 [2017651, 3558, 8745, 296, 2, 4, 31809, 11486, 46460] 51 [514, 34, 0, 0, 2226] 3 
hold_n 1430
58 [2015195, 3720, 9119, 314, 3, 3, 33306, 11889, 48621] 54 [544, 37, 0, 0, 2372] 3 
hold_n 1497
59 [2012529, 3894, 9475, 323, 3, 8, 34914, 12400, 50932] 57 [567, 39, 1, 0, 2545] 4 
hold_n 1555
60 [2009824, 4037, 9979, 335, 1, 12, 36591, 12764, 53396] 58 [592, 39, 0, 2, 2726] 4 
hold_n 1620
61 [2006846, 4207, 10428, 344, 2, 11, 38376, 13328, 56004] 60 [616, 43, 0, 0, 2910] 4 
hold_n 1694
62 [2003765, 4384, 10912, 355, 1, 8, 40229, 13886, 58619] 61 [651, 43, 0, 3, 3101] 4 
hold_n 1771
63 [2000579, 4535, 11293, 366, 4, 15, 42131, 14616, 61372] 65 [669, 46, 0, 0, 3312] 4 
hold_n 1850
64 [1997477, 4754, 11774, 373, 2, 12, 44091, 15052, 64200] 67 [716, 45, 0, 3, 3512] 4 
hold_n 1922
65 [1993966, 4990, 12183, 387, 0, 16, 46133, 15858, 67144] 67 [746, 46, 0, 5, 3743] 4 
hold_n 1974
66 [1990511, 5208, 12771, 406, 1, 15, 48286, 16335, 70293] 68 [783, 50, 0, 1, 4008] 4 
hold_n 2109
67 [1986850, 5514, 13209, 417, 3, 13, 50611, 16915, 73666] 71 [822, 54, 1, 1, 4276] 5 
hold_n 2156
68 [1982910, 5799, 13699, 419, 6, 21, 53006, 17669, 76953] 77 [897, 59, 0, 1, 4544] 5 
hold_n 2213
69 [1978930, 6032, 14037, 442, 6, 11, 55518, 18547, 80371] 83 [933, 64, 0, 0, 4858] 5 
hold_n 2269
70 [1974817, 6398, 14712, 460, 3, 17, 57961, 19149, 83875] 86 [1013, 66, 1, 2, 5160] 6 
hold_n 2419
71 [1970534, 6599, 15291, 479, 5, 19, 60610, 19977, 87682] 91 [1040, 69, 1, 3, 5499] 7 
hold_n 2498
72 [1966083, 6821, 16004, 512, 4, 7, 63311, 20767, 91443] 95 [1092, 72, 0, 1, 5832] 7 
hold_n 2609
73 [1961362, 7053, 16720, 544, 2, 10, 66266, 21548, 95670] 97 [1133, 78, 1, 0, 6205] 8 
hold_n 2764
74 [1956635, 7266, 17406, 560, 1, 28, 69312, 22295, 100113] 98 [1219, 83, 0, 4, 6559] 8 
hold_n 2815
75 [1951770, 7500, 18102, 585, 1, 16, 72481, 23047, 104519] 99 [1265, 89, 0, 2, 6965] 8 
hold_n 2949
76 [1946530, 7780, 19006, 605, 2, 19, 75555, 24004, 108806] 101 [1306, 98, 0, 1, 7376] 8 
hold_n 3124
77 [1941166, 8010, 19712, 642, 3, 16, 79033, 24917, 113778] 104 [1337, 106, 0, 3, 7852] 8 
hold_n 3242
78 [1935684, 8428, 20557, 662, 10, 20, 82457, 25678, 118559] 114 [1480, 109, 1, 3, 8305] 9 
hold_n 3408
79 [1929941, 8782, 21247, 693, 8, 18, 86103, 26694, 123584] 122 [1545, 116, 0, 3, 8797] 9 
hold_n 3522
80 [1923879, 9041, 21895, 747, 0, 22, 90003, 27891, 128910] 122 [1618, 128, 0, 2, 9291] 9 
hold_n 3602
81 [1917575, 9395, 22795, 777, 4, 16, 93961, 28955, 134389] 126 [1699, 130, 3, 3, 9846] 12 
hold_n 3717
82 [1911144, 9800, 23633, 816, 5, 18, 98036, 30022, 140004] 131 [1773, 134, 1, 3, 10408] 13 
hold_n 3882
83 [1904572, 10202, 24403, 863, 4, 25, 102288, 31112, 145826] 135 [1871, 145, 1, 2, 11004] 14 
hold_n 4059
84 [1897844, 10632, 25260, 892, 12, 19, 106709, 32097, 151942] 147 [1979, 153, 2, 2, 11617] 16 
hold_n 4165
85 [1890790, 11031, 26198, 928, 5, 29, 111383, 33089, 158578] 152 [2027, 158, 1, 6, 12347] 17 
hold_n 4381
86 [1883508, 11452, 27371, 946, 6, 32, 116066, 34067, 165119] 158 [2162, 162, 3, 4, 13034] 20 
hold_n 4558
87 [1876057, 11986, 28409, 980, 5, 20, 120898, 35087, 171683] 163 [2291, 167, 0, 4, 13746] 20 
hold_n 4690
88 [1868162, 12413, 29314, 1019, 2, 26, 126091, 36410, 178719] 165 [2353, 174, 1, 6, 14528] 21 
hold_n 4818
89 [1860080, 12804, 30272, 1055, 9, 34, 131417, 37764, 185880] 174 [2447, 174, 2, 5, 15343] 23 
hold_n 4932
90 [1851788, 13275, 31356, 1099, 5, 35, 136866, 39002, 193264] 179 [2578, 184, 1, 5, 16172] 24 
hold_n 5138
91 [1843355, 13676, 32484, 1137, 7, 38, 142571, 40153, 200924] 186 [2686, 194, 2, 7, 17057] 26 
hold_n 5331
92 [1834645, 14090, 33465, 1165, 5, 39, 148593, 41412, 209028] 191 [2763, 209, 0, 4, 17991] 26 
hold_n 5522
93 [1825829, 14508, 34625, 1205, 7, 40, 154862, 42333, 217310] 198 [2857, 214, 3, 6, 19014] 29 
hold_n 5679
94 [1816588, 14915, 35855, 1246, 13, 36, 161257, 43492, 225874] 211 [2963, 224, 3, 7, 20077] 32 
hold_n 5830
95 [1806927, 15496, 36984, 1292, 5, 37, 167787, 44861, 234484] 216 [3099, 233, 0, 7, 21128] 32 
hold_n 6090
96 [1797141, 16012, 38176, 1332, 8, 36, 174465, 46214, 243307] 224 [3219, 238, 0, 8, 22269] 32 
hold_n 6254
97 [1787099, 16463, 39378, 1374, 5, 47, 181464, 47546, 252325] 229 [3325, 247, 3, 9, 23449] 35 
hold_n 6508
98 [1777012, 16956, 40405, 1412, 13, 43, 188713, 48817, 261882] 242 [3405, 254, 3, 5, 24638] 38 
hold_n 6728
99 [1766420, 17442, 41708, 1437, 11, 48, 196124, 50168, 271424] 253 [3560, 255, 3, 9, 25903] 41 
hold_n 6994
100 [1755864, 18042, 42863, 1451, 5, 67, 203992, 51063, 281434] 258 [3697, 257, 2, 12, 27238] 43 
hold_n 7165
101 [1744789, 18535, 44061, 1504, 14, 44, 212043, 52352, 291709] 272 [3844, 272, 1, 8, 28638] 44 
hold_n 7385
102 [1733728, 18978, 45344, 1559, 11, 53, 220284, 53371, 302080] 283 [4022, 286, 5, 5, 30079] 49 
hold_n 7527
103 [1722255, 19501, 46490, 1563, 9, 70, 228672, 54757, 312754] 292 [4147, 294, 2, 11, 31571] 51 
hold_n 7738
104 [1710436, 20005, 47846, 1614, 14, 55, 237354, 55984, 323415] 306 [4285, 309, 1, 11, 33142] 52 
hold_n 7976
105 [1698603, 20480, 49081, 1661, 14, 63, 246131, 57261, 334370] 320 [4453, 324, 3, 8, 34679] 55 
hold_n 8262
106 [1686373, 21042, 50320, 1733, 12, 52, 255332, 58416, 345698] 332 [4615, 341, 2, 11, 36353] 57 
hold_n 8460
107 [1673939, 21379, 51370, 1797, 13, 54, 264927, 59789, 357613] 345 [4673, 362, 2, 9, 38143] 59 
hold_n 8651
108 [1661386, 21920, 52496, 1861, 13, 59, 274651, 60869, 369464] 358 [4796, 374, 3, 12, 39925] 62 
hold_n 8928
109 [1648814, 22406, 53764, 1920, 15, 66, 284635, 61622, 381645] 373 [4881, 392, 3, 5, 41764] 65 
hold_n 9072
110 [1636054, 22877, 55045, 1975, 8, 74, 294645, 62549, 393517] 381 [5078, 410, 0, 11, 43613] 65 
hold_n 9375
111 [1622930, 23359, 56201, 2030, 11, 74, 305171, 63443, 406156] 392 [5178, 425, 2, 17, 45635] 67 
hold_n 9400
112 [1609653, 23899, 57522, 2112, 10, 62, 315664, 64286, 418492] 402 [5322, 448, 1, 17, 47603] 68 
hold_n 9699
113 [1596254, 24376, 58495, 2177, 14, 74, 326676, 65132, 431504] 416 [5469, 478, 1, 13, 49741] 69 
hold_n 9903
114 [1582701, 24934, 59476, 2221, 13, 76, 337650, 66113, 444279] 429 [5683, 493, 4, 18, 51799] 73 
hold_n 10052
115 [1569082, 25383, 60291, 2297, 14, 70, 349062, 66972, 457511] 443 [5808, 521, 6, 13, 54018] 79 
hold_n 10338
116 [1555512, 25796, 61151, 2379, 28, 65, 360808, 67418, 470935] 471 [5935, 545, 6, 9, 56241] 85 
hold_n 10422
117 [1541765, 26208, 62178, 2430, 33, 78, 372549, 67888, 484250] 504 [6028, 563, 5, 16, 58547] 90 
hold_n 10590
118 [1527942, 26764, 62771, 2484, 33, 66, 384724, 68312, 498019] 537 [6234, 580, 10, 10, 60937] 100 
hold_n 10689
119 [1513944, 27161, 63512, 2554, 41, 57, 397037, 68757, 511809] 578 [6419, 592, 11, 10, 63359] 111 
hold_n 10769
120 [1500053, 27351, 64356, 2645, 32, 58, 409498, 69029, 525647] 610 [6515, 612, 9, 9, 65933] 120 
hold_n 10891
121 [1485922, 27653, 65060, 2689, 51, 63, 421962, 69590, 539287] 661 [6620, 624, 12, 11, 68462] 132 
hold_n 11017
122 [1471837, 27783, 65924, 2729, 55, 71, 434612, 69928, 553080] 716 [6679, 626, 16, 20, 71029] 148 
hold_n 11173
123 [1457698, 27992, 66426, 2788, 50, 65, 447621, 70244, 567091] 766 [6758, 645, 7, 16, 73760] 155 
hold_n 11316
124 [1443686, 28152, 66962, 2841, 63, 53, 460819, 70258, 581069] 829 [6823, 660, 15, 8, 76452] 170 
hold_n 11361
125 [1429611, 28135, 67483, 2871, 61, 66, 474102, 70442, 595275] 890 [6855, 666, 17, 18, 79236] 187 
hold_n 11436
126 [1415675, 28219, 67985, 2910, 56, 51, 487567, 70247, 609387] 946 [6884, 678, 14, 10, 82022] 201 
hold_n 11600
127 [1401817, 28350, 68301, 2991, 44, 63, 501068, 70020, 623457] 990 [6958, 706, 4, 11, 84998] 205 
hold_n 11681
128 [1388021, 28523, 68709, 3007, 78, 73, 514522, 69677, 637390] 1068 [7071, 708, 19, 17, 87908] 224 
hold_n 11899
129 [1374304, 28566, 68901, 3052, 79, 65, 528183, 69382, 650941] 1147 [7113, 717, 20, 19, 90829] 244 
hold_n 11986
130 [1360530, 28615, 69097, 3107, 60, 58, 541905, 69081, 664838] 1207 [7224, 738, 14, 11, 93736] 258 
hold_n 11935
131 [1346812, 28595, 69037, 3171, 57, 64, 555794, 68863, 678876] 1264 [7248, 762, 10, 9, 96833] 268 
hold_n 11932
132 [1333377, 28522, 69050, 3234, 72, 51, 569590, 68440, 692434] 1336 [7302, 785, 24, 11, 99895] 292 
hold_n 11990
133 [1320095, 28489, 68774, 3296, 78, 43, 583563, 67926, 706026] 1414 [7322, 792, 21, 8, 102944] 313 
hold_n 11952
134 [1306977, 28429, 68459, 3337, 90, 51, 597516, 67327, 719720] 1504 [7357, 802, 24, 11, 106064] 337 
hold_n 11879
135 [1294063, 28420, 68136, 3355, 90, 63, 611502, 66467, 733259] 1594 [7378, 796, 32, 13, 109186] 369 
hold_n 11667
136 [1281056, 28441, 67798, 3402, 92, 57, 625404, 65756, 746698] 1686 [7456, 813, 20, 12, 112254] 389 
hold_n 11625
137 [1268402, 28223, 67408, 3459, 83, 38, 639326, 64975, 759935] 1769 [7413, 813, 27, 6, 115440] 416 
hold_n 11602
138 [1256027, 28074, 66886, 3489, 100, 48, 653139, 64068, 772789] 1869 [7404, 816, 26, 15, 118567] 442 
hold_n 11526
139 [1243566, 27956, 66260, 3510, 101, 42, 666885, 63411, 785610] 1970 [7392, 818, 36, 9, 121794] 478 
hold_n 11484
140 [1231587, 27727, 65632, 3535, 97, 44, 680532, 62476, 798226] 2067 [7402, 842, 25, 9, 124885] 503 
hold_n 11417
141 [1219746, 27530, 65126, 3581, 95, 40, 694105, 61310, 810527] 2162 [7294, 860, 15, 10, 128094] 518 
hold_n 11407
142 [1208121, 27137, 64396, 3601, 113, 47, 707742, 60281, 822913] 2275 [7231, 865, 25, 12, 131258] 543 
hold_n 11423
143 [1196645, 26697, 63474, 3636, 96, 45, 721350, 59382, 835035] 2371 [7127, 888, 18, 6, 134543] 561 
hold_n 11184
144 [1185867, 26536, 62704, 3648, 93, 40, 734642, 57699, 846862] 2464 [7153, 892, 22, 14, 137651] 583 
hold_n 11057
145 [1175162, 26207, 61743, 3657, 107, 42, 747793, 56425, 858361] 2571 [7117, 895, 26, 10, 140745] 609 
hold_n 10796
146 [1164522, 25789, 60904, 3682, 93, 39, 760776, 55224, 869692] 2664 [6976, 906, 20, 12, 143896] 629 
hold_n 10780
147 [1154347, 25421, 59979, 3706, 105, 42, 773562, 53774, 880652] 2769 [6869, 897, 29, 9, 147054] 658 
hold_n 10651
148 [1144372, 24877, 58970, 3739, 103, 32, 786465, 52273, 891686] 2872 [6793, 906, 37, 8, 150150] 695 
hold_n 10366
149 [1134496, 24313, 57677, 3721, 116, 49, 798985, 51371, 902267] 2988 [6651, 922, 26, 8, 153232] 721 
hold_n 10226
150 [1125045, 23766, 56547, 3735, 92, 44, 811266, 50117, 912299] 3080 [6569, 942, 20, 11, 156226] 741 
hold_n 10002
151 [1115835, 23288, 55231, 3713, 121, 40, 823605, 48687, 922610] 3201 [6486, 949, 31, 6, 159330] 772 
hold_n 9717
152 [1106759, 22632, 54098, 3716, 101, 38, 835467, 47588, 932298] 3302 [6290, 970, 11, 9, 162283] 783 
hold_n 9463
153 [1098317, 22111, 52780, 3725, 94, 29, 847187, 46055, 941608] 3396 [6203, 976, 25, 5, 165132] 808 
hold_n 9211
154 [1090018, 21589, 51562, 3728, 95, 45, 858689, 44478, 950888] 3491 [6129, 974, 26, 11, 168045] 834 
hold_n 8938
155 [1081875, 21035, 50098, 3726, 103, 32, 870070, 43170, 960022] 3594 [6014, 975, 28, 10, 170875] 862 
hold_n 8779
156 [1073945, 20574, 48982, 3708, 109, 45, 880753, 41890, 968505] 3703 [5934, 976, 30, 8, 173613] 892 
hold_n 8647
157 [1066420, 20113, 47832, 3668, 120, 41, 891364, 40339, 976976] 3823 [5792, 961, 31, 11, 176364] 923 
hold_n 8487
158 [1059187, 19417, 46382, 3625, 103, 35, 901898, 39130, 985154] 3926 [5610, 945, 27, 7, 179101] 950 
hold_n 8232
159 [1052085, 18972, 44968, 3585, 105, 47, 911979, 37933, 992812] 4031 [5574, 937, 28, 14, 181686] 978 
hold_n 7954
160 [1045179, 18427, 43689, 3533, 122, 51, 921872, 36696, 1000348] 4153 [5434, 926, 27, 15, 184298] 1005 
hold_n 7760
161 [1038628, 17792, 42376, 3471, 117, 51, 931695, 35317, 1007982] 4270 [5251, 916, 31, 14, 186858] 1036 
hold_n 7551
162 [1032327, 17197, 41049, 3407, 110, 58, 941089, 34093, 1015125] 4380 [5091, 899, 35, 10, 189252] 1071 
hold_n 7292
163 [1026156, 16605, 39679, 3336, 119, 53, 950241, 33031, 1022029] 4499 [4948, 884, 32, 14, 191665] 1103 
hold_n 7017
164 [1020314, 15959, 38345, 3292, 104, 58, 959258, 31771, 1028653] 4603 [4813, 882, 24, 12, 194038] 1127 
hold_n 6725
165 [1014768, 15559, 37234, 3230, 80, 74, 967641, 30411, 1034744] 4683 [4695, 873, 18, 16, 196242] 1145 
hold_n 6567
166 [1009274, 15002, 36040, 3196, 89, 45, 975917, 29354, 1040920] 4772 [4533, 873, 20, 8, 198488] 1165 
hold_n 6367
167 [1004021, 14417, 34814, 3118, 83, 64, 984005, 28306, 1046835] 4855 [4364, 851, 27, 16, 200618] 1192 
hold_n 6098
168 [999083, 13976, 33534, 3071, 72, 50, 991886, 27073, 1052523] 4927 [4230, 848, 21, 11, 202766] 1213 
hold_n 5893
169 [994296, 13512, 32313, 2999, 91, 63, 999381, 26018, 1057949] 5018 [4099, 836, 29, 14, 204796] 1242 
hold_n 5761
170 [989647, 12966, 31176, 2918, 95, 74, 1006585, 25121, 1063050] 5113 [3938, 816, 32, 23, 206701] 1274 
hold_n 5587
171 [985242, 12582, 29953, 2840, 85, 64, 1013689, 24032, 1068207] 5198 [3812, 798, 20, 19, 208635] 1294 
hold_n 5371
172 [980896, 12022, 28868, 2777, 68, 64, 1020582, 23125, 1073051] 5266 [3647, 776, 16, 20, 210522] 1310 
hold_n 5125
173 [976844, 11585, 27695, 2705, 78, 71, 1027117, 22239, 1077660] 5344 [3531, 766, 20, 10, 212338] 1330 
hold_n 4930
174 [973012, 11163, 26608, 2628, 61, 81, 1033419, 21284, 1082020] 5405 [3437, 739, 25, 18, 214070] 1355 
hold_n 4732
175 [969223, 10684, 25567, 2572, 62, 66, 1039597, 20424, 1086454] 5467 [3306, 720, 18, 17, 215796] 1373 
hold_n 4552
176 [965678, 10174, 24654, 2490, 54, 93, 1045426, 19564, 1090560] 5521 [3145, 687, 18, 26, 217441] 1391 
hold_n 4387
177 [962324, 9857, 23769, 2402, 56, 93, 1051006, 18572, 1094436] 5577 [3055, 665, 17, 24, 219019] 1408 
hold_n 4237
178 [959086, 9434, 22784, 2288, 59, 115, 1056499, 17758, 1098271] 5636 [2926, 636, 20, 29, 220565] 1428 
hold_n 4053
179 [955926, 9040, 21759, 2214, 33, 105, 1061801, 17086, 1102013] 5669 [2784, 626, 8, 25, 222116] 1436 
hold_n 3928
180 [953019, 8690, 20962, 2135, 29, 111, 1066781, 16204, 1105381] 5698 [2662, 608, 9, 33, 223565] 1445 
hold_n 3786
181 [950205, 8305, 20104, 2055, 31, 107, 1071622, 15473, 1108622] 5729 [2551, 587, 10, 29, 224945] 1455 
hold_n 3662
182 [947429, 7972, 19153, 1958, 19, 130, 1076315, 14895, 1111755] 5748 [2479, 557, 8, 39, 226286] 1463 
hold_n 3486
183 [944778, 7677, 18295, 1865, 15, 123, 1080791, 14308, 1114676] 5763 [2400, 549, 7, 25, 227553] 1470 
hold_n 3280
184 [942346, 7331, 17466, 1753, 22, 137, 1085202, 13580, 1117673] 5785 [2279, 524, 6, 38, 228827] 1476 
hold_n 3119
185 [939859, 6988, 16672, 1657, 11, 127, 1089341, 13160, 1120448] 5796 [2191, 502, 3, 33, 230026] 1479 
hold_n 3000
186 [937529, 6672, 15981, 1563, 12, 128, 1093243, 12676, 1123066] 5808 [2123, 474, 4, 38, 231216] 1483 
hold_n 2877
187 [935373, 6352, 15297, 1482, 13, 104, 1097115, 12056, 1125754] 5821 [2058, 449, 6, 31, 232313] 1489 
hold_n 2721
188 [933366, 6129, 14633, 1379, 14, 129, 1100717, 11412, 1128169] 5835 [2020, 422, 2, 32, 233360] 1491 
hold_n 2624
189 [931444, 5817, 14014, 1303, 10, 107, 1104168, 10902, 1130432] 5845 [1922, 400, 4, 30, 234368] 1495 
hold_n 2538
190 [929567, 5608, 13470, 1241, 5, 98, 1107474, 10292, 1132627] 5850 [1868, 375, 2, 36, 235318] 1497 
hold_n 2450
191 [927796, 5392, 12870, 1170, 8, 95, 1110686, 9733, 1134766] 5858 [1828, 357, 3, 25, 236268] 1500 
hold_n 2273
192 [926045, 5172, 12348, 1097, 7, 96, 1113649, 9328, 1136749] 5865 [1753, 340, 2, 27, 237129] 1502 
hold_n 2227
193 [924377, 4962, 11750, 1053, 7, 80, 1116517, 8989, 1138645] 5872 [1691, 327, 3, 23, 237942] 1505 
hold_n 2085
194 [922864, 4730, 11135, 987, 7, 88, 1119337, 8580, 1140467] 5879 [1615, 311, 0, 24, 238825] 1505 
hold_n 1947
195 [921377, 4497, 10601, 931, 2, 84, 1122039, 8190, 1142239] 5881 [1520, 304, 0, 20, 239641] 1505 
hold_n 1880
196 [919974, 4314, 10136, 856, 9, 85, 1124523, 7822, 1143896] 5890 [1456, 287, 6, 18, 240393] 1511 
hold_n 1799
197 [918626, 4117, 9606, 807, 7, 66, 1127062, 7419, 1145545] 5897 [1375, 275, 4, 17, 241190] 1515 
hold_n 1729
198 [917380, 3884, 9182, 764, 1, 65, 1129430, 6997, 1147070] 5898 [1291, 262, 0, 21, 241926] 1515 
hold_n 1625
199 [916138, 3656, 8766, 717, 9, 68, 1131622, 6726, 1148476] 5907 [1251, 243, 1, 24, 242602] 1516 
hold_n 1600
200 [915037, 3548, 8366, 665, 3, 60, 1133674, 6340, 1149779] 5910 [1203, 227, 1, 21, 243246] 1517 
hold_n 1529
201 [913928, 3383, 8016, 624, 3, 56, 1135634, 6046, 1151041] 5913 [1147, 215, 1, 19, 243854] 1518 
hold_n 1452
202 [912871, 3255, 7621, 591, 7, 43, 1137544, 5755, 1152252] 5920 [1121, 205, 1, 15, 244432] 1519 
hold_n 1363
203 [911815, 3058, 7293, 568, 6, 38, 1139337, 5565, 1153438] 5926 [1067, 192, 0, 23, 244977] 1519 
hold_n 1329
204 [910858, 2877, 6974, 538, 4, 41, 1141102, 5280, 1154566] 5930 [1024, 177, 0, 17, 245536] 1519 
hold_n 1274
205 [909922, 2732, 6563, 504, 7, 40, 1142787, 5115, 1155677] 5937 [955, 165, 5, 14, 246079] 1524 
hold_n 1194
206 [909036, 2628, 6260, 481, 2, 39, 1144325, 4892, 1156670] 5939 [894, 162, 1, 11, 246604] 1525 
hold_n 1119
207 [908176, 2456, 6001, 460, 4, 31, 1145838, 4695, 1157666] 5943 [849, 159, 0, 9, 247070] 1525 
hold_n 1074
208 [907386, 2381, 5734, 429, 8, 32, 1147258, 4429, 1158638] 5951 [811, 151, 4, 6, 247554] 1529 
hold_n 1044
209 [906608, 2238, 5485, 407, 1, 37, 1148623, 4250, 1159537] 5952 [749, 144, 0, 11, 247987] 1529 
hold_n 994
210 [905889, 2156, 5249, 387, 3, 39, 1149892, 4033, 1160405] 5955 [733, 136, 2, 13, 248412] 1531 
hold_n 961
211 [905196, 2080, 4973, 372, 3, 25, 1151156, 3840, 1161217] 5958 [700, 132, 2, 7, 248811] 1533 
hold_n 940
212 [904617, 2013, 4798, 358, 0, 27, 1152270, 3559, 1161927] 5958 [704, 123, 0, 11, 249183] 1533 
hold_n 898
213 [904005, 1896, 4593, 335, 5, 36, 1153391, 3381, 1162682] 5963 [676, 116, 1, 10, 249556] 1534 
hold_n 865
214 [903434, 1845, 4367, 321, 3, 25, 1154468, 3174, 1163348] 5966 [665, 111, 0, 7, 249920] 1534 
hold_n 830
215 [902887, 1751, 4132, 306, 5, 24, 1155527, 3002, 1163994] 5971 [642, 100, 3, 11, 250245] 1537 
hold_n 806
216 [902326, 1698, 3921, 299, 2, 16, 1156497, 2870, 1164575] 5973 [634, 95, 1, 7, 250572] 1538 
hold_n 725
217 [901787, 1598, 3666, 285, 2, 21, 1157438, 2830, 1165189] 5975 [593, 88, 1, 8, 250894] 1539 
hold_n 678
218 [901310, 1494, 3502, 275, 2, 15, 1158332, 2695, 1165734] 5977 [563, 88, 0, 4, 251194] 1539 
hold_n 646
219 [900847, 1401, 3306, 259, 2, 25, 1159196, 2587, 1166268] 5979 [507, 83, 0, 6, 251496] 1539 
hold_n 587
220 [900460, 1339, 3130, 257, 2, 9, 1159997, 2427, 1166780] 5981 [471, 80, 1, 5, 251776] 1540 
hold_n 559
221 [900040, 1260, 2994, 249, 0, 15, 1160775, 2286, 1167284] 5981 [431, 76, 0, 7, 252055] 1540 
hold_n 514
222 [899659, 1186, 2889, 244, 2, 11, 1161500, 2128, 1167770] 5983 [407, 75, 0, 3, 252294] 1540 
hold_n 499
223 [899291, 1102, 2751, 237, 1, 17, 1162199, 2019, 1168212] 5984 [380, 69, 0, 9, 252551] 1540 
hold_n 486
224 [898961, 1064, 2677, 228, 1, 14, 1162785, 1886, 1168593] 5985 [374, 67, 1, 2, 252752] 1541 
hold_n 479
225 [898596, 989, 2535, 220, 2, 12, 1163397, 1864, 1168966] 5987 [352, 62, 0, 6, 252958] 1541 
hold_n 445
226 [898282, 948, 2422, 210, 1, 16, 1163976, 1758, 1169319] 5988 [348, 56, 0, 8, 253168] 1541 
hold_n 428
227 [897972, 902, 2301, 201, 0, 14, 1164535, 1687, 1169688] 5988 [337, 50, 0, 6, 253365] 1541 
hold_n 414
228 [897685, 851, 2158, 196, 3, 9, 1165104, 1606, 1170050] 5991 [338, 50, 1, 2, 253559] 1542 
hold_n 400
229 [897420, 813, 1993, 185, 2, 15, 1165640, 1541, 1170403] 5993 [310, 49, 1, 3, 253751] 1543 
hold_n 359
230 [897195, 782, 1917, 169, 0, 17, 1166126, 1401, 1170713] 5993 [295, 44, 0, 5, 253925] 1543 
hold_n 339
231 [896971, 751, 1801, 156, 2, 13, 1166602, 1311, 1171006] 5995 [280, 37, 2, 5, 254096] 1545 
hold_n 315
232 [896749, 740, 1736, 143, 1, 13, 1167000, 1223, 1171252] 5996 [276, 35, 0, 2, 254241] 1545 
hold_n 305
233 [896510, 684, 1659, 133, 1, 13, 1167429, 1175, 1171500] 5997 [248, 35, 1, 2, 254397] 1546 
hold_n 281
234 [896286, 643, 1582, 124, 1, 12, 1167821, 1134, 1171748] 5998 [237, 36, 0, 1, 254521] 1546 
hold_n 265
235 [896085, 614, 1469, 115, 0, 14, 1168195, 1110, 1171967] 5998 [220, 36, 0, 3, 254661] 1546 
hold_n 250
236 [895895, 578, 1404, 106, 0, 10, 1168533, 1076, 1172181] 5998 [219, 34, 0, 3, 254775] 1546 
hold_n 240
237 [895713, 530, 1307, 105, 0, 7, 1168904, 1036, 1172423] 5998 [206, 36, 0, 2, 254913] 1546 
hold_n 227
238 [895544, 507, 1256, 101, 2, 6, 1169220, 966, 1172623] 6000 [207, 35, 0, 3, 255026] 1546 
hold_n 218
239 [895388, 498, 1177, 95, 1, 8, 1169535, 898, 1172808] 6001 [192, 36, 0, 1, 255144] 1546 
hold_n 214
240 [895218, 494, 1098, 89, 1, 7, 1169825, 867, 1172997] 6002 [195, 34, 0, 2, 255243] 1546 
hold_n 194
241 [895072, 466, 1049, 87, 0, 5, 1170096, 823, 1173161] 6002 [191, 31, 0, 3, 255350] 1546 
hold_n 188
242 [894944, 448, 1025, 82, 0, 7, 1170323, 769, 1173308] 6002 [188, 31, 0, 1, 255443] 1546 
hold_n 191
243 [894803, 426, 989, 76, 1, 11, 1170551, 741, 1173470] 6003 [180, 30, 1, 3, 255529] 1547 
hold_n 200
244 [894662, 404, 946, 70, 0, 6, 1170783, 726, 1173624] 6003 [168, 29, 0, 1, 255612] 1547 
hold_n 192
245 [894554, 384, 898, 68, 0, 5, 1171024, 664, 1173781] 6003 [157, 31, 0, 1, 255702] 1547 
hold_n 174
246 [894445, 348, 857, 65, 0, 7, 1171248, 627, 1173924] 6003 [150, 32, 0, 2, 255775] 1547 
hold_n 164
247 [894328, 319, 811, 65, 1, 4, 1171453, 616, 1174058] 6004 [148, 33, 1, 0, 255856] 1548 
hold_n 150
248 [894217, 312, 770, 59, 0, 7, 1171645, 586, 1174177] 6004 [136, 31, 0, 3, 255929] 1548 
hold_n 148
249 [894116, 303, 740, 56, 0, 4, 1171831, 546, 1174286] 6004 [122, 30, 0, 2, 256014] 1548 
hold_n 143
250 [894022, 277, 705, 57, 0, 1, 1172002, 532, 1174400] 6004 [114, 32, 0, 0, 256079] 1548 
hold_n 136
251 [893936, 264, 676, 57, 0, 2, 1172152, 509, 1174496] 6004 [113, 32, 0, 0, 256134] 1548 
hold_n 136
252 [893857, 248, 639, 57, 0, 1, 1172323, 471, 1174603] 6004 [104, 33, 0, 0, 256197] 1548 
hold_n 134
253 [893781, 237, 615, 53, 1, 4, 1172469, 436, 1174698] 6005 [97, 31, 0, 3, 256254] 1548 
hold_n 112
254 [893710, 228, 599, 50, 1, 3, 1172598, 406, 1174766] 6006 [84, 29, 0, 2, 256308] 1548 
hold_n 109
255 [893639, 218, 560, 47, 1, 4, 1172742, 383, 1174876] 6007 [84, 26, 0, 3, 256355] 1548 
hold_n 102
256 [893567, 195, 528, 47, 0, 1, 1172886, 369, 1174964] 6007 [78, 26, 0, 1, 256411] 1548 
hold_n 101
257 [893519, 185, 508, 42, 1, 6, 1172994, 338, 1175022] 6008 [68, 24, 0, 4, 256459] 1548 
hold_n 99
258 [893463, 177, 481, 40, 0, 4, 1173109, 318, 1175095] 6008 [69, 22, 0, 2, 256504] 1548 
hold_n 92
259 [893413, 160, 452, 38, 0, 2, 1173230, 297, 1175167] 6008 [62, 20, 0, 2, 256556] 1548 
hold_n 84
260 [893356, 158, 415, 37, 0, 2, 1173341, 283, 1175230] 6008 [62, 20, 0, 0, 256602] 1548 
hold_n 81
261 [893301, 157, 388, 36, 0, 2, 1173442, 266, 1175282] 6008 [63, 21, 0, 0, 256634] 1548 
hold_n 69
262 [893253, 138, 362, 35, 0, 2, 1173536, 266, 1175340] 6008 [56, 21, 0, 1, 256669] 1548 
hold_n 61
263 [893204, 133, 337, 30, 0, 6, 1173623, 259, 1175401] 6008 [54, 19, 0, 3, 256703] 1548 
hold_n 61
264 [893151, 124, 317, 31, 0, 0, 1173707, 262, 1175444] 6008 [52, 19, 0, 0, 256730] 1548 
hold_n 53
265 [893112, 124, 298, 29, 0, 2, 1173783, 244, 1175491] 6008 [49, 17, 0, 2, 256770] 1548 
hold_n 56
266 [893070, 113, 292, 26, 0, 4, 1173856, 231, 1175534] 6008 [46, 14, 0, 3, 256799] 1548 
hold_n 58
267 [893040, 104, 278, 22, 0, 5, 1173930, 213, 1175589] 6008 [42, 12, 0, 2, 256827] 1548 
hold_n 53
268 [893011, 95, 262, 23, 0, 1, 1174007, 193, 1175638] 6008 [38, 11, 0, 1, 256861] 1548 
hold_n 52
269 [892993, 102, 261, 24, 0, 1, 1174053, 158, 1175666] 6008 [40, 11, 0, 1, 256878] 1548 
hold_n 52
270 [892953, 101, 247, 21, 1, 2, 1174108, 159, 1175693] 6009 [41, 8, 1, 2, 256895] 1549 
hold_n 45
271 [892924, 103, 237, 21, 0, 1, 1174159, 146, 1175718] 6009 [43, 9, 0, 0, 256913] 1549 
hold_n 48
272 [892905, 98, 217, 20, 0, 1, 1174215, 135, 1175749] 6009 [37, 8, 0, 1, 256937] 1549 
hold_n 47
273 [892877, 97, 192, 19, 0, 1, 1174271, 134, 1175781] 6009 [36, 7, 0, 1, 256958] 1549 
hold_n 46
274 [892857, 87, 172, 18, 0, 1, 1174320, 136, 1175813] 6009 [33, 7, 0, 0, 256978] 1549 
hold_n 42
275 [892831, 77, 174, 16, 0, 2, 1174369, 122, 1175834] 6009 [27, 7, 0, 0, 256995] 1549 
hold_n 41
276 [892802, 68, 159, 15, 0, 1, 1174424, 122, 1175870] 6009 [27, 6, 0, 1, 257017] 1549 
hold_n 34
277 [892780, 60, 146, 14, 0, 2, 1174464, 125, 1175899] 6009 [22, 5, 0, 2, 257035] 1549 
hold_n 40
278 [892761, 59, 134, 12, 0, 2, 1174507, 116, 1175920] 6009 [21, 5, 0, 0, 257057] 1549 
hold_n 28
279 [892749, 53, 129, 13, 0, 0, 1174539, 108, 1175943] 6009 [20, 5, 0, 0, 257069] 1549 
hold_n 27
280 [892726, 50, 129, 12, 0, 1, 1174568, 105, 1175959] 6009 [19, 5, 0, 0, 257080] 1549 
hold_n 22
281 [892712, 52, 138, 11, 0, 1, 1174587, 90, 1175973] 6009 [22, 4, 0, 1, 257087] 1549 
hold_n 24
282 [892693, 51, 121, 11, 0, 0, 1174628, 87, 1176003] 6009 [27, 4, 0, 0, 257104] 1549 
hold_n 21
283 [892672, 50, 112, 10, 0, 1, 1174657, 89, 1176017] 6009 [23, 3, 0, 1, 257118] 1549 
hold_n 21
284 [892655, 43, 113, 9, 0, 1, 1174676, 94, 1176028] 6009 [19, 3, 0, 0, 257129] 1549 
hold_n 20
285 [892637, 43, 108, 9, 0, 0, 1174705, 89, 1176050] 6009 [19, 3, 0, 0, 257140] 1549 
hold_n 20
286 [892627, 40, 105, 8, 0, 1, 1174725, 85, 1176067] 6009 [19, 3, 0, 0, 257149] 1549 
hold_n 22
287 [892616, 43, 94, 8, 0, 1, 1174752, 77, 1176084] 6009 [23, 3, 0, 0, 257162] 1549 
hold_n 15
288 [892607, 41, 88, 6, 0, 2, 1174782, 65, 1176102] 6009 [20, 3, 0, 0, 257177] 1549 
hold_n 14
289 [892598, 37, 87, 3, 1, 2, 1174806, 57, 1176120] 6010 [17, 2, 0, 1, 257191] 1549 
hold_n 17
290 [892587, 33, 90, 3, 0, 0, 1174827, 50, 1176134] 6010 [16, 2, 0, 0, 257200] 1549 
hold_n 17
291 [892579, 34, 87, 2, 0, 1, 1174839, 48, 1176145] 6010 [16, 1, 0, 1, 257206] 1549 
hold_n 17
292 [892574, 28, 82, 2, 0, 0, 1174862, 42, 1176154] 6010 [14, 1, 0, 0, 257215] 1549 
hold_n 17
293 [892571, 27, 78, 2, 0, 0, 1174876, 36, 1176157] 6010 [11, 1, 0, 0, 257222] 1549 
hold_n 20
294 [892559, 20, 75, 2, 0, 0, 1174895, 39, 1176169] 6010 [7, 1, 0, 0, 257232] 1549 
hold_n 20
295 [892550, 22, 63, 1, 1, 0, 1174916, 37, 1176179] 6011 [10, 0, 1, 0, 257242] 1550 
hold_n 16
296 [892543, 22, 54, 1, 0, 0, 1174933, 36, 1176186] 6011 [8, 0, 0, 0, 257249] 1550 
hold_n 11
297 [892538, 19, 44, 1, 0, 0, 1174951, 36, 1176200] 6011 [7, 0, 0, 0, 257257] 1550 
hold_n 9
298 [892531, 17, 39, 1, 0, 0, 1174961, 40, 1176205] 6011 [7, 0, 0, 0, 257261] 1550 
hold_n 9
299 [892525, 18, 39, 1, 0, 0, 1174972, 34, 1176211] 6011 [7, 0, 0, 0, 257264] 1550 
hold_n 8
300 [892521, 17, 40, 1, 0, 0, 1174981, 29, 1176213] 6011 [8, 0, 0, 0, 257266] 1550 
hold_n 8
301 [892516, 15, 39, 2, 0, 0, 1174990, 27, 1176218] 6011 [6, 1, 0, 0, 257270] 1550 
hold_n 9
302 [892507, 13, 36, 2, 0, 0, 1175000, 31, 1176226] 6011 [5, 1, 0, 0, 257274] 1550 
hold_n 8
303 [892500, 11, 36, 3, 0, 0, 1175008, 31, 1176235] 6011 [5, 2, 0, 0, 257278] 1550 
hold_n 9
304 [892497, 12, 36, 3, 0, 0, 1175013, 28, 1176237] 6011 [6, 2, 0, 0, 257280] 1550 
hold_n 14
305 [892492, 13, 36, 3, 0, 0, 1175016, 29, 1176241] 6011 [7, 2, 0, 0, 257281] 1550 
hold_n 15
306 [892490, 12, 31, 3, 0, 0, 1175027, 26, 1176247] 6011 [7, 2, 0, 0, 257285] 1550 
hold_n 9
307 [892486, 12, 30, 3, 0, 1, 1175036, 21, 1176251] 6011 [7, 3, 0, 0, 257289] 1550 
hold_n 9
308 [892485, 13, 29, 3, 0, 0, 1175044, 15, 1176254] 6011 [7, 3, 0, 0, 257292] 1550 
hold_n 7
309 [892478, 11, 29, 3, 0, 0, 1175049, 19, 1176259] 6011 [6, 3, 0, 0, 257295] 1550 
hold_n 5
310 [892473, 12, 27, 3, 0, 0, 1175055, 19, 1176265] 6011 [5, 3, 0, 0, 257296] 1550 
hold_n 4
311 [892470, 10, 25, 3, 0, 0, 1175061, 20, 1176270] 6011 [4, 3, 0, 0, 257299] 1550 
hold_n 4
312 [892464, 10, 25, 3, 0, 0, 1175065, 22, 1176272] 6011 [3, 3, 0, 0, 257301] 1550 
hold_n 3
313 [892463, 9, 22, 3, 0, 0, 1175070, 22, 1176276] 6011 [3, 3, 0, 0, 257305] 1550 
hold_n 4
314 [892460, 8, 21, 3, 0, 0, 1175079, 18, 1176283] 6011 [2, 3, 0, 0, 257310] 1550 
hold_n 4
315 [892457, 6, 21, 3, 0, 0, 1175086, 16, 1176289] 6011 [1, 3, 0, 0, 257313] 1550 
hold_n 5
316 [892455, 7, 20, 3, 0, 0, 1175089, 15, 1176290] 6011 [1, 3, 0, 0, 257314] 1550 
hold_n 7
317 [892454, 6, 22, 3, 0, 0, 1175094, 10, 1176293] 6011 [1, 3, 0, 0, 257314] 1550 
hold_n 5
318 [892451, 6, 21, 3, 0, 0, 1175096, 12, 1176293] 6011 [1, 3, 0, 0, 257315] 1550 
hold_n 5
319 [892449, 6, 20, 3, 0, 0, 1175100, 11, 1176296] 6011 [1, 3, 0, 0, 257317] 1550 
hold_n 5
320 [892449, 6, 22, 3, 0, 0, 1175101, 8, 1176297] 6011 [1, 3, 0, 0, 257317] 1550 
hold_n 6
321 [892447, 5, 18, 2, 0, 1, 1175108, 8, 1176299] 6011 [1, 2, 0, 1, 257321] 1550 
hold_n 2
322 [892443, 4, 15, 2, 0, 0, 1175114, 11, 1176303] 6011 [1, 2, 0, 0, 257325] 1550 
hold_n 1
323 [892441, 5, 14, 1, 0, 1, 1175117, 10, 1176303] 6011 [1, 1, 0, 1, 257326] 1550 
hold_n 2
324 [892438, 4, 11, 1, 0, 0, 1175124, 11, 1176312] 6011 [1, 1, 0, 0, 257329] 1550 
hold_n 2
325 [892437, 4, 10, 1, 0, 0, 1175125, 12, 1176313] 6011 [1, 1, 0, 0, 257330] 1550 
hold_n 2
326 [892436, 3, 10, 1, 0, 0, 1175128, 11, 1176315] 6011 [1, 1, 0, 0, 257330] 1550 
hold_n 1
327 [892436, 4, 10, 0, 0, 1, 1175131, 7, 1176315] 6011 [2, 0, 0, 1, 257331] 1550 
hold_n 1
328 [892433, 4, 10, 0, 0, 0, 1175134, 8, 1176316] 6011 [2, 0, 0, 0, 257333] 1550 
hold_n 2
329 [892433, 5, 11, 0, 0, 0, 1175135, 5, 1176316] 6011 [3, 0, 0, 0, 257334] 1550 
hold_n 2
330 [892432, 4, 10, 0, 0, 0, 1175138, 5, 1176318] 6011 [3, 0, 0, 0, 257334] 1550 
hold_n 3
331 [892431, 4, 9, 0, 0, 0, 1175140, 5, 1176319] 6011 [3, 0, 0, 0, 257334] 1550 
hold_n 2
332 [892430, 4, 9, 0, 0, 0, 1175140, 6, 1176319] 6011 [3, 0, 0, 0, 257334] 1550 
hold_n 4
333 [892429, 4, 10, 0, 0, 0, 1175142, 4, 1176319] 6011 [3, 0, 0, 0, 257334] 1550 
hold_n 3
334 [892428, 3, 7, 0, 0, 0, 1175146, 5, 1176322] 6011 [2, 0, 0, 0, 257337] 1550 
hold_n 1
335 [892427, 2, 7, 0, 0, 0, 1175148, 5, 1176322] 6011 [1, 0, 0, 0, 257338] 1550 
hold_n 1
336 [892427, 1, 6, 0, 0, 0, 1175151, 4, 1176325] 6011 [0, 0, 0, 0, 257340] 1550 
hold_n 0
337 [892425, 0, 7, 0, 0, 0, 1175152, 5, 1176326] 6011 [0, 0, 0, 0, 257340] 1550 
hold_n 0
338 [892425, 0, 7, 0, 0, 0, 1175153, 4, 1176326] 6011 [0, 0, 0, 0, 257340] 1550 
hold_n 0
339 [892424, 0, 8, 0, 0, 0, 1175153, 4, 1176326] 6011 [0, 0, 0, 0, 257340] 1550 
hold_n 1
340 [892421, 0, 6, 0, 0, 0, 1175156, 6, 1176330] 6011 [0, 0, 0, 0, 257343] 1550 
hold_n 2
341 [892419, 0, 6, 0, 0, 0, 1175156, 8, 1176330] 6011 [0, 0, 0, 0, 257343] 1550 
hold_n 2
342 [892419, 0, 7, 0, 0, 0, 1175157, 6, 1176330] 6011 [0, 0, 0, 0, 257343] 1550 
hold_n 1
343 [892417, 0, 6, 0, 0, 0, 1175158, 8, 1176331] 6011 [0, 0, 0, 0, 257343] 1550 
hold_n 2
344 [892417, 0, 6, 0, 0, 0, 1175159, 7, 1176332] 6011 [0, 0, 0, 0, 257344] 1550 
hold_n 1
345 [892417, 0, 8, 0, 0, 0, 1175160, 4, 1176333] 6011 [0, 0, 0, 0, 257345] 1550 
hold_n 2
346 [892417, 1, 8, 0, 0, 0, 1175161, 2, 1176334] 6011 [1, 0, 0, 0, 257345] 1550 
hold_n 1
347 [892416, 1, 7, 0, 0, 0, 1175162, 3, 1176336] 6011 [1, 0, 0, 0, 257346] 1550 
hold_n 1
348 [892416, 1, 9, 0, 0, 0, 1175162, 1, 1176336] 6011 [1, 0, 0, 0, 257346] 1550 
hold_n 1
349 [892416, 1, 7, 0, 0, 0, 1175164, 1, 1176337] 6011 [1, 0, 0, 0, 257348] 1550 
hold_n 0
350 [892415, 1, 7, 0, 0, 0, 1175164, 2, 1176337] 6011 [1, 0, 0, 0, 257348] 1550 
hold_n 0
351 [892415, 1, 6, 0, 0, 0, 1175165, 2, 1176338] 6011 [1, 0, 0, 0, 257349] 1550 
hold_n 1
352 [892415, 1, 4, 0, 0, 0, 1175168, 1, 1176338] 6011 [1, 0, 0, 0, 257351] 1550 
hold_n 1
353 [892415, 0, 3, 0, 0, 0, 1175170, 1, 1176338] 6011 [0, 0, 0, 0, 257352] 1550 
hold_n 1
354 [892415, 0, 3, 0, 0, 0, 1175170, 1, 1176338] 6011 [0, 0, 0, 0, 257352] 1550 
hold_n 1
355 [892415, 0, 2, 0, 0, 0, 1175172, 0, 1176338] 6011 [0, 0, 0, 0, 257354] 1550 
hold_n 0
356 [892414, 0, 2, 0, 0, 0, 1175172, 1, 1176338] 6011 [0, 0, 0, 0, 257354] 1550 
hold_n 0
357 [892414, 0, 2, 0, 0, 0, 1175172, 1, 1176338] 6011 [0, 0, 0, 0, 257354] 1550 
hold_n 0
358 [892414, 0, 2, 0, 0, 0, 1175172, 1, 1176338] 6011 [0, 0, 0, 0, 257354] 1550 
hold_n 0
359 [892414, 0, 1, 0, 0, 0, 1175173, 1, 1176338] 6011 [0, 0, 0, 0, 257355] 1550 
hold_n 0
360 [892414, 0, 1, 0, 0, 0, 1175173, 1, 1176338] 6011 [0, 0, 0, 0, 257355] 1550 
hold_n 1
361 [892414, 1, 1, 0, 0, 0, 1175173, 0, 1176338] 6011 [1, 0, 0, 0, 257355] 1550 
hold_n 1
362 [892414, 1, 0, 0, 0, 0, 1175174, 0, 1176339] 6011 [1, 0, 0, 0, 257356] 1550 
hold_n 0
363 [892414, 1, 0, 0, 0, 0, 1175174, 0, 1176339] 6011 [1, 0, 0, 0, 257356] 1550 
hold_n 0
364 [892414, 1, 0, 0, 0, 0, 1175174, 0, 1176339] 6011 [1, 0, 0, 0, 257356] 1550 
hold_n 0
365 [892414, 1, 0, 0, 0, 0, 1175174, 0, 1176339] 6011 [1, 0, 0, 0, 257356] 1550 
hold_n 0
366 [892414, 1, 0, 0, 0, 0, 1175174, 0, 1176339] 6011 [1, 0, 0, 0, 257356] 1550 
hold_n 0
367 [892414, 1, 0, 0, 0, 0, 1175174, 0, 1176339] 6011 [1, 0, 0, 0, 257356] 1550 
hold_n 0
368 [892414, 0, 0, 0, 0, 0, 1175175, 0, 1176339] 6011 [0, 0, 0, 0, 257357] 1550 
[892414, 0, 0, 0, 0, 0, 1175175, 0, 1176339] 0.5667317708333334 6011
720701 827422
