1.09 1.8 15 207360 8 2073 960 192 0.9 0.9 0.9 0 120 False 0.7 5 7 7 0.03214285714285715 0.0071428571428571435 20 0.0025 1 False True 1000 0.05
1 [2073585, 11, 4, 0, 0, 0, 0, 0, 0] 0 [1, 0, 0, 0, 0] 0 
2 [2073582, 11, 4, 0, 0, 0, 0, 3, 0] 0 [1, 0, 0, 0, 0] 0 
3 [2073579, 11, 4, 0, 0, 0, 0, 6, 0] 0 [1, 0, 0, 0, 0] 0 
4 [2073575, 11, 4, 0, 0, 0, 0, 10, 0] 0 [1, 0, 0, 0, 0] 0 
5 [2073572, 11, 4, 0, 0, 0, 0, 13, 0] 0 [1, 0, 0, 0, 0] 0 
6 [2073567, 11, 4, 0, 0, 0, 0, 18, 0] 0 [1, 0, 0, 0, 0] 0 
7 [2073563, 11, 7, 0, 0, 0, 0, 19, 0] 0 [1, 0, 0, 0, 0] 0 
8 [2073561, 1, 5, 0, 0, 0, 15, 18, 24] 0 [0, 0, 0, 0, 1] 0 
9 [2073560, 2, 8, 0, 0, 0, 15, 15, 24] 0 [0, 0, 0, 0, 1] 0 
10 [2073560, 2, 11, 0, 0, 0, 15, 12, 24] 0 [0, 0, 0, 0, 1] 0 
11 [2073556, 3, 15, 0, 0, 0, 15, 11, 24] 0 [0, 0, 0, 0, 1] 0 
12 [2073552, 3, 19, 0, 0, 0, 15, 11, 24] 0 [0, 0, 0, 0, 1] 0 
13 [2073548, 3, 21, 0, 0, 0, 15, 13, 24] 0 [0, 0, 0, 0, 1] 0 
14 [2073539, 4, 18, 0, 0, 0, 18, 21, 26] 0 [0, 0, 0, 0, 1] 0 
15 [2073534, 3, 16, 0, 0, 0, 21, 26, 31] 0 [0, 0, 0, 0, 1] 0 
16 [2073530, 2, 17, 0, 0, 0, 25, 26, 37] 0 [0, 0, 0, 0, 1] 0 
17 [2073525, 3, 17, 0, 0, 0, 28, 27, 42] 0 [0, 0, 0, 0, 1] 0 
18 [2073520, 4, 15, 0, 0, 0, 33, 28, 53] 0 [0, 0, 0, 0, 1] 0 
19 [2073518, 8, 16, 0, 0, 0, 37, 21, 63] 0 [0, 0, 0, 0, 1] 0 
20 [2073514, 8, 18, 1, 0, 0, 39, 20, 64] 0 [0, 0, 0, 0, 1] 0 
21 [2073507, 10, 19, 1, 0, 0, 40, 23, 65] 0 [0, 0, 0, 0, 1] 0 
22 [2073502, 11, 23, 1, 0, 0, 40, 23, 65] 0 [0, 0, 0, 0, 1] 0 
23 [2073494, 13, 22, 1, 0, 0, 44, 26, 66] 0 [0, 0, 0, 0, 1] 0 
24 [2073488, 12, 21, 1, 0, 0, 48, 30, 71] 0 [0, 0, 0, 0, 1] 0 
25 [2073477, 12, 21, 1, 0, 0, 52, 37, 79] 0 [0, 0, 0, 0, 1] 0 
26 [2073468, 11, 21, 1, 0, 0, 60, 39, 94] 0 [0, 0, 0, 0, 1] 0 
27 [2073461, 11, 21, 1, 0, 0, 65, 41, 108] 0 [0, 0, 0, 0, 1] 0 
28 [2073454, 11, 25, 1, 0, 0, 69, 40, 113] 0 [0, 0, 0, 0, 1] 0 
29 [2073444, 14, 23, 1, 0, 0, 74, 44, 119] 0 [0, 0, 0, 0, 1] 0 
30 [2073434, 14, 29, 1, 0, 0, 79, 43, 128] 0 [0, 0, 0, 0, 1] 0 
31 [2073426, 15, 34, 2, 0, 0, 81, 42, 133] 0 [0, 0, 0, 0, 1] 0 
32 [2073414, 13, 39, 2, 0, 0, 85, 47, 138] 0 [0, 0, 0, 0, 1] 0 
33 [2073402, 13, 39, 2, 0, 0, 92, 52, 146] 0 [0, 0, 0, 0, 1] 0 
34 [2073392, 14, 43, 2, 0, 0, 97, 52, 163] 0 [1, 0, 0, 0, 1] 0 
35 [2073373, 16, 43, 3, 0, 0, 104, 61, 173] 0 [1, 0, 0, 0, 1] 0 
36 [2073361, 13, 48, 3, 0, 0, 110, 65, 183] 0 [1, 0, 0, 0, 1] 0 
37 [2073342, 13, 49, 3, 0, 0, 121, 72, 201] 0 [1, 0, 0, 0, 2] 0 
38 [2073332, 16, 49, 3, 0, 0, 130, 70, 212] 0 [1, 0, 0, 0, 2] 0 
39 [2073310, 17, 50, 4, 0, 0, 137, 82, 222] 0 [1, 0, 0, 0, 2] 0 
40 [2073298, 18, 61, 4, 0, 0, 144, 75, 236] 0 [1, 0, 0, 0, 2] 0 
41 [2073280, 19, 63, 3, 0, 1, 153, 81, 254] 0 [0, 0, 0, 0, 3] 0 
42 [2073262, 23, 69, 3, 0, 0, 163, 80, 262] 0 [0, 0, 0, 0, 3] 0 
43 [2073246, 24, 70, 3, 0, 0, 171, 86, 274] 0 [0, 0, 0, 0, 3] 0 
44 [2073228, 32, 72, 3, 0, 0, 183, 82, 297] 0 [2, 0, 0, 0, 3] 0 
45 [2073193, 30, 73, 4, 0, 0, 195, 105, 324] 0 [3, 0, 0, 0, 3] 0 
46 [2073161, 31, 80, 4, 0, 0, 205, 119, 341] 0 [3, 0, 0, 0, 3] 0 
47 [2073138, 31, 79, 4, 0, 0, 224, 124, 373] 0 [4, 0, 0, 0, 3] 0 
48 [2073117, 31, 83, 4, 0, 0, 236, 129, 391] 0 [4, 0, 0, 0, 3] 0 
49 [2073087, 33, 81, 4, 0, 0, 254, 141, 426] 0 [4, 0, 0, 0, 3] 0 
50 [2073062, 40, 99, 4, 0, 0, 264, 131, 434] 0 [4, 0, 0, 0, 3] 0 
51 [2073040, 40, 108, 4, 0, 1, 286, 121, 470] 0 [3, 0, 0, 0, 5] 0 
52 [2072997, 45, 113, 5, 0, 0, 299, 141, 484] 0 [2, 0, 0, 0, 6] 0 
53 [2072958, 48, 113, 5, 0, 0, 317, 159, 521] 0 [2, 0, 0, 0, 6] 0 
54 [2072922, 55, 118, 5, 0, 0, 335, 165, 546] 0 [1, 0, 0, 0, 7] 0 
55 [2072882, 56, 124, 6, 0, 1, 351, 180, 577] 0 [2, 0, 0, 0, 7] 0 
56 [2072828, 53, 130, 7, 0, 0, 370, 212, 612] 0 [2, 0, 0, 0, 7] 0 
57 [2072779, 55, 138, 7, 0, 0, 403, 218, 672] 0 [2, 0, 0, 0, 7] 0 
58 [2072739, 51, 147, 9, 0, 0, 435, 219, 714] 0 [2, 0, 0, 0, 8] 0 
59 [2072697, 50, 162, 8, 0, 1, 457, 225, 755] 0 [2, 0, 0, 0, 8] 0 
60 [2072646, 59, 173, 8, 0, 0, 478, 236, 790] 0 [2, 0, 0, 0, 8] 0 
61 [2072597, 61, 196, 8, 0, 0, 507, 231, 837] 0 [2, 0, 0, 0, 8] 0 
62 [2072521, 69, 213, 8, 0, 0, 531, 258, 870] 0 [1, 0, 0, 0, 9] 0 
63 [2072451, 79, 221, 8, 0, 0, 553, 288, 903] 0 [1, 0, 0, 0, 9] 0 
64 [2072380, 86, 214, 8, 0, 0, 595, 317, 986] 0 [2, 0, 0, 0, 9] 0 
65 [2072311, 91, 221, 7, 0, 1, 634, 335, 1048] 0 [4, 0, 0, 0, 10] 0 
66 [2072231, 95, 230, 6, 1, 0, 671, 366, 1113] 1 [4, 0, 0, 0, 10] 0 
67 [2072152, 110, 251, 6, 0, 0, 711, 369, 1187] 1 [6, 0, 0, 0, 10] 0 
68 [2072078, 123, 254, 6, 0, 0, 765, 373, 1271] 1 [9, 0, 0, 0, 10] 0 
69 [2071985, 127, 271, 7, 0, 0, 814, 395, 1361] 1 [11, 0, 0, 0, 10] 0 
70 [2071903, 128, 298, 8, 0, 0, 854, 408, 1427] 1 [11, 1, 0, 0, 11] 0 
71 [2071811, 136, 328, 7, 0, 1, 896, 420, 1513] 1 [12, 1, 0, 0, 13] 0 
72 [2071706, 146, 347, 6, 0, 1, 947, 446, 1589] 1 [11, 1, 0, 0, 15] 0 
73 [2071585, 153, 364, 7, 0, 0, 997, 493, 1661] 1 [12, 1, 0, 0, 15] 0 
74 [2071478, 155, 379, 8, 0, 0, 1072, 507, 1767] 1 [12, 1, 0, 0, 17] 0 
75 [2071364, 152, 393, 8, 0, 1, 1142, 539, 1869] 1 [11, 1, 0, 0, 20] 0 
76 [2071251, 165, 402, 7, 0, 1, 1213, 560, 1972] 1 [11, 1, 0, 0, 22] 0 
77 [2071123, 184, 419, 8, 0, 0, 1282, 583, 2075] 1 [11, 1, 0, 0, 23] 0 
78 [2070967, 196, 447, 7, 0, 2, 1362, 618, 2199] 1 [11, 1, 0, 0, 25] 0 
79 [2070806, 201, 466, 12, 0, 0, 1442, 672, 2334] 1 [10, 1, 0, 0, 26] 0 
80 [2070674, 220, 486, 15, 0, 0, 1514, 690, 2448] 1 [11, 1, 0, 0, 27] 0 
81 [2070508, 219, 505, 16, 1, 0, 1607, 743, 2600] 2 [11, 1, 0, 0, 29] 0 
82 [2070328, 236, 534, 18, 0, 0, 1687, 795, 2733] 2 [12, 1, 0, 0, 33] 0 
83 [2070138, 252, 584, 20, 0, 0, 1775, 829, 2864] 2 [11, 1, 0, 0, 35] 0 
84 [2069942, 255, 638, 20, 0, 0, 1879, 864, 3049] 2 [11, 1, 0, 0, 36] 0 
85 [2069704, 257, 646, 22, 1, 0, 1998, 970, 3263] 3 [9, 0, 1, 0, 38] 1 
86 [2069480, 276, 689, 22, 0, 0, 2102, 1028, 3433] 3 [9, 0, 0, 0, 39] 1 
87 [2069225, 289, 744, 24, 0, 0, 2212, 1103, 3610] 3 [7, 0, 0, 0, 42] 1 
88 [2068980, 316, 793, 25, 0, 0, 2325, 1158, 3792] 3 [8, 0, 0, 0, 45] 1 
89 [2068722, 331, 847, 25, 1, 1, 2450, 1220, 4000] 4 [8, 0, 0, 0, 49] 1 
90 [2068419, 357, 902, 27, 0, 0, 2606, 1285, 4269] 4 [12, 0, 0, 0, 50] 1 
91 [2068094, 379, 944, 28, 0, 0, 2765, 1386, 4514] 4 [11, 0, 0, 0, 51] 1 
92 [2067776, 418, 1027, 31, 0, 0, 2895, 1449, 4769] 4 [15, 0, 0, 0, 51] 1 
93 [2067476, 449, 1075, 31, 0, 1, 3060, 1504, 5066] 4 [19, 0, 0, 0, 51] 1 
94 [2067118, 460, 1140, 32, 0, 1, 3241, 1604, 5379] 4 [22, 0, 0, 0, 51] 1 
95 [2066746, 490, 1222, 34, 0, 1, 3430, 1673, 5699] 4 [22, 1, 0, 0, 57] 1 
96 [2066336, 527, 1311, 40, 0, 0, 3624, 1758, 6032] 4 [26, 1, 0, 0, 59] 1 
97 [2065907, 566, 1356, 39, 0, 1, 3858, 1869, 6384] 4 [29, 1, 0, 0, 65] 1 
98 [2065454, 587, 1410, 43, 0, 1, 4079, 2022, 6734] 4 [34, 1, 0, 0, 67] 1 
99 [2064997, 607, 1490, 42, 0, 4, 4335, 2121, 7183] 4 [38, 1, 0, 0, 74] 1 
100 [2064514, 647, 1580, 40, 0, 3, 4580, 2232, 7562] 4 [37, 1, 0, 0, 78] 1 
101 [2063989, 694, 1677, 46, 0, 2, 4841, 2347, 7988] 4 [42, 1, 0, 0, 81] 1 
102 [2063427, 729, 1765, 48, 0, 2, 5145, 2480, 8493] 4 [41, 1, 0, 0, 86] 1 
103 [2062862, 773, 1849, 49, 0, 2, 5469, 2592, 9026] 4 [45, 1, 0, 0, 92] 1 
104 [2062214, 804, 1961, 51, 1, 0, 5782, 2783, 9503] 5 [43, 1, 0, 0, 101] 1 
105 [2061585, 836, 2109, 55, 0, 3, 6078, 2929, 9977] 5 [43, 1, 0, 0, 106] 1 
106 [2060912, 900, 2211, 59, 2, 0, 6434, 3077, 10570] 7 [43, 1, 0, 0, 115] 1 
107 [2060197, 928, 2366, 70, 0, 1, 6801, 3230, 11173] 7 [52, 2, 0, 0, 118] 1 
108 [2059400, 983, 2464, 74, 2, 1, 7207, 3462, 11796] 9 [49, 3, 0, 0, 126] 1 
109 [2058598, 1048, 2623, 74, 1, 2, 7629, 3616, 12502] 10 [53, 4, 0, 0, 131] 1 
110 [2057686, 1105, 2741, 78, 0, 2, 8079, 3899, 13239] 10 [51, 4, 0, 0, 143] 1 
111 [2056816, 1177, 2884, 84, 0, 1, 8532, 4096, 13982] 10 [52, 5, 0, 0, 149] 1 
112 [2055819, 1251, 3038, 95, 0, 2, 9007, 4378, 14790] 10 [58, 5, 0, 0, 153] 1 
113 [2054800, 1297, 3260, 103, 1, 0, 9529, 4600, 15631] 11 [60, 6, 0, 0, 163] 1 
114 [2053710, 1386, 3404, 115, 1, 1, 10084, 4888, 16573] 12 [62, 7, 0, 0, 176] 1 
115 [2052546, 1502, 3640, 120, 0, 3, 10637, 5140, 17483] 12 [74, 7, 0, 1, 181] 1 
116 [2051304, 1556, 3804, 123, 0, 5, 11284, 5512, 18582] 12 [77, 7, 0, 0, 193] 1 
117 [2050056, 1660, 4067, 131, 0, 0, 11911, 5763, 19582] 12 [95, 7, 0, 0, 203] 1 
118 [2048720, 1763, 4318, 128, 2, 5, 12572, 6080, 20675] 14 [99, 7, 0, 0, 213] 1 
119 [2047304, 1910, 4540, 141, 0, 2, 13283, 6406, 21911] 14 [102, 9, 0, 0, 223] 1 
120 [2045792, 2065, 4752, 151, 3, 1, 14068, 6754, 23222] 17 [103, 10, 0, 0, 232] 1 
121 [2044146, 2195, 5057, 158, 0, 7, 14862, 7158, 24479] 17 [114, 11, 0, 0, 245] 1 
122 [2042476, 2281, 5299, 169, 1, 4, 15773, 7580, 25942] 18 [116, 11, 0, 0, 264] 1 
123 [2040702, 2454, 5592, 177, 1, 3, 16635, 8018, 27398] 19 [123, 12, 0, 0, 277] 1 
124 [2038827, 2581, 5876, 192, 0, 3, 17625, 8477, 29002] 19 [115, 12, 0, 0, 305] 1 
125 [2036874, 2710, 6238, 200, 0, 7, 18634, 8918, 30607] 19 [126, 12, 0, 0, 325] 1 
126 [2034735, 2869, 6638, 212, 1, 5, 19710, 9411, 32412] 20 [133, 13, 0, 0, 340] 1 
127 [2032510, 2983, 7021, 228, 1, 11, 20860, 9966, 34289] 21 [156, 12, 0, 1, 351] 1 
128 [2030285, 3120, 7412, 242, 0, 6, 22097, 10417, 36234] 21 [150, 13, 0, 1, 378] 1 
129 [2027857, 3312, 7846, 257, 1, 3, 23333, 10970, 38298] 22 [158, 13, 0, 1, 403] 1 
130 [2025329, 3465, 8312, 271, 1, 4, 24651, 11545, 40424] 23 [163, 13, 0, 0, 428] 1 
131 [2022540, 3678, 8813, 290, 0, 7, 26054, 12195, 42653] 23 [180, 12, 0, 1, 446] 1 
132 [2019632, 3908, 9294, 297, 2, 12, 27554, 12878, 45093] 25 [186, 12, 0, 0, 476] 1 
133 [2016500, 4075, 9708, 313, 0, 8, 29186, 13785, 47763] 25 [189, 13, 0, 1, 500] 1 
134 [2013374, 4300, 10228, 328, 1, 12, 30849, 14483, 50424] 26 [187, 14, 0, 1, 537] 1 
135 [2010073, 4522, 10758, 345, 1, 7, 32612, 15256, 53241] 27 [205, 14, 0, 1, 558] 1 
136 [2006503, 4799, 11386, 366, 1, 8, 34473, 16037, 56285] 28 [207, 15, 0, 0, 590] 1 
137 [2002598, 5102, 12035, 383, 6, 8, 36406, 17034, 59402] 34 [228, 17, 0, 0, 613] 1 
138 [1998616, 5397, 12741, 402, 5, 2, 38519, 17884, 62755] 39 [237, 19, 0, 0, 650] 1 
139 [1994383, 5658, 13367, 422, 2, 14, 40724, 18991, 66356] 41 [242, 20, 0, 2, 679] 1 
140 [1990146, 5940, 14158, 443, 2, 13, 42930, 19927, 69853] 43 [261, 20, 1, 1, 711] 2 
141 [1985554, 6232, 14995, 466, 3, 14, 45344, 20949, 73721] 46 [276, 21, 0, 1, 753] 2 
142 [1980763, 6644, 15957, 481, 4, 15, 47855, 21835, 77901] 50 [292, 22, 1, 0, 794] 3 
143 [1975747, 6998, 16789, 514, 3, 11, 50619, 22869, 82342] 53 [320, 23, 0, 1, 829] 3 
144 [1970409, 7394, 17715, 535, 3, 17, 53500, 23974, 86874] 56 [340, 26, 0, 0, 877] 3 
145 [1964751, 7692, 18499, 585, 4, 13, 56605, 25395, 91738] 60 [372, 26, 0, 0, 923] 3 
146 [1958822, 8077, 19582, 611, 1, 15, 59700, 26732, 96666] 61 [393, 27, 0, 1, 960] 3 
147 [1952620, 8547, 20598, 624, 4, 24, 62979, 28143, 101845] 65 [395, 28, 0, 0, 1013] 3 
148 [1946164, 9005, 21561, 667, 4, 19, 66532, 29583, 107401] 69 [405, 29, 0, 2, 1069] 3 
149 [1939613, 9390, 22602, 711, 4, 16, 70399, 30796, 113438] 73 [425, 30, 0, 0, 1128] 3 
150 [1932652, 9866, 23801, 737, 7, 19, 74346, 32099, 119573] 80 [446, 34, 0, 0, 1200] 3 
151 [1925143, 10413, 24941, 769, 5, 24, 78546, 33679, 126100] 85 [490, 36, 0, 0, 1275] 3 
152 [1917537, 10940, 26369, 807, 1, 18, 82760, 35083, 132459] 86 [504, 38, 0, 0, 1360] 3 
153 [1909407, 11574, 27584, 853, 3, 22, 87314, 36757, 139498] 89 [522, 41, 0, 2, 1427] 3 
154 [1900819, 12192, 28724, 895, 6, 23, 92058, 38794, 146723] 95 [583, 42, 0, 2, 1488] 3 
155 [1891886, 12705, 30133, 949, 7, 21, 97038, 40766, 154333] 102 [641, 45, 0, 0, 1565] 3 
156 [1882724, 13422, 31558, 997, 5, 26, 102347, 42419, 162422] 107 [666, 45, 1, 1, 1650] 4 
157 [1873266, 14022, 32883, 1047, 11, 29, 107964, 44271, 170820] 118 [710, 44, 1, 2, 1736] 5 
158 [1863385, 14604, 34492, 1101, 14, 22, 113842, 46022, 179456] 132 [722, 44, 2, 2, 1852] 7 
159 [1852817, 15504, 35970, 1150, 6, 34, 119985, 48002, 188592] 138 [781, 46, 1, 2, 1945] 8 
160 [1842196, 16129, 37802, 1215, 13, 31, 126386, 49690, 197982] 151 [806, 44, 4, 2, 2030] 12 
161 [1831007, 16824, 39719, 1254, 9, 35, 132884, 51717, 207739] 160 [837, 47, 1, 2, 2167] 13 
162 [1819313, 17751, 41292, 1313, 11, 32, 139775, 53953, 217818] 171 [889, 50, 0, 2, 2299] 13 
163 [1807399, 18432, 42991, 1351, 10, 43, 147217, 55986, 228594] 181 [926, 53, 1, 1, 2406] 14 
164 [1794783, 19294, 45064, 1426, 6, 34, 154778, 58034, 239620] 187 [958, 57, 0, 1, 2546] 14 
165 [1781879, 20018, 46807, 1482, 9, 54, 162847, 60317, 251084] 196 [996, 62, 0, 0, 2686] 14 
166 [1768416, 20544, 48846, 1570, 6, 35, 171396, 62591, 263275] 202 [1029, 70, 0, 1, 2841] 14 
167 [1754732, 21462, 50654, 1661, 8, 35, 180265, 64581, 275969] 210 [1105, 76, 0, 1, 2954] 14 
168 [1740647, 22220, 52634, 1725, 17, 60, 189335, 66752, 288786] 227 [1130, 80, 1, 3, 3114] 15 
169 [1725748, 23009, 54987, 1798, 6, 57, 198733, 69035, 301779] 233 [1121, 89, 0, 1, 3298] 15 
170 [1710537, 23883, 57131, 1872, 14, 44, 208544, 71342, 315353] 247 [1177, 93, 0, 4, 3446] 15 
171 [1695085, 24724, 59195, 1944, 15, 54, 219005, 73331, 329802] 262 [1246, 99, 0, 1, 3636] 15 
172 [1679086, 25625, 61325, 2042, 8, 53, 229553, 75646, 344277] 270 [1282, 102, 2, 2, 3812] 17 
173 [1662820, 26549, 63258, 2145, 13, 56, 240662, 77827, 359344] 283 [1297, 109, 1, 3, 4021] 18 
174 [1646193, 27407, 65600, 2229, 20, 59, 252254, 79555, 374821] 303 [1353, 116, 1, 1, 4226] 19 
175 [1629014, 28391, 67859, 2314, 22, 74, 264100, 81523, 390404] 325 [1430, 121, 1, 3, 4418] 20 
176 [1611394, 29147, 69904, 2403, 26, 65, 276645, 83691, 406966] 351 [1502, 129, 1, 2, 4598] 21 
177 [1593862, 30092, 72045, 2479, 23, 76, 289448, 85224, 423542] 374 [1533, 135, 0, 2, 4801] 21 
178 [1575408, 30983, 73956, 2557, 51, 62, 302797, 87412, 440752] 425 [1577, 135, 6, 1, 5046] 27 
179 [1556897, 31742, 76129, 2661, 36, 52, 316362, 89296, 457806] 461 [1641, 142, 0, 4, 5272] 27 
180 [1538044, 32586, 78336, 2757, 49, 68, 330329, 90970, 475583] 510 [1696, 145, 2, 2, 5490] 29 
181 [1519001, 33283, 80314, 2874, 48, 57, 345120, 92393, 493801] 558 [1740, 149, 3, 5, 5745] 32 
182 [1499473, 33918, 81966, 2970, 50, 72, 360204, 94389, 512321] 608 [1748, 150, 2, 3, 6033] 34 
183 [1480088, 34869, 84039, 3054, 60, 55, 375507, 95320, 530886] 668 [1775, 154, 4, 2, 6298] 38 
184 [1460271, 35652, 85785, 3164, 57, 49, 391328, 96626, 550066] 725 [1835, 158, 5, 3, 6548] 43 
185 [1440588, 36324, 87701, 3269, 67, 50, 407420, 97456, 569127] 792 [1865, 167, 2, 2, 6848] 45 
186 [1420332, 37187, 89232, 3354, 90, 48, 423896, 98669, 588548] 882 [1908, 167, 4, 4, 7158] 49 
187 [1400643, 37860, 90889, 3454, 79, 36, 440927, 98830, 608338] 961 [1972, 179, 3, 0, 7445] 52 
188 [1380399, 38544, 91976, 3533, 100, 52, 458346, 99689, 628306] 1061 [1958, 186, 6, 1, 7756] 58 
189 [1360087, 39226, 93516, 3642, 91, 58, 475735, 100184, 647716] 1152 [1979, 193, 8, 4, 8040] 66 
190 [1339740, 39621, 94343, 3727, 103, 61, 494005, 100848, 668062] 1255 [2033, 195, 7, 3, 8325] 73 
191 [1319507, 40086, 95627, 3794, 102, 47, 512357, 100825, 687904] 1357 [2053, 198, 5, 1, 8636] 78 
192 [1299430, 40220, 96289, 3914, 97, 31, 531049, 101213, 708221] 1454 [2060, 199, 6, 2, 8969] 84 
193 [1279350, 40593, 97149, 3990, 109, 44, 549862, 101049, 728398] 1563 [2072, 202, 6, 2, 9310] 90 
194 [1259274, 40871, 97656, 4103, 113, 38, 569169, 100813, 748885] 1676 [2061, 211, 5, 2, 9648] 95 
195 [1239577, 41154, 98295, 4226, 119, 28, 588362, 100163, 768728] 1795 [2131, 215, 3, 2, 9962] 98 
196 [1220125, 41219, 98635, 4341, 108, 26, 607969, 99382, 788866] 1903 [2153, 220, 6, 1, 10287] 104 
197 [1200923, 41329, 98946, 4427, 127, 31, 627407, 98507, 808554] 2030 [2141, 225, 6, 1, 10649] 110 
198 [1181682, 41312, 98797, 4521, 120, 26, 647444, 97668, 828533] 2150 [2150, 230, 3, 1, 10990] 113 
199 [1163018, 41581, 98923, 4627, 122, 26, 666897, 96256, 847530] 2272 [2139, 237, 5, 1, 11325] 118 
200 [1144400, 41455, 98476, 4729, 138, 26, 686927, 95177, 867079] 2410 [2119, 250, 5, 3, 11669] 123 
201 [1126214, 41278, 97839, 4778, 150, 20, 707000, 93911, 886183] 2560 [2095, 255, 11, 1, 12020] 134 
202 [1108288, 40835, 97122, 4876, 131, 28, 727125, 92635, 905126] 2691 [2033, 262, 6, 1, 12404] 140 
203 [1090816, 40511, 96427, 4979, 137, 20, 747153, 90866, 923842] 2828 [2010, 269, 4, 1, 12758] 144 
204 [1073611, 40078, 95435, 5067, 146, 19, 767009, 89407, 941960] 2974 [1958, 272, 7, 2, 13104] 151 
205 [1056904, 39672, 94367, 5155, 146, 18, 786868, 87496, 959813] 3120 [1950, 283, 1, 1, 13430] 152 
206 [1040599, 39096, 93099, 5199, 158, 26, 806688, 85615, 977382] 3278 [1935, 284, 10, 1, 13752] 162 
207 [1024768, 38382, 92057, 5265, 147, 30, 826153, 83520, 994528] 3425 [1916, 280, 13, 3, 14081] 175 
208 [1009169, 37734, 90759, 5323, 155, 16, 845372, 81647, 1011268] 3580 [1899, 288, 3, 1, 14393] 178 
209 [994063, 37128, 89393, 5364, 161, 21, 864342, 79548, 1027608] 3741 [1880, 280, 12, 2, 14707] 190 
210 [979371, 36370, 87634, 5402, 171, 26, 883352, 77533, 1043564] 3912 [1831, 273, 17, 1, 15030] 207 
211 [965260, 35699, 85929, 5441, 161, 24, 901835, 75339, 1058756] 4073 [1800, 276, 5, 1, 15341] 212 
212 [951592, 34963, 83907, 5444, 190, 18, 920237, 73176, 1073862] 4263 [1736, 277, 11, 2, 15652] 223 
213 [938357, 34287, 82034, 5449, 182, 17, 938199, 70812, 1088369] 4445 [1687, 274, 10, 0, 15971] 233 
214 [925686, 33617, 79869, 5464, 181, 15, 955946, 68377, 1102573] 4626 [1632, 277, 10, 0, 16279] 243 
215 [913625, 32868, 77829, 5490, 170, 11, 973235, 65746, 1116160] 4796 [1583, 278, 9, 1, 16567] 252 
216 [901818, 32053, 75581, 5490, 178, 17, 990225, 63442, 1129454] 4974 [1555, 284, 5, 1, 16860] 257 
217 [890690, 31145, 73508, 5431, 206, 18, 1006726, 60902, 1142008] 5180 [1516, 287, 3, 1, 17121] 260 
218 [879761, 30239, 71337, 5428, 180, 21, 1022858, 58596, 1154414] 5360 [1468, 279, 11, 2, 17390] 271 
219 [869435, 29201, 69233, 5444, 154, 20, 1038502, 56251, 1166130] 5514 [1423, 280, 6, 1, 17650] 277 
220 [859530, 28065, 66848, 5413, 190, 20, 1053925, 54095, 1177423] 5704 [1385, 283, 4, 1, 17900] 281 
221 [849811, 27045, 64615, 5379, 171, 14, 1068854, 52007, 1188200] 5875 [1356, 280, 12, 1, 18139] 293 
222 [840785, 26056, 62052, 5343, 180, 16, 1083388, 49905, 1198655] 6055 [1304, 275, 11, 1, 18384] 304 
223 [832136, 25084, 59854, 5273, 212, 17, 1097344, 47625, 1208550] 6267 [1253, 264, 14, 1, 18640] 318 
224 [823905, 24117, 57470, 5241, 189, 15, 1110866, 45530, 1218060] 6456 [1204, 261, 12, 1, 18868] 330 
225 [816014, 23135, 55151, 5143, 213, 18, 1123954, 43516, 1227116] 6669 [1183, 260, 6, 2, 19066] 336 
226 [808515, 22392, 52992, 5096, 161, 18, 1136461, 41296, 1235861] 6830 [1147, 263, 6, 3, 19273] 342 
227 [801344, 21598, 50774, 5041, 151, 20, 1148401, 39441, 1244021] 6981 [1097, 265, 4, 0, 19487] 346 
228 [794487, 20785, 48466, 4942, 187, 17, 1160086, 37649, 1251880] 7168 [1043, 261, 8, 0, 19702] 354 
229 [788186, 19835, 46532, 4889, 169, 20, 1171082, 35719, 1259275] 7337 [990, 260, 8, 1, 19885] 362 
230 [782133, 18938, 44410, 4808, 152, 25, 1181916, 33881, 1266425] 7489 [922, 256, 7, 1, 20093] 369 
231 [776313, 18142, 42402, 4707, 182, 24, 1192139, 32202, 1273177] 7671 [886, 250, 11, 0, 20257] 380 
232 [770854, 17320, 40502, 4642, 149, 30, 1201942, 30490, 1279463] 7820 [845, 241, 10, 2, 20430] 390 
233 [765756, 16461, 38521, 4561, 151, 20, 1211579, 28731, 1285625] 7971 [792, 236, 11, 0, 20596] 401 
234 [760847, 15522, 36719, 4486, 152, 25, 1220539, 27339, 1291326] 8123 [742, 233, 5, 1, 20745] 406 
235 [756209, 14629, 35023, 4408, 162, 26, 1229096, 25924, 1296731] 8285 [694, 226, 13, 1, 20894] 419 
236 [751899, 13913, 33333, 4329, 149, 22, 1237256, 24414, 1301961] 8434 [669, 220, 11, 2, 21024] 430 
237 [747768, 13177, 31662, 4210, 180, 30, 1245053, 23086, 1306846] 8614 [641, 211, 9, 3, 21147] 439 
238 [743906, 12485, 29964, 4108, 143, 35, 1252495, 21850, 1311418] 8757 [597, 210, 2, 1, 21278] 441 
239 [740189, 11824, 28393, 3997, 148, 35, 1259599, 20658, 1315809] 8905 [562, 204, 10, 0, 21401] 451 
240 [736669, 11097, 26923, 3905, 137, 30, 1266394, 19540, 1319956] 9042 [537, 195, 6, 4, 21509] 457 
241 [733476, 10535, 25501, 3803, 138, 33, 1272649, 18423, 1323789] 9180 [522, 193, 4, 0, 21610] 461 
242 [730389, 9963, 24174, 3709, 113, 36, 1278657, 17379, 1327390] 9293 [473, 187, 5, 3, 21712] 466 
243 [727413, 9365, 22821, 3582, 148, 39, 1284446, 16493, 1330981] 9441 [444, 176, 10, 1, 21808] 476 
244 [724671, 8793, 21653, 3487, 124, 32, 1289881, 15518, 1334239] 9565 [407, 169, 9, 1, 21906] 485 
245 [722131, 8334, 20535, 3386, 117, 45, 1294949, 14538, 1337325] 9682 [392, 167, 4, 2, 21988] 489 
246 [719738, 7837, 19346, 3276, 124, 32, 1299827, 13738, 1340155] 9806 [381, 163, 3, 1, 22071] 492 
247 [717548, 7411, 18233, 3158, 108, 58, 1304437, 12841, 1342880] 9914 [349, 159, 4, 3, 22149] 496 
248 [715478, 7081, 17249, 3025, 94, 77, 1308747, 11935, 1345388] 10008 [331, 151, 8, 1, 22226] 504 
249 [713501, 6735, 16199, 2937, 86, 59, 1312905, 11170, 1347878] 10094 [327, 146, 4, 2, 22281] 508 
250 [711576, 6372, 15255, 2812, 82, 84, 1316770, 10555, 1350073] 10176 [323, 140, 3, 4, 22343] 511 
251 [709786, 6039, 14272, 2680, 76, 89, 1320530, 9952, 1352251] 10252 [321, 131, 6, 5, 22397] 517 
252 [708103, 5626, 13371, 2551, 79, 83, 1324090, 9445, 1354303] 10331 [295, 124, 1, 7, 22461] 518 
253 [706557, 5293, 12588, 2411, 56, 110, 1327333, 8921, 1356074] 10387 [265, 114, 4, 7, 22534] 522 
254 [705084, 4979, 11804, 2274, 54, 113, 1330488, 8417, 1357848] 10441 [262, 103, 2, 12, 22585] 524 
255 [703761, 4642, 11088, 2146, 34, 129, 1333544, 7815, 1359603] 10475 [241, 99, 3, 3, 22649] 527 
256 [702465, 4330, 10455, 2019, 24, 131, 1336380, 7321, 1361245] 10499 [231, 90, 0, 9, 22696] 527 
257 [701248, 4061, 9872, 1882, 14, 147, 1339022, 6855, 1362772] 10513 [204, 86, 1, 4, 22756] 528 
258 [700122, 3828, 9274, 1738, 12, 151, 1341527, 6435, 1364160] 10525 [178, 76, 0, 10, 22807] 528 
259 [699083, 3637, 8751, 1593, 10, 161, 1343839, 6001, 1365412] 10535 [173, 66, 0, 11, 22847] 528 
260 [698084, 3461, 8192, 1421, 6, 178, 1346046, 5677, 1366628] 10541 [166, 59, 0, 8, 22892] 528 
261 [697147, 3255, 7719, 1265, 14, 164, 1348177, 5318, 1367825] 10555 [149, 49, 0, 10, 22936] 528 
262 [696299, 3039, 7216, 1146, 6, 143, 1350247, 4949, 1368933] 10561 [137, 48, 0, 3, 22979] 528 
263 [695477, 2832, 6752, 1041, 4, 120, 1352168, 4645, 1369989] 10565 [132, 42, 0, 7, 23013] 528 
264 [694702, 2646, 6298, 937, 7, 119, 1353945, 4381, 1370953] 10572 [125, 37, 0, 6, 23045] 528 
265 [693966, 2488, 5915, 857, 3, 96, 1355585, 4118, 1371847] 10575 [118, 33, 0, 5, 23070] 528 
266 [693311, 2324, 5550, 773, 4, 90, 1357137, 3836, 1372665] 10579 [108, 30, 0, 3, 23097] 528 
267 [692721, 2179, 5238, 666, 6, 110, 1358523, 3578, 1373428] 10585 [95, 26, 0, 4, 23123] 528 
268 [692153, 2019, 4922, 595, 1, 85, 1359916, 3324, 1374157] 10586 [90, 25, 0, 2, 23143] 528 
269 [691612, 1906, 4593, 538, 4, 71, 1361200, 3090, 1374889] 10590 [85, 26, 0, 2, 23163] 528 
270 [691092, 1780, 4330, 478, 4, 70, 1362382, 2874, 1375484] 10594 [70, 23, 0, 3, 23194] 528 
271 [690612, 1663, 4067, 431, 4, 52, 1363478, 2699, 1376072] 10598 [63, 24, 0, 1, 23213] 528 
272 [690165, 1562, 3763, 392, 2, 46, 1364516, 2556, 1376630] 10600 [64, 22, 0, 2, 23224] 528 
273 [689760, 1480, 3485, 367, 1, 29, 1365485, 2393, 1377153] 10601 [64, 19, 0, 3, 23239] 528 
274 [689330, 1383, 3278, 337, 2, 35, 1366352, 2282, 1377625] 10603 [62, 17, 0, 2, 23254] 528 
275 [688944, 1306, 3059, 307, 4, 33, 1367196, 2148, 1378078] 10607 [62, 14, 1, 2, 23268] 529 
276 [688613, 1212, 2855, 288, 1, 29, 1367996, 1999, 1378545] 10608 [56, 14, 0, 1, 23281] 529 
277 [688269, 1140, 2631, 271, 2, 24, 1368759, 1896, 1378964] 10610 [61, 14, 0, 1, 23290] 529 
278 [687996, 1059, 2463, 257, 3, 16, 1369432, 1764, 1379337] 10613 [55, 15, 0, 0, 23301] 529 
279 [687716, 1028, 2344, 235, 2, 22, 1370026, 1614, 1379671] 10615 [50, 16, 0, 0, 23310] 529 
280 [687454, 963, 2223, 229, 4, 10, 1370612, 1490, 1379969] 10619 [50, 15, 0, 1, 23320] 529 
281 [687199, 899, 2078, 215, 0, 19, 1371157, 1414, 1380287] 10619 [50, 15, 0, 0, 23329] 529 
282 [686962, 865, 1942, 187, 1, 29, 1371688, 1307, 1380578] 10620 [44, 14, 0, 2, 23339] 529 
283 [686747, 781, 1814, 178, 1, 16, 1372194, 1249, 1380857] 10621 [45, 14, 0, 1, 23347] 529 
284 [686540, 715, 1716, 166, 0, 18, 1372648, 1176, 1381112] 10621 [34, 13, 0, 1, 23362] 529 
285 [686345, 678, 1614, 148, 2, 18, 1373065, 1109, 1381343] 10623 [38, 12, 0, 1, 23365] 529 
286 [686159, 617, 1499, 148, 0, 7, 1373507, 1040, 1381574] 10623 [35, 12, 0, 0, 23372] 529 
287 [685978, 567, 1400, 141, 1, 9, 1373897, 984, 1381779] 10624 [29, 12, 0, 0, 23382] 529 
288 [685801, 536, 1317, 129, 0, 13, 1374234, 946, 1381952] 10624 [28, 11, 0, 1, 23389] 529 
289 [685661, 483, 1237, 115, 1, 14, 1374586, 879, 1382165] 10625 [32, 8, 0, 3, 23394] 529 
290 [685535, 478, 1166, 101, 2, 14, 1374869, 810, 1382322] 10627 [30, 8, 0, 0, 23403] 529 
291 [685395, 455, 1097, 95, 0, 8, 1375159, 764, 1382471] 10627 [33, 6, 0, 2, 23406] 529 
292 [685282, 433, 1036, 89, 0, 8, 1375429, 696, 1382629] 10627 [31, 6, 0, 0, 23416] 529 
293 [685145, 409, 984, 85, 1, 4, 1375689, 656, 1382785] 10628 [31, 6, 0, 0, 23418] 529 
294 [685050, 382, 915, 80, 0, 6, 1375928, 611, 1382905] 10628 [28, 6, 0, 0, 23422] 529 
295 [684948, 356, 853, 73, 1, 7, 1376147, 587, 1383021] 10629 [24, 6, 0, 0, 23427] 529 
296 [684866, 341, 800, 64, 0, 10, 1376361, 529, 1383137] 10629 [17, 6, 0, 1, 23438] 529 
297 [684784, 310, 747, 58, 0, 9, 1376565, 498, 1383242] 10629 [14, 5, 0, 1, 23443] 529 
298 [684692, 294, 715, 54, 0, 5, 1376758, 453, 1383347] 10629 [11, 4, 0, 1, 23449] 529 
299 [684610, 274, 647, 53, 2, 2, 1376943, 440, 1383447] 10631 [11, 3, 0, 1, 23454] 529 
300 [684538, 251, 595, 48, 1, 7, 1377119, 410, 1383550] 10632 [9, 3, 1, 0, 23457] 530 
301 [684487, 238, 549, 45, 0, 5, 1377265, 379, 1383634] 10632 [10, 3, 0, 0, 23458] 530 
302 [684424, 223, 523, 43, 2, 1, 1377392, 360, 1383704] 10634 [10, 3, 0, 0, 23458] 530 
303 [684364, 205, 493, 38, 0, 6, 1377532, 328, 1383790] 10634 [8, 2, 0, 1, 23462] 530 
304 [684322, 196, 471, 36, 0, 4, 1377649, 288, 1383840] 10634 [9, 2, 0, 0, 23464] 530 
305 [684263, 169, 435, 35, 1, 0, 1377788, 275, 1383917] 10635 [9, 2, 0, 0, 23466] 530 
306 [684214, 149, 412, 30, 0, 5, 1377882, 273, 1383965] 10635 [6, 2, 0, 0, 23469] 530 
307 [684182, 135, 386, 29, 0, 3, 1377988, 242, 1384012] 10635 [6, 2, 0, 0, 23470] 530 
308 [684133, 126, 375, 28, 0, 1, 1378071, 231, 1384046] 10635 [4, 2, 0, 0, 23472] 530 
309 [684091, 116, 345, 27, 0, 1, 1378154, 231, 1384091] 10635 [4, 2, 0, 0, 23472] 530 
310 [684060, 103, 324, 26, 0, 2, 1378247, 203, 1384138] 10635 [5, 2, 0, 0, 23472] 530 
311 [684024, 93, 301, 25, 0, 2, 1378330, 190, 1384175] 10635 [3, 2, 0, 0, 23474] 530 
312 [683995, 86, 268, 23, 0, 2, 1378404, 187, 1384231] 10635 [3, 2, 0, 0, 23475] 530 
313 [683965, 88, 262, 23, 1, 1, 1378457, 168, 1384259] 10636 [4, 1, 1, 0, 23475] 531 
314 [683932, 85, 244, 22, 0, 1, 1378521, 159, 1384293] 10636 [4, 1, 0, 0, 23476] 531 
315 [683907, 77, 225, 22, 0, 1, 1378579, 153, 1384326] 10636 [4, 1, 0, 0, 23476] 531 
316 [683881, 81, 216, 21, 1, 0, 1378621, 143, 1384353] 10637 [4, 0, 1, 0, 23476] 532 
317 [683852, 76, 192, 18, 0, 3, 1378679, 143, 1384384] 10637 [3, 0, 0, 0, 23477] 532 
318 [683828, 69, 179, 18, 0, 1, 1378731, 137, 1384427] 10637 [3, 0, 0, 0, 23477] 532 
319 [683802, 73, 176, 15, 0, 3, 1378764, 130, 1384447] 10637 [2, 0, 0, 0, 23478] 532 
320 [683772, 64, 161, 14, 0, 1, 1378816, 135, 1384472] 10637 [1, 0, 0, 0, 23479] 532 
321 [683759, 64, 145, 13, 0, 2, 1378858, 122, 1384505] 10637 [0, 0, 0, 0, 23481] 532 
322 [683744, 65, 143, 12, 0, 1, 1378890, 108, 1384524] 10637 [1, 0, 0, 0, 23481] 532 
323 [683729, 59, 136, 12, 0, 1, 1378927, 99, 1384545] 10637 [1, 0, 0, 0, 23481] 532 
324 [683714, 56, 136, 10, 0, 2, 1378957, 88, 1384566] 10637 [1, 0, 0, 0, 23481] 532 
325 [683705, 55, 137, 10, 0, 0, 1378989, 67, 1384584] 10637 [1, 0, 0, 0, 23481] 532 
326 [683688, 45, 126, 11, 0, 0, 1379022, 71, 1384600] 10637 [2, 0, 0, 0, 23481] 532 
327 [683676, 47, 114, 10, 0, 2, 1379046, 68, 1384612] 10637 [2, 0, 0, 0, 23481] 532 
328 [683666, 43, 107, 10, 0, 0, 1379074, 63, 1384625] 10637 [2, 0, 0, 0, 23481] 532 
329 [683656, 39, 97, 10, 1, 0, 1379102, 58, 1384636] 10638 [1, 0, 0, 0, 23482] 532 
330 [683646, 34, 87, 9, 0, 1, 1379126, 59, 1384652] 10638 [1, 0, 0, 0, 23482] 532 
331 [683640, 35, 77, 8, 0, 1, 1379153, 48, 1384658] 10638 [1, 0, 0, 0, 23482] 532 
332 [683633, 37, 58, 7, 1, 0, 1379183, 43, 1384675] 10639 [1, 0, 0, 0, 23482] 532 
333 [683622, 35, 57, 5, 0, 2, 1379196, 44, 1384680] 10639 [0, 0, 0, 0, 23483] 532 
334 [683616, 31, 57, 5, 0, 0, 1379212, 40, 1384691] 10639 [0, 0, 0, 0, 23483] 532 
335 [683609, 28, 54, 5, 0, 1, 1379227, 37, 1384695] 10639 [0, 0, 0, 0, 23483] 532 
336 [683602, 27, 46, 5, 0, 0, 1379243, 38, 1384706] 10639 [0, 0, 0, 0, 23483] 532 
337 [683599, 26, 46, 5, 0, 0, 1379251, 34, 1384709] 10639 [0, 0, 0, 0, 23483] 532 
338 [683591, 25, 41, 4, 0, 1, 1379268, 31, 1384718] 10639 [1, 0, 0, 0, 23483] 532 
339 [683587, 20, 40, 4, 0, 0, 1379281, 29, 1384720] 10639 [1, 0, 0, 0, 23483] 532 
340 [683584, 20, 37, 4, 0, 0, 1379291, 25, 1384729] 10639 [1, 0, 0, 0, 23483] 532 
341 [683578, 18, 35, 5, 0, 0, 1379301, 24, 1384739] 10639 [1, 0, 0, 0, 23483] 532 
342 [683576, 15, 31, 5, 0, 0, 1379311, 23, 1384740] 10639 [1, 0, 0, 0, 23483] 532 
343 [683572, 14, 34, 3, 1, 1, 1379317, 19, 1384743] 10640 [2, 0, 0, 0, 23483] 532 
344 [683570, 13, 32, 3, 0, 0, 1379325, 17, 1384745] 10640 [2, 0, 0, 0, 23484] 532 
345 [683568, 8, 29, 3, 0, 0, 1379336, 16, 1384750] 10640 [1, 0, 0, 0, 23485] 532 
346 [683568, 9, 29, 3, 0, 0, 1379341, 10, 1384752] 10640 [1, 0, 0, 0, 23485] 532 
347 [683566, 7, 26, 2, 0, 1, 1379348, 10, 1384756] 10640 [1, 0, 0, 0, 23485] 532 
348 [683564, 5, 25, 2, 0, 0, 1379356, 8, 1384757] 10640 [1, 0, 0, 0, 23485] 532 
349 [683562, 3, 25, 2, 0, 1, 1379359, 8, 1384758] 10640 [1, 0, 0, 0, 23485] 532 
350 [683559, 3, 20, 2, 0, 0, 1379367, 9, 1384761] 10640 [0, 0, 0, 0, 23486] 532 
351 [683557, 3, 16, 2, 0, 0, 1379371, 11, 1384762] 10640 [0, 0, 0, 0, 23486] 532 
352 [683556, 4, 14, 2, 0, 0, 1379374, 10, 1384765] 10640 [0, 0, 0, 0, 23486] 532 
353 [683556, 3, 11, 2, 0, 0, 1379380, 8, 1384765] 10640 [0, 0, 0, 0, 23486] 532 
354 [683554, 4, 10, 2, 0, 0, 1379382, 8, 1384769] 10640 [0, 0, 0, 0, 23486] 532 
355 [683551, 4, 9, 1, 0, 1, 1379386, 8, 1384770] 10640 [0, 0, 0, 0, 23486] 532 
356 [683549, 4, 9, 1, 0, 0, 1379389, 8, 1384771] 10640 [0, 0, 0, 0, 23486] 532 
357 [683548, 4, 8, 1, 0, 0, 1379391, 8, 1384773] 10640 [0, 0, 0, 0, 23486] 532 
358 [683548, 4, 8, 1, 0, 0, 1379391, 8, 1384773] 10640 [0, 0, 0, 0, 23486] 532 
359 [683547, 3, 9, 1, 0, 0, 1379393, 7, 1384774] 10640 [0, 0, 0, 0, 23486] 532 
360 [683546, 4, 9, 1, 0, 0, 1379395, 5, 1384777] 10640 [0, 0, 0, 0, 23486] 532 
361 [683544, 3, 10, 1, 0, 0, 1379397, 5, 1384780] 10640 [0, 0, 0, 0, 23486] 532 
362 [683543, 3, 8, 1, 0, 0, 1379400, 5, 1384781] 10640 [0, 0, 0, 0, 23486] 532 
363 [683541, 3, 6, 1, 0, 0, 1379402, 7, 1384782] 10640 [0, 0, 0, 0, 23486] 532 
364 [683541, 3, 6, 1, 0, 0, 1379403, 6, 1384783] 10640 [0, 0, 0, 0, 23486] 532 
365 [683540, 4, 6, 1, 0, 0, 1379403, 6, 1384783] 10640 [0, 0, 0, 0, 23486] 532 
366 [683539, 5, 5, 1, 0, 0, 1379405, 5, 1384784] 10640 [1, 0, 0, 0, 23486] 532 
367 [683539, 3, 5, 1, 0, 0, 1379408, 4, 1384785] 10640 [1, 0, 0, 0, 23486] 532 
368 [683539, 4, 4, 1, 0, 0, 1379410, 2, 1384786] 10640 [1, 0, 0, 0, 23486] 532 
369 [683539, 4, 3, 0, 0, 1, 1379411, 2, 1384786] 10640 [1, 0, 0, 0, 23486] 532 
370 [683539, 4, 4, 0, 0, 0, 1379412, 1, 1384786] 10640 [1, 0, 0, 0, 23486] 532 
371 [683539, 3, 5, 0, 0, 0, 1379413, 0, 1384787] 10640 [1, 0, 0, 0, 23486] 532 
372 [683539, 2, 5, 0, 0, 0, 1379414, 0, 1384787] 10640 [1, 0, 0, 0, 23486] 532 
373 [683539, 1, 4, 0, 0, 0, 1379416, 0, 1384787] 10640 [0, 0, 0, 0, 23487] 532 
374 [683538, 1, 3, 0, 0, 0, 1379417, 1, 1384787] 10640 [0, 0, 0, 0, 23487] 532 
375 [683538, 0, 2, 0, 0, 0, 1379419, 1, 1384787] 10640 [0, 0, 0, 0, 23487] 532 
376 [683538, 0, 2, 0, 0, 0, 1379419, 1, 1384787] 10640 [0, 0, 0, 0, 23487] 532 
377 [683538, 0, 1, 0, 0, 0, 1379420, 1, 1384788] 10640 [0, 0, 0, 0, 23487] 532 
378 [683538, 0, 0, 0, 0, 0, 1379421, 1, 1384788] 10640 [0, 0, 0, 0, 23487] 532 
379 [683538, 1, 0, 0, 0, 0, 1379421, 0, 1384788] 10640 [1, 0, 0, 0, 23487] 532 
380 [683538, 1, 0, 0, 0, 0, 1379421, 0, 1384788] 10640 [1, 0, 0, 0, 23487] 532 
381 [683538, 1, 0, 0, 0, 0, 1379421, 0, 1384788] 10640 [1, 0, 0, 0, 23487] 532 
382 [683538, 1, 0, 0, 0, 0, 1379421, 0, 1384788] 10640 [1, 0, 0, 0, 23487] 532 
383 [683538, 1, 0, 0, 0, 0, 1379421, 0, 1384788] 10640 [1, 0, 0, 0, 23487] 532 
384 [683538, 1, 0, 0, 0, 0, 1379421, 0, 1384788] 10640 [1, 0, 0, 0, 23487] 532 
385 [683538, 1, 0, 0, 0, 0, 1379421, 0, 1384788] 10640 [1, 0, 0, 0, 23487] 532 
386 [683538, 0, 0, 0, 0, 0, 1379422, 0, 1384788] 10640 [0, 0, 0, 0, 23488] 532 
[683538, 0, 0, 0, 0, 0, 1379422, 0, 1384788] 0.6652305169753087 10640
862079 973307
