1.08 1.8 15 207360 8 2073 960 192 0.9 0.9 0.9 0 120 False 0.7 5 7 7 0.03214285714285715 0.0071428571428571435 20 0.0025 1 False 1000 0.05
1 [2073585, 6, 9, 0, 0, 0, 0, 0, 0] 0 [2, 0, 0, 0, 0] 0 
2 [2073580, 6, 9, 0, 0, 0, 0, 5, 5] 0 [2, 0, 0, 0, 0] 0 
3 [2073574, 6, 9, 0, 0, 0, 0, 11, 11] 0 [2, 0, 0, 0, 0] 0 
4 [2073570, 6, 9, 0, 0, 0, 0, 15, 15] 0 [2, 0, 0, 0, 0] 0 
5 [2073570, 6, 9, 0, 0, 0, 0, 15, 15] 0 [2, 0, 0, 0, 0] 0 
6 [2073567, 6, 9, 0, 0, 0, 0, 18, 18] 0 [2, 0, 0, 0, 0] 0 
7 [2073566, 9, 11, 0, 0, 0, 0, 14, 19] 0 [2, 0, 0, 0, 0] 0 
8 [2073563, 3, 8, 0, 0, 0, 15, 11, 22] 0 [0, 0, 0, 0, 2] 0 
9 [2073558, 3, 12, 0, 0, 0, 15, 12, 27] 0 [0, 0, 0, 0, 2] 0 
10 [2073554, 3, 12, 0, 0, 0, 15, 16, 31] 0 [0, 0, 0, 0, 2] 0 
11 [2073552, 4, 14, 0, 0, 0, 15, 15, 33] 0 [0, 0, 0, 0, 2] 0 
12 [2073549, 4, 15, 0, 0, 0, 15, 17, 36] 0 [0, 0, 0, 0, 2] 0 
13 [2073540, 6, 16, 0, 0, 0, 15, 23, 45] 0 [0, 0, 0, 0, 2] 0 
14 [2073537, 5, 17, 0, 0, 0, 20, 21, 48] 0 [1, 0, 0, 0, 2] 0 
15 [2073525, 5, 15, 0, 0, 0, 26, 29, 60] 0 [1, 0, 0, 0, 5] 0 
16 [2073518, 6, 12, 0, 0, 0, 30, 34, 67] 0 [1, 0, 0, 0, 8] 0 
17 [2073513, 6, 15, 0, 0, 0, 30, 36, 72] 0 [1, 0, 0, 0, 8] 0 
18 [2073508, 7, 20, 0, 0, 0, 33, 32, 77] 0 [2, 0, 0, 0, 9] 0 
19 [2073502, 7, 22, 0, 0, 0, 34, 35, 83] 0 [2, 0, 0, 0, 9] 0 
20 [2073495, 7, 31, 0, 0, 0, 37, 30, 90] 0 [3, 0, 0, 0, 9] 0 
21 [2073486, 7, 33, 0, 0, 0, 42, 32, 99] 0 [2, 0, 0, 0, 11] 0 
22 [2073480, 9, 32, 0, 0, 0, 46, 33, 105] 0 [2, 0, 0, 0, 12] 0 
23 [2073471, 8, 36, 0, 0, 0, 48, 37, 114] 0 [2, 0, 0, 0, 13] 0 
24 [2073461, 11, 36, 0, 0, 0, 51, 41, 124] 0 [3, 0, 0, 0, 15] 0 
25 [2073444, 10, 35, 0, 0, 0, 60, 51, 141] 0 [2, 0, 0, 0, 19] 0 
26 [2073437, 14, 37, 0, 0, 0, 63, 49, 148] 0 [4, 0, 0, 0, 19] 0 
27 [2073419, 14, 31, 0, 0, 0, 75, 61, 166] 0 [4, 0, 0, 0, 22] 0 
28 [2073410, 15, 32, 0, 0, 0, 82, 61, 175] 0 [5, 0, 0, 0, 24] 0 
29 [2073403, 16, 36, 0, 0, 0, 87, 58, 182] 0 [5, 0, 0, 0, 25] 0 
30 [2073390, 22, 42, 0, 0, 0, 92, 54, 195] 0 [6, 0, 0, 0, 27] 0 
31 [2073370, 22, 43, 0, 0, 0, 98, 67, 215] 0 [6, 0, 0, 0, 30] 0 
32 [2073352, 23, 53, 0, 0, 0, 105, 67, 233] 0 [6, 0, 0, 0, 31] 0 
33 [2073325, 19, 57, 0, 0, 0, 114, 85, 260] 0 [4, 0, 0, 0, 34] 0 
34 [2073302, 17, 60, 0, 0, 0, 120, 101, 283] 0 [3, 0, 0, 0, 35] 0 
35 [2073281, 18, 63, 0, 0, 0, 129, 109, 304] 0 [3, 0, 0, 0, 38] 0 
36 [2073263, 21, 70, 0, 0, 0, 139, 107, 322] 0 [4, 0, 0, 0, 39] 0 
37 [2073234, 16, 76, 0, 0, 0, 156, 118, 351] 0 [4, 0, 0, 0, 45] 0 
38 [2073216, 20, 92, 0, 0, 0, 163, 109, 369] 0 [6, 0, 0, 0, 47] 0 
39 [2073179, 29, 88, 0, 0, 0, 181, 123, 406] 0 [11, 0, 0, 0, 50] 0 
40 [2073147, 35, 94, 0, 0, 0, 190, 134, 438] 0 [12, 0, 0, 0, 54] 0 
41 [2073122, 41, 98, 1, 0, 0, 197, 141, 463] 0 [15, 0, 0, 0, 57] 0 
42 [2073101, 40, 114, 2, 0, 0, 210, 133, 484] 0 [16, 0, 0, 0, 58] 0 
43 [2073057, 40, 112, 2, 0, 0, 230, 159, 528] 0 [16, 0, 0, 0, 62] 0 
44 [2073027, 51, 120, 2, 0, 0, 248, 152, 558] 0 [20, 0, 0, 0, 64] 0 
45 [2072990, 55, 121, 2, 0, 0, 275, 157, 595] 0 [20, 0, 0, 0, 74] 0 
46 [2072946, 48, 131, 2, 0, 0, 297, 176, 639] 0 [15, 0, 0, 0, 81] 0 
47 [2072908, 48, 132, 2, 0, 0, 317, 193, 677] 0 [16, 0, 0, 0, 90] 0 
48 [2072860, 52, 154, 2, 0, 0, 335, 197, 725] 0 [14, 0, 0, 0, 96] 0 
49 [2072814, 59, 148, 2, 0, 0, 364, 213, 771] 0 [20, 0, 0, 0, 104] 0 
50 [2072765, 66, 160, 2, 0, 0, 382, 225, 820] 0 [22, 0, 0, 0, 108] 0 
51 [2072711, 68, 164, 3, 0, 0, 419, 235, 874] 0 [20, 1, 0, 0, 121] 0 
52 [2072662, 72, 164, 5, 0, 0, 451, 246, 923] 0 [23, 1, 0, 0, 127] 0 
53 [2072602, 80, 178, 6, 0, 0, 476, 258, 983] 0 [25, 2, 0, 0, 133] 0 
54 [2072538, 85, 198, 6, 0, 0, 497, 276, 1047] 0 [27, 2, 0, 0, 137] 0 
55 [2072451, 93, 195, 6, 0, 0, 541, 314, 1134] 0 [35, 2, 0, 0, 153] 0 
56 [2072381, 95, 214, 9, 0, 0, 571, 330, 1204] 0 [27, 4, 0, 0, 163] 0 
57 [2072302, 99, 224, 9, 0, 0, 606, 360, 1283] 0 [32, 4, 0, 0, 173] 0 
58 [2072233, 97, 243, 11, 0, 0, 647, 369, 1352] 0 [33, 5, 0, 0, 188] 0 
59 [2072156, 100, 267, 11, 0, 0, 684, 382, 1429] 0 [33, 5, 0, 0, 200] 0 
60 [2072061, 115, 291, 11, 0, 0, 732, 390, 1524] 0 [39, 5, 0, 0, 212] 0 
61 [2071951, 126, 305, 11, 0, 0, 777, 430, 1634] 0 [43, 5, 0, 0, 226] 0 
62 [2071857, 135, 326, 9, 0, 2, 826, 445, 1728] 0 [40, 5, 0, 0, 244] 0 
63 [2071740, 136, 340, 10, 0, 0, 881, 493, 1845] 0 [40, 5, 0, 0, 259] 0 
64 [2071629, 150, 355, 9, 1, 0, 929, 527, 1956] 1 [44, 4, 1, 0, 276] 1 
65 [2071504, 161, 378, 10, 0, 0, 989, 557, 2080] 1 [49, 4, 0, 0, 304] 1 
66 [2071382, 176, 408, 12, 0, 0, 1052, 569, 2202] 1 [62, 4, 0, 0, 321] 1 
67 [2071234, 178, 410, 15, 0, 0, 1139, 623, 2350] 1 [60, 5, 0, 0, 348] 1 
68 [2071095, 190, 444, 16, 0, 0, 1209, 645, 2489] 1 [65, 5, 0, 0, 368] 1 
69 [2070937, 192, 475, 15, 1, 0, 1287, 692, 2647] 2 [68, 4, 1, 0, 391] 2 
70 [2070763, 215, 508, 16, 0, 0, 1355, 741, 2821] 2 [77, 4, 0, 0, 409] 2 
71 [2070598, 234, 536, 15, 0, 1, 1430, 784, 2986] 2 [83, 3, 0, 1, 433] 2 
72 [2070414, 249, 573, 15, 0, 2, 1525, 820, 3170] 2 [92, 4, 0, 0, 465] 2 
73 [2070210, 266, 586, 15, 0, 1, 1635, 885, 3374] 2 [87, 3, 0, 1, 509] 2 
74 [2069997, 280, 635, 18, 0, 0, 1728, 940, 3587] 2 [97, 3, 0, 0, 538] 2 
75 [2069760, 304, 666, 20, 0, 0, 1845, 1003, 3824] 2 [105, 5, 0, 0, 578] 2 
76 [2069511, 320, 698, 24, 0, 2, 1956, 1087, 4073] 2 [119, 7, 0, 1, 616] 2 
77 [2069262, 352, 730, 24, 0, 0, 2078, 1152, 4322] 2 [135, 7, 0, 0, 656] 2 
78 [2069003, 360, 806, 24, 0, 1, 2197, 1207, 4581] 2 [144, 7, 0, 0, 695] 2 
79 [2068713, 394, 838, 24, 0, 0, 2345, 1284, 4871] 2 [143, 7, 0, 0, 736] 2 
80 [2068415, 411, 922, 26, 0, 0, 2479, 1345, 5169] 2 [162, 7, 0, 0, 772] 2 
81 [2068112, 440, 984, 27, 0, 0, 2636, 1399, 5472] 2 [167, 7, 0, 0, 833] 2 
82 [2067806, 462, 1037, 28, 0, 0, 2809, 1456, 5778] 2 [168, 7, 0, 0, 885] 2 
83 [2067444, 479, 1113, 28, 0, 1, 2974, 1559, 6140] 2 [175, 7, 0, 0, 948] 2 
84 [2067096, 490, 1206, 30, 0, 0, 3159, 1617, 6488] 2 [176, 9, 0, 0, 1012] 2 
85 [2066689, 533, 1254, 32, 0, 1, 3363, 1726, 6895] 2 [190, 11, 0, 0, 1075] 2 
86 [2066264, 542, 1335, 33, 0, 2, 3574, 1848, 7320] 2 [199, 12, 0, 0, 1133] 2 
87 [2065843, 572, 1372, 35, 0, 3, 3810, 1963, 7741] 2 [213, 12, 0, 1, 1215] 2 
88 [2065370, 626, 1431, 38, 0, 1, 4058, 2074, 8214] 2 [229, 14, 0, 0, 1292] 2 
89 [2064894, 667, 1488, 42, 0, 0, 4305, 2202, 8690] 2 [245, 14, 0, 0, 1363] 2 
90 [2064369, 710, 1585, 52, 0, 1, 4561, 2320, 9215] 2 [248, 21, 0, 0, 1445] 2 
91 [2063834, 752, 1675, 57, 0, 0, 4850, 2430, 9750] 2 [276, 21, 0, 0, 1531] 2 
92 [2063247, 766, 1785, 59, 1, 2, 5142, 2596, 10337] 3 [274, 20, 0, 1, 1634] 2 
93 [2062624, 819, 1898, 64, 0, 1, 5445, 2746, 10960] 3 [295, 23, 0, 0, 1740] 2 
94 [2061987, 859, 2030, 66, 0, 3, 5745, 2907, 11597] 3 [298, 24, 0, 0, 1849] 2 
95 [2061325, 872, 2177, 67, 3, 2, 6107, 3044, 12259] 6 [316, 21, 2, 2, 1970] 4 
96 [2060588, 916, 2323, 69, 1, 6, 6445, 3246, 12996] 7 [328, 21, 0, 3, 2077] 4 
97 [2059781, 965, 2459, 73, 0, 0, 6849, 3466, 13803] 7 [352, 24, 0, 0, 2204] 4 
98 [2058985, 1033, 2592, 75, 0, 1, 7268, 3639, 14599] 7 [363, 25, 0, 0, 2360] 4 
99 [2058087, 1115, 2723, 80, 1, 0, 7687, 3900, 15497] 8 [397, 26, 0, 0, 2483] 4 
100 [2057114, 1167, 2863, 79, 0, 2, 8156, 4211, 16470] 8 [407, 26, 0, 0, 2646] 4 
101 [2056144, 1233, 3057, 84, 0, 1, 8629, 4444, 17440] 8 [427, 28, 0, 0, 2791] 4 
102 [2055107, 1330, 3242, 91, 0, 0, 9148, 4674, 18477] 8 [458, 30, 0, 0, 2976] 4 
103 [2053999, 1389, 3439, 95, 3, 1, 9680, 4986, 19585] 11 [485, 32, 1, 0, 3156] 5 
104 [2052856, 1444, 3685, 102, 2, 2, 10267, 5231, 20727] 13 [493, 32, 1, 2, 3362] 6 
105 [2051665, 1549, 3928, 109, 1, 2, 10884, 5449, 21917] 14 [538, 32, 0, 2, 3566] 6 
106 [2050376, 1617, 4193, 116, 0, 2, 11514, 5768, 23205] 14 [577, 33, 0, 1, 3780] 6 
107 [2049012, 1768, 4413, 120, 1, 4, 12173, 6095, 24569] 15 [634, 34, 0, 1, 3995] 6 
108 [2047563, 1887, 4658, 128, 1, 2, 12910, 6436, 26018] 16 [679, 37, 0, 1, 4222] 6 
109 [2046047, 2000, 4882, 133, 2, 4, 13707, 6809, 27534] 18 [714, 41, 1, 0, 4502] 7 
110 [2044416, 2136, 5142, 132, 1, 10, 14496, 7249, 29163] 19 [777, 35, 1, 6, 4789] 8 
111 [2042696, 2318, 5358, 135, 0, 4, 15390, 7680, 30881] 19 [847, 39, 0, 0, 5111] 8 
112 [2040860, 2415, 5645, 146, 0, 5, 16358, 8152, 32717] 19 [887, 47, 0, 0, 5438] 8 
113 [2038919, 2567, 5963, 159, 0, 5, 17324, 8644, 34658] 19 [938, 46, 0, 2, 5788] 8 
114 [2037016, 2688, 6317, 176, 1, 5, 18347, 9031, 36561] 20 [1008, 54, 0, 1, 6146] 8 
115 [2034955, 2864, 6670, 177, 0, 5, 19448, 9461, 38620] 20 [1074, 55, 0, 1, 6537] 8 
116 [2032607, 3006, 7097, 190, 1, 6, 20584, 10089, 40968] 21 [1128, 59, 0, 2, 6949] 8 
117 [2030221, 3221, 7525, 205, 1, 4, 21763, 10639, 43353] 22 [1200, 65, 0, 3, 7385] 8 
118 [2027573, 3374, 8023, 221, 2, 3, 23036, 11346, 46001] 24 [1282, 67, 1, 1, 7819] 9 
119 [2024916, 3540, 8379, 240, 2, 6, 24393, 12100, 48657] 26 [1350, 73, 1, 1, 8331] 10 
120 [2022078, 3716, 8809, 260, 3, 1, 25830, 12877, 51494] 29 [1419, 87, 0, 0, 8806] 10 
121 [2019174, 3939, 9417, 279, 2, 5, 27322, 13433, 54393] 31 [1498, 98, 0, 1, 9354] 10 
122 [2015999, 4152, 9959, 295, 1, 6, 28935, 14222, 57566] 32 [1594, 103, 0, 1, 9941] 10 
123 [2012713, 4406, 10615, 323, 5, 8, 30638, 14860, 60852] 37 [1720, 112, 2, 3, 10539] 12 
124 [2009264, 4625, 11224, 335, 2, 9, 32452, 15652, 64297] 39 [1813, 116, 0, 3, 11221] 12 
125 [2005535, 4922, 11825, 343, 8, 7, 34378, 16543, 68022] 47 [1923, 118, 3, 2, 11904] 15 
126 [2001720, 5185, 12558, 359, 4, 9, 36264, 17454, 71829] 51 [2030, 125, 2, 2, 12585] 17 
127 [1997478, 5542, 13294, 390, 4, 8, 38312, 18521, 76068] 55 [2202, 137, 2, 2, 13340] 19 
128 [1993136, 5815, 13968, 401, 2, 9, 40637, 19577, 80404] 57 [2316, 143, 1, 3, 14189] 20 
129 [1988408, 6131, 14710, 428, 3, 10, 42997, 20856, 85130] 60 [2469, 154, 1, 5, 15089] 21 
130 [1983493, 6460, 15450, 461, 3, 9, 45622, 22042, 90043] 63 [2605, 176, 1, 1, 16069] 22 
131 [1978457, 6835, 16226, 483, 5, 7, 48261, 23263, 95075] 68 [2753, 189, 3, 4, 17042] 25 
132 [1973002, 7205, 17246, 509, 3, 15, 51076, 24476, 100526] 71 [2912, 198, 0, 7, 18085] 25 
133 [1967410, 7649, 18227, 539, 4, 17, 53957, 25726, 106115] 75 [3121, 217, 1, 1, 19154] 26 
134 [1961522, 8077, 19338, 564, 4, 19, 57115, 26886, 112000] 79 [3305, 229, 1, 8, 20337] 27 
135 [1955371, 8634, 20405, 609, 5, 4, 60371, 28122, 118149] 84 [3545, 245, 2, 1, 21584] 29 
136 [1948599, 9124, 21476, 658, 5, 16, 63780, 29858, 124917] 89 [3707, 274, 0, 5, 22879] 29 
137 [1941749, 9677, 22638, 709, 4, 17, 67464, 31253, 131756] 93 [3938, 289, 1, 9, 24256] 30 
138 [1934519, 10140, 23945, 746, 3, 16, 71247, 32891, 138984] 96 [4150, 309, 1, 2, 25691] 31 
139 [1926890, 10689, 25041, 771, 6, 25, 75450, 34632, 146605] 102 [4416, 319, 2, 7, 27305] 33 
140 [1918939, 11164, 26369, 818, 3, 19, 79754, 36432, 154551] 105 [4625, 334, 2, 12, 28949] 35 
141 [1910656, 11685, 27873, 864, 5, 21, 84448, 37943, 162831] 110 [4835, 351, 2, 9, 30753] 37 
142 [1901841, 12230, 29251, 935, 5, 19, 89301, 39908, 171640] 115 [5014, 382, 1, 4, 32687] 38 
143 [1892452, 12913, 30774, 950, 16, 30, 94283, 42067, 181026] 131 [5355, 384, 6, 14, 34589] 44 
144 [1882813, 13449, 32398, 1013, 4, 21, 99694, 44077, 190649] 135 [5567, 414, 0, 6, 36713] 44 
145 [1872889, 14120, 34066, 1067, 8, 17, 105248, 46050, 200571] 143 [5878, 438, 2, 4, 38919] 46 
146 [1862561, 14748, 35823, 1108, 14, 26, 111082, 48095, 210896] 157 [6166, 456, 7, 9, 41200] 53 
147 [1851535, 15551, 37678, 1148, 9, 39, 117177, 50306, 221909] 166 [6503, 469, 4, 16, 43648] 57 
148 [1840076, 16313, 39514, 1214, 7, 19, 123915, 52376, 233363] 173 [6825, 502, 1, 9, 46267] 58 
149 [1828091, 17202, 41393, 1270, 10, 35, 130704, 54722, 245344] 183 [7265, 537, 3, 14, 48878] 61 
150 [1815759, 17921, 43339, 1336, 9, 41, 137882, 57130, 257670] 192 [7561, 563, 2, 22, 51744] 63 
151 [1802833, 18776, 45177, 1396, 11, 31, 145456, 59728, 270585] 203 [7979, 572, 8, 19, 54793] 71 
152 [1789223, 19662, 47343, 1459, 14, 41, 153343, 62312, 284182] 217 [8394, 607, 4, 15, 57986] 75 
153 [1775287, 20659, 49475, 1548, 7, 45, 161573, 64789, 298114] 224 [8787, 646, 3, 19, 61283] 78 
154 [1760850, 21721, 51563, 1634, 14, 43, 170310, 67241, 312546] 238 [9306, 686, 5, 20, 64791] 83 
155 [1745902, 22681, 53547, 1713, 11, 42, 179609, 69857, 327482] 249 [9692, 725, 2, 15, 68482] 85 
156 [1730230, 23591, 55928, 1775, 14, 61, 189149, 72603, 343144] 263 [10149, 749, 3, 26, 72323] 88 
157 [1714146, 24674, 58513, 1837, 16, 55, 199019, 75077, 359222] 279 [10680, 776, 8, 21, 76315] 96 
158 [1697517, 25634, 61128, 1928, 12, 51, 209281, 77770, 375838] 291 [11115, 826, 6, 22, 80548] 102 
159 [1680418, 26726, 63417, 2024, 11, 48, 220233, 80432, 392928] 302 [11572, 877, 5, 17, 85089] 107 
160 [1662878, 27707, 65894, 2122, 16, 57, 231600, 83024, 410459] 318 [12096, 902, 7, 27, 89759] 114 
161 [1644996, 28647, 68634, 2224, 14, 63, 243470, 85234, 428333] 332 [12443, 955, 6, 23, 94664] 120 
162 [1626321, 29794, 71204, 2317, 23, 78, 255706, 87825, 446997] 355 [13036, 984, 12, 33, 99676] 132 
163 [1607353, 30882, 73784, 2437, 23, 49, 268553, 90164, 465942] 378 [13545, 1045, 9, 15, 105008] 141 
164 [1587725, 31976, 76157, 2549, 24, 68, 282030, 92693, 485547] 402 [14025, 1101, 7, 32, 110599] 148 
165 [1568111, 33168, 78550, 2633, 38, 57, 295874, 94767, 505146] 440 [14605, 1137, 17, 20, 116392] 165 
166 [1547799, 34100, 81054, 2734, 38, 53, 310185, 97197, 525427] 478 [15113, 1187, 17, 18, 122301] 182 
167 [1527240, 35268, 83608, 2824, 57, 55, 324989, 99081, 545967] 535 [15582, 1219, 23, 26, 128519] 205 
168 [1506285, 36331, 85804, 2947, 46, 58, 340526, 101068, 566877] 581 [16129, 1261, 21, 31, 134992] 226 
169 [1485067, 37341, 88341, 3051, 58, 49, 356454, 102658, 588064] 639 [16639, 1302, 26, 26, 141727] 252 
170 [1463711, 38182, 90454, 3152, 81, 65, 372916, 104400, 609371] 720 [17088, 1366, 32, 31, 148707] 284 
171 [1441781, 39027, 92778, 3249, 75, 66, 389886, 106018, 631249] 795 [17511, 1403, 30, 29, 155871] 314 
172 [1419693, 39972, 94808, 3394, 77, 44, 407270, 107547, 653278] 872 [17944, 1481, 33, 15, 163234] 347 
173 [1397578, 40783, 97048, 3514, 79, 48, 424971, 108707, 675340] 951 [18323, 1535, 34, 18, 170725] 381 
174 [1375462, 41538, 98849, 3615, 90, 47, 443443, 109605, 697399] 1041 [18755, 1585, 38, 22, 178508] 419 
175 [1353013, 42169, 100599, 3731, 94, 46, 462209, 110698, 719787] 1135 [19099, 1647, 42, 16, 186563] 461 
176 [1330642, 42704, 102334, 3886, 98, 40, 481622, 111139, 742102] 1233 [19321, 1735, 35, 17, 194898] 496 
177 [1308248, 43388, 104107, 4007, 95, 42, 501035, 111445, 764416] 1328 [19567, 1799, 38, 25, 203342] 534 
178 [1285657, 43980, 105254, 4149, 118, 38, 521155, 111921, 786947] 1446 [19998, 1859, 53, 16, 211989] 587 
179 [1263415, 44322, 106464, 4266, 126, 37, 541477, 112047, 809116] 1572 [20197, 1924, 55, 13, 220740] 642 
180 [1241345, 44951, 107309, 4401, 111, 29, 562214, 111668, 831109] 1683 [20610, 1988, 41, 13, 229597] 683 
181 [1219520, 45270, 108178, 4520, 123, 28, 583156, 111122, 852873] 1806 [20877, 2034, 62, 10, 238669] 745 
182 [1197784, 45581, 108895, 4668, 110, 29, 604263, 110464, 874535] 1916 [21160, 2100, 46, 16, 248012] 791 
183 [1176310, 45982, 109157, 4788, 133, 27, 625940, 109347, 895938] 2049 [21418, 2166, 57, 9, 257402] 848 
184 [1154856, 45973, 109312, 4896, 135, 31, 647789, 108559, 917310] 2184 [21466, 2225, 55, 15, 266969] 903 
185 [1134070, 45797, 109437, 5033, 138, 23, 669643, 107275, 937999] 2322 [21365, 2306, 61, 13, 276710] 964 
186 [1113921, 45753, 109183, 5139, 156, 24, 691503, 105599, 958063] 2478 [21406, 2371, 63, 11, 286423] 1027 
187 [1093935, 45640, 108584, 5278, 142, 24, 713670, 103849, 977947] 2620 [21397, 2427, 68, 11, 296258] 1095 
188 [1074468, 45288, 108056, 5349, 157, 24, 735796, 101842, 997324] 2777 [21266, 2467, 72, 9, 306133] 1167 
189 [1055413, 45052, 107339, 5455, 157, 23, 757941, 99443, 1016280] 2934 [21094, 2519, 74, 12, 315899] 1241 
190 [1036656, 44457, 106135, 5546, 186, 14, 780258, 97414, 1034944] 3120 [20854, 2548, 84, 5, 325844] 1325 
191 [1018565, 43860, 104686, 5614, 169, 17, 802213, 95356, 1052907] 3289 [20650, 2575, 81, 7, 335709] 1406 
192 [1001045, 43275, 103186, 5689, 184, 16, 824026, 92890, 1070333] 3473 [20469, 2620, 84, 6, 345431] 1490 
193 [983930, 42458, 101652, 5763, 162, 22, 845602, 90538, 1087337] 3635 [20099, 2663, 71, 9, 355281] 1561 
194 [967502, 41564, 99897, 5853, 167, 10, 867061, 87911, 1103677] 3802 [19701, 2690, 85, 4, 364984] 1646 
195 [951730, 40884, 97880, 5909, 183, 15, 888271, 84926, 1119353] 3985 [19446, 2709, 89, 7, 374700] 1735 
196 [936397, 39964, 95485, 5917, 199, 12, 909473, 82168, 1134590] 4184 [19129, 2732, 73, 6, 384235] 1808 
197 [921553, 39043, 93127, 5972, 180, 11, 930038, 79492, 1149325] 4364 [18781, 2760, 83, 3, 393616] 1891 
198 [907382, 38263, 90873, 6031, 168, 10, 949961, 76548, 1163399] 4532 [18510, 2792, 72, 4, 402713] 1963 
199 [893695, 37210, 88388, 6043, 203, 22, 969700, 73807, 1176984] 4735 [18008, 2806, 94, 12, 411730] 2057 
200 [880887, 36245, 85673, 6096, 179, 8, 988934, 70843, 1189681] 4914 [17615, 2832, 93, 3, 420495] 2150 
201 [868489, 35136, 83091, 6099, 191, 13, 1007759, 67908, 1201981] 5105 [17164, 2828, 93, 4, 429078] 2243 
202 [856703, 34037, 80301, 6079, 195, 16, 1026314, 64850, 1213661] 5300 [16657, 2837, 83, 5, 437705] 2326 
203 [845263, 32921, 77530, 6082, 196, 10, 1044179, 62119, 1224994] 5496 [16053, 2850, 89, 4, 446091] 2415 
204 [834425, 31748, 74888, 6070, 208, 11, 1061484, 59270, 1235729] 5704 [15459, 2866, 81, 5, 454113] 2496 
205 [823962, 30530, 71831, 6016, 224, 7, 1078401, 56925, 1246069] 5928 [14862, 2835, 105, 4, 461966] 2601 
206 [813950, 29447, 68931, 6011, 166, 16, 1094612, 54539, 1255936] 6094 [14367, 2832, 79, 7, 469464] 2680 
207 [804664, 28200, 66210, 5970, 199, 11, 1110213, 52039, 1265153] 6293 [13744, 2808, 96, 8, 476711] 2776 
208 [796114, 26943, 63588, 5926, 202, 8, 1125377, 49149, 1273603] 6495 [13092, 2798, 91, 3, 483825] 2867 
209 [787724, 25770, 60800, 5888, 185, 17, 1140020, 46701, 1281887] 6680 [12554, 2775, 93, 6, 490684] 2960 
210 [779938, 24629, 58229, 5880, 173, 10, 1154037, 44024, 1289583] 6853 [12053, 2772, 79, 4, 497309] 3039 
211 [772494, 23513, 55706, 5793, 205, 12, 1167568, 41456, 1296943] 7058 [11592, 2748, 84, 5, 503708] 3123 
212 [765371, 22454, 53252, 5722, 190, 12, 1180248, 39293, 1303973] 7248 [11074, 2729, 88, 2, 509661] 3211 
213 [758599, 21309, 50594, 5602, 212, 22, 1192499, 37515, 1310656] 7460 [10477, 2671, 107, 7, 515445] 3318 
214 [752288, 20308, 48220, 5522, 199, 14, 1204153, 35436, 1316866] 7659 [10020, 2641, 93, 4, 520957] 3411 
215 [746340, 19286, 45593, 5452, 176, 21, 1215475, 33598, 1322721] 7835 [9546, 2623, 80, 10, 526290] 3491 
216 [740612, 18260, 43236, 5378, 198, 11, 1226188, 31882, 1328385] 8033 [9032, 2578, 99, 7, 531498] 3590 
217 [735338, 17233, 40938, 5272, 211, 15, 1236527, 30033, 1333565] 8244 [8566, 2512, 107, 5, 536424] 3697 
218 [730335, 16290, 38691, 5170, 170, 14, 1246422, 28264, 1338469] 8414 [8058, 2471, 77, 3, 541186] 3774 
219 [725711, 15344, 36678, 5058, 190, 22, 1255606, 26577, 1343010] 8604 [7592, 2417, 91, 5, 545540] 3865 
220 [721302, 14546, 34882, 4969, 176, 16, 1264067, 25038, 1347357] 8780 [7199, 2378, 78, 10, 549654] 3943 
221 [717157, 13786, 33003, 4845, 201, 9, 1272364, 23455, 1351432] 8981 [6823, 2321, 97, 5, 553649] 4040 
222 [713271, 13077, 31222, 4748, 170, 16, 1280048, 22067, 1355220] 9151 [6528, 2280, 83, 8, 557358] 4123 
223 [709526, 12372, 29518, 4643, 168, 9, 1287404, 20809, 1358903] 9319 [6191, 2236, 78, 4, 560954] 4201 
224 [706064, 11587, 27823, 4526, 158, 24, 1294452, 19647, 1362298] 9477 [5807, 2175, 82, 10, 564318] 4283 
225 [702876, 10896, 26145, 4410, 168, 26, 1301176, 18426, 1365410] 9645 [5495, 2132, 67, 13, 567605] 4350 
226 [699787, 10325, 24573, 4302, 153, 19, 1307426, 17370, 1368442] 9798 [5236, 2089, 73, 7, 570643] 4423 
227 [696932, 9743, 23097, 4171, 162, 33, 1313325, 16339, 1371238] 9960 [4968, 2035, 77, 16, 573471] 4500 
228 [694249, 9191, 21696, 4035, 157, 28, 1319007, 15277, 1373848] 10117 [4705, 1986, 69, 10, 576230] 4569 
229 [691777, 8674, 20409, 3933, 134, 31, 1324238, 14287, 1376249] 10251 [4411, 1932, 68, 15, 578890] 4637 
230 [689394, 8130, 19140, 3817, 134, 37, 1329215, 13482, 1378587] 10385 [4131, 1885, 58, 17, 581344] 4695 
231 [687154, 7645, 18095, 3691, 124, 42, 1333831, 12633, 1380787] 10509 [3891, 1821, 64, 23, 583653] 4759 
232 [685089, 7180, 17007, 3566, 133, 42, 1338231, 11843, 1382807] 10642 [3675, 1753, 71, 22, 585853] 4830 
233 [683229, 6709, 16035, 3424, 141, 44, 1342356, 11020, 1384604] 10783 [3428, 1678, 73, 21, 587875] 4903 
234 [681538, 6259, 15097, 3292, 112, 51, 1346229, 10239, 1386250] 10895 [3226, 1615, 53, 29, 589768] 4956 
235 [679855, 5865, 14145, 3164, 117, 49, 1349971, 9539, 1387887] 11012 [3026, 1554, 51, 29, 591617] 5007 
236 [678277, 5535, 13269, 3015, 113, 58, 1353444, 8877, 1389433] 11125 [2865, 1479, 57, 30, 593316] 5064 
237 [676783, 5186, 12488, 2881, 86, 81, 1356664, 8306, 1390887] 11211 [2700, 1420, 45, 27, 594899] 5109 
238 [675374, 4866, 11584, 2730, 99, 82, 1359799, 7855, 1392261] 11310 [2517, 1343, 54, 38, 596433] 5163 
239 [674072, 4526, 10755, 2593, 75, 97, 1362706, 7466, 1393529] 11385 [2348, 1286, 30, 41, 597915] 5193 
240 [672867, 4247, 10051, 2486, 53, 82, 1365441, 6988, 1394706] 11438 [2241, 1234, 27, 37, 599288] 5220 
241 [671711, 3985, 9420, 2352, 59, 101, 1367968, 6566, 1395845] 11497 [2087, 1171, 27, 48, 600542] 5247 
242 [670695, 3714, 8811, 2215, 54, 113, 1370413, 6088, 1396846] 11551 [1936, 1110, 24, 48, 601774] 5271 
243 [669692, 3460, 8241, 2066, 41, 125, 1372742, 5682, 1397833] 11592 [1804, 1040, 15, 67, 602924] 5286 
244 [668790, 3229, 7711, 1890, 28, 170, 1374908, 5282, 1398725] 11620 [1675, 941, 15, 97, 604020] 5301 
245 [667898, 3052, 7234, 1732, 12, 169, 1376914, 4969, 1399600] 11632 [1605, 863, 8, 82, 605014] 5309 
246 [667069, 2851, 6907, 1567, 13, 170, 1378749, 4642, 1400426] 11645 [1477, 797, 7, 73, 605916] 5316 
247 [666292, 2657, 6442, 1405, 11, 167, 1380578, 4403, 1401197] 11656 [1366, 705, 5, 94, 606834] 5321 
248 [665587, 2503, 6032, 1250, 8, 159, 1382300, 4105, 1401900] 11664 [1304, 628, 5, 77, 607703] 5326 
249 [664912, 2308, 5642, 1085, 8, 166, 1383937, 3878, 1402570] 11672 [1224, 555, 4, 73, 608526] 5330 
250 [664332, 2138, 5296, 949, 9, 143, 1385495, 3566, 1403147] 11681 [1142, 492, 5, 66, 609282] 5335 
251 [663759, 2027, 4935, 822, 6, 131, 1386929, 3310, 1403719] 11687 [1075, 429, 3, 66, 610020] 5338 
252 [663254, 1913, 4624, 720, 2, 114, 1388248, 3038, 1404221] 11689 [1019, 372, 1, 63, 610681] 5339 
253 [662765, 1810, 4281, 634, 7, 91, 1389501, 2822, 1404709] 11696 [981, 334, 3, 41, 611311] 5342 
254 [662317, 1700, 4050, 540, 6, 98, 1390598, 2595, 1405155] 11702 [920, 282, 3, 56, 611872] 5345 
255 [661866, 1575, 3752, 472, 3, 78, 1391686, 2466, 1405606] 11705 [852, 241, 1, 45, 612417] 5346 
256 [661436, 1480, 3514, 420, 3, 62, 1392657, 2323, 1406035] 11708 [799, 214, 2, 32, 612908] 5348 
257 [661061, 1351, 3253, 390, 2, 39, 1393603, 2193, 1406410] 11710 [713, 202, 2, 19, 613402] 5350 
258 [660736, 1239, 3030, 349, 2, 47, 1394458, 2029, 1406734] 11712 [668, 183, 2, 21, 613826] 5352 
259 [660410, 1101, 2839, 316, 0, 42, 1395273, 1907, 1407057] 11712 [593, 167, 0, 21, 614244] 5352 
260 [660137, 1027, 2665, 288, 1, 30, 1396011, 1729, 1407330] 11713 [557, 151, 0, 18, 614622] 5352 
261 [659852, 970, 2484, 258, 2, 32, 1396705, 1584, 1407614] 11715 [528, 140, 0, 13, 614971] 5352 
262 [659572, 919, 2331, 234, 2, 27, 1397311, 1489, 1407893] 11717 [511, 131, 1, 10, 615268] 5353 
263 [659324, 863, 2144, 215, 4, 19, 1397902, 1412, 1408139] 11721 [480, 120, 1, 12, 615572] 5354 
264 [659095, 814, 2017, 196, 1, 21, 1398420, 1315, 1408368] 11722 [464, 109, 0, 12, 615840] 5354 
265 [658884, 757, 1856, 179, 0, 22, 1398927, 1253, 1408578] 11722 [431, 100, 0, 12, 616104] 5354 
266 [658691, 720, 1729, 167, 2, 17, 1399391, 1161, 1408771] 11724 [412, 87, 2, 14, 616359] 5356 
267 [658500, 667, 1613, 154, 2, 13, 1399855, 1072, 1408961] 11726 [377, 82, 1, 5, 616607] 5357 
268 [658320, 611, 1490, 146, 2, 9, 1400292, 1004, 1409140] 11728 [348, 80, 0, 4, 616845] 5357 
269 [658138, 575, 1381, 139, 2, 8, 1400672, 957, 1409321] 11730 [324, 78, 1, 4, 617061] 5358 
270 [657987, 533, 1309, 127, 0, 14, 1401003, 897, 1409470] 11730 [295, 72, 0, 7, 617227] 5358 
271 [657866, 494, 1218, 125, 0, 5, 1401337, 825, 1409591] 11730 [264, 71, 0, 3, 617392] 5358 
272 [657727, 446, 1180, 117, 1, 12, 1401614, 773, 1409730] 11731 [238, 68, 1, 6, 617540] 5359 
273 [657598, 426, 1098, 110, 0, 10, 1401905, 722, 1409859] 11731 [225, 65, 0, 5, 617695] 5359 
274 [657491, 399, 1027, 103, 0, 10, 1402192, 647, 1409966] 11731 [215, 60, 0, 7, 617839] 5359 
275 [657388, 372, 957, 93, 1, 12, 1402447, 599, 1410069] 11732 [191, 57, 0, 5, 617982] 5359 
276 [657293, 331, 890, 85, 0, 12, 1402684, 573, 1410163] 11732 [167, 51, 0, 7, 618100] 5359 
277 [657212, 307, 839, 78, 1, 9, 1402907, 515, 1410244] 11733 [160, 44, 0, 8, 618214] 5359 
278 [657119, 285, 796, 76, 0, 5, 1403107, 479, 1410337] 11733 [151, 42, 0, 3, 618327] 5359 
279 [657023, 276, 724, 66, 2, 9, 1403299, 468, 1410433] 11735 [147, 36, 2, 5, 618434] 5361 
280 [656960, 254, 671, 64, 0, 3, 1403485, 428, 1410494] 11735 [135, 34, 0, 2, 618534] 5361 
281 [656888, 244, 595, 62, 1, 3, 1403667, 405, 1410566] 11736 [118, 34, 0, 1, 618638] 5361 
282 [656817, 235, 535, 58, 0, 5, 1403819, 395, 1410637] 11736 [126, 32, 0, 2, 618710] 5361 
283 [656759, 226, 519, 54, 0, 4, 1403942, 360, 1410695] 11736 [123, 30, 0, 2, 618778] 5361 
284 [656712, 213, 487, 53, 0, 3, 1404085, 311, 1410742] 11736 [114, 31, 0, 1, 618869] 5361 
285 [656666, 189, 442, 51, 0, 5, 1404217, 294, 1410788] 11736 [102, 29, 0, 3, 618932] 5361 
286 [656618, 169, 427, 45, 1, 6, 1404328, 270, 1410836] 11737 [94, 26, 0, 3, 618990] 5361 
287 [656584, 161, 406, 44, 0, 1, 1404434, 233, 1410870] 11737 [93, 25, 0, 1, 619043] 5361 
288 [656546, 135, 397, 42, 0, 3, 1404527, 213, 1410908] 11737 [86, 24, 0, 2, 619085] 5361 
289 [656509, 124, 374, 39, 0, 3, 1404611, 203, 1410945] 11737 [73, 21, 0, 3, 619137] 5361 
290 [656470, 114, 336, 38, 0, 2, 1404707, 196, 1410984] 11737 [67, 20, 0, 1, 619198] 5361 
291 [656431, 104, 297, 36, 0, 3, 1404805, 187, 1411023] 11737 [62, 19, 0, 2, 619251] 5361 
292 [656407, 100, 274, 31, 0, 5, 1404869, 177, 1411047] 11737 [58, 15, 0, 4, 619295] 5361 
293 [656382, 97, 243, 28, 0, 3, 1404946, 164, 1411072] 11737 [50, 13, 0, 2, 619341] 5361 
294 [656348, 88, 218, 28, 1, 1, 1405018, 161, 1411106] 11738 [44, 12, 0, 1, 619380] 5361 
295 [656330, 89, 198, 25, 1, 3, 1405076, 140, 1411123] 11739 [47, 10, 0, 2, 619418] 5361 
296 [656308, 85, 194, 21, 0, 4, 1405126, 123, 1411145] 11739 [48, 9, 0, 1, 619443] 5361 
297 [656284, 84, 173, 20, 0, 2, 1405175, 123, 1411169] 11739 [49, 8, 0, 1, 619472] 5361 
298 [656258, 82, 154, 16, 1, 3, 1405223, 124, 1411195] 11740 [47, 6, 1, 1, 619497] 5362 
299 [656242, 80, 156, 15, 0, 1, 1405260, 106, 1411210] 11740 [47, 5, 0, 1, 619517] 5362 
300 [656218, 73, 143, 14, 0, 1, 1405299, 112, 1411234] 11740 [47, 5, 0, 0, 619538] 5362 
301 [656201, 68, 132, 13, 0, 2, 1405337, 107, 1411251] 11740 [43, 5, 0, 1, 619557] 5362 
302 [656187, 63, 122, 12, 0, 1, 1405378, 97, 1411265] 11740 [37, 5, 0, 0, 619582] 5362 
303 [656175, 58, 114, 11, 1, 0, 1405418, 83, 1411277] 11741 [32, 4, 1, 0, 619604] 5363 
304 [656156, 52, 113, 9, 0, 2, 1405441, 86, 1411296] 11741 [28, 2, 0, 2, 619619] 5363 
305 [656145, 51, 113, 8, 0, 1, 1405468, 73, 1411307] 11741 [29, 2, 0, 0, 619636] 5363 
306 [656139, 48, 99, 7, 0, 1, 1405503, 62, 1411313] 11741 [28, 2, 0, 0, 619655] 5363 
307 [656128, 46, 97, 7, 0, 0, 1405522, 59, 1411324] 11741 [27, 2, 0, 0, 619666] 5363 
308 [656119, 37, 96, 6, 0, 1, 1405544, 56, 1411333] 11741 [22, 1, 0, 1, 619679] 5363 
309 [656113, 31, 97, 6, 0, 0, 1405569, 43, 1411339] 11741 [20, 1, 0, 0, 619692] 5363 
310 [656105, 24, 88, 6, 0, 1, 1405595, 40, 1411347] 11741 [18, 1, 0, 0, 619702] 5363 
311 [656091, 25, 77, 6, 0, 0, 1405612, 48, 1411361] 11741 [18, 1, 0, 0, 619710] 5363 
312 [656084, 23, 67, 6, 0, 0, 1405635, 44, 1411368] 11741 [14, 1, 0, 0, 619725] 5363 
313 [656080, 21, 59, 8, 0, 0, 1405652, 39, 1411372] 11741 [14, 2, 0, 0, 619736] 5363 
314 [656075, 19, 53, 6, 0, 2, 1405666, 38, 1411377] 11741 [12, 2, 0, 0, 619743] 5363 
315 [656071, 23, 45, 5, 0, 1, 1405680, 34, 1411381] 11741 [15, 2, 0, 0, 619749] 5363 
316 [656066, 25, 39, 5, 0, 0, 1405699, 25, 1411386] 11741 [15, 2, 0, 0, 619759] 5363 
317 [656064, 23, 38, 4, 0, 1, 1405709, 20, 1411388] 11741 [15, 2, 0, 0, 619762] 5363 
318 [656063, 23, 36, 4, 0, 0, 1405716, 17, 1411389] 11741 [13, 2, 0, 0, 619765] 5363 
319 [656062, 18, 35, 4, 0, 0, 1405727, 13, 1411390] 11741 [11, 2, 0, 0, 619767] 5363 
320 [656058, 14, 34, 4, 0, 0, 1405736, 13, 1411394] 11741 [7, 2, 0, 0, 619774] 5363 
321 [656055, 13, 34, 3, 0, 1, 1405742, 11, 1411397] 11741 [6, 1, 0, 1, 619778] 5363 
322 [656051, 10, 31, 3, 0, 0, 1405751, 13, 1411401] 11741 [4, 1, 0, 0, 619784] 5363 
323 [656048, 6, 22, 3, 0, 0, 1405765, 15, 1411404] 11741 [2, 1, 0, 0, 619788] 5363 
324 [656048, 5, 17, 3, 0, 0, 1405772, 14, 1411404] 11741 [1, 1, 0, 0, 619792] 5363 
325 [656047, 3, 19, 3, 0, 0, 1405776, 11, 1411405] 11741 [2, 1, 0, 0, 619793] 5363 
326 [656046, 4, 16, 3, 0, 0, 1405781, 9, 1411406] 11741 [3, 1, 0, 0, 619796] 5363 
327 [656045, 5, 15, 3, 0, 0, 1405785, 6, 1411407] 11741 [3, 1, 0, 0, 619798] 5363 
328 [656045, 7, 11, 3, 0, 0, 1405790, 3, 1411407] 11741 [4, 1, 0, 0, 619800] 5363 
329 [656044, 6, 10, 3, 0, 0, 1405792, 4, 1411408] 11741 [3, 1, 0, 0, 619801] 5363 
330 [656044, 7, 9, 2, 0, 1, 1405793, 3, 1411408] 11741 [3, 1, 0, 0, 619801] 5363 
331 [656040, 7, 9, 2, 0, 0, 1405795, 6, 1411412] 11741 [3, 1, 0, 0, 619801] 5363 
332 [656038, 5, 7, 3, 0, 0, 1405799, 7, 1411414] 11741 [1, 2, 0, 0, 619804] 5363 
333 [656037, 4, 5, 1, 0, 2, 1405802, 8, 1411415] 11741 [0, 1, 0, 1, 619805] 5363 
334 [656035, 3, 3, 1, 0, 0, 1405808, 9, 1411417] 11741 [0, 1, 0, 0, 619808] 5363 
335 [656033, 1, 3, 1, 0, 0, 1405810, 11, 1411419] 11741 [0, 1, 0, 0, 619808] 5363 
336 [656033, 3, 5, 1, 0, 0, 1405810, 7, 1411419] 11741 [1, 1, 0, 0, 619808] 5363 
337 [656033, 3, 6, 1, 0, 0, 1405811, 5, 1411419] 11741 [2, 1, 0, 0, 619808] 5363 
338 [656032, 4, 5, 1, 0, 0, 1405812, 5, 1411420] 11741 [3, 1, 0, 0, 619808] 5363 
339 [656032, 5, 5, 1, 0, 0, 1405813, 3, 1411420] 11741 [3, 1, 0, 0, 619808] 5363 
340 [656031, 5, 7, 1, 0, 0, 1405813, 2, 1411421] 11741 [3, 1, 0, 0, 619808] 5363 
341 [656029, 5, 6, 1, 0, 0, 1405814, 4, 1411423] 11741 [3, 1, 0, 0, 619808] 5363 
342 [656029, 5, 6, 1, 0, 0, 1405814, 4, 1411423] 11741 [3, 1, 0, 0, 619808] 5363 
343 [656029, 3, 5, 1, 0, 0, 1405818, 3, 1411423] 11741 [2, 1, 0, 0, 619810] 5363 
344 [656029, 2, 4, 1, 0, 0, 1405820, 3, 1411423] 11741 [1, 1, 0, 0, 619811] 5363 
345 [656029, 1, 5, 1, 0, 0, 1405821, 2, 1411423] 11741 [0, 1, 0, 0, 619812] 5363 
346 [656029, 1, 5, 1, 0, 0, 1405823, 0, 1411423] 11741 [0, 1, 0, 0, 619813] 5363 
347 [656028, 1, 3, 1, 0, 0, 1405825, 1, 1411424] 11741 [0, 1, 0, 0, 619813] 5363 
348 [656027, 1, 3, 1, 0, 0, 1405825, 2, 1411425] 11741 [0, 1, 0, 0, 619813] 5363 
349 [656027, 1, 3, 1, 0, 0, 1405825, 2, 1411425] 11741 [0, 1, 0, 0, 619813] 5363 
350 [656026, 1, 2, 1, 0, 0, 1405826, 3, 1411426] 11741 [0, 1, 0, 0, 619813] 5363 
351 [656026, 1, 2, 1, 0, 0, 1405826, 3, 1411426] 11741 [0, 1, 0, 0, 619813] 5363 
352 [656024, 1, 2, 0, 0, 1, 1405827, 4, 1411428] 11741 [0, 0, 0, 1, 619814] 5363 
353 [656024, 0, 2, 0, 0, 0, 1405830, 3, 1411428] 11741 [0, 0, 0, 0, 619815] 5363 
354 [656024, 0, 2, 0, 0, 0, 1405830, 3, 1411428] 11741 [0, 0, 0, 0, 619815] 5363 
355 [656024, 1, 2, 0, 0, 0, 1405830, 2, 1411428] 11741 [1, 0, 0, 0, 619815] 5363 
356 [656024, 1, 2, 0, 0, 0, 1405830, 2, 1411428] 11741 [1, 0, 0, 0, 619815] 5363 
357 [656024, 3, 2, 0, 0, 0, 1405830, 0, 1411428] 11741 [2, 0, 0, 0, 619815] 5363 
358 [656024, 3, 2, 0, 0, 0, 1405830, 0, 1411428] 11741 [2, 0, 0, 0, 619815] 5363 
359 [656023, 2, 1, 1, 0, 0, 1405831, 1, 1411429] 11741 [1, 1, 0, 0, 619815] 5363 
360 [656023, 2, 0, 1, 0, 0, 1405832, 1, 1411429] 11741 [1, 1, 0, 0, 619815] 5363 
361 [656023, 2, 0, 1, 0, 0, 1405832, 1, 1411429] 11741 [1, 1, 0, 0, 619815] 5363 
362 [656023, 1, 0, 1, 0, 0, 1405833, 1, 1411429] 11741 [0, 1, 0, 0, 619816] 5363 
363 [656023, 1, 0, 1, 0, 0, 1405833, 1, 1411429] 11741 [0, 1, 0, 0, 619816] 5363 
364 [656023, 1, 0, 1, 0, 0, 1405834, 0, 1411429] 11741 [1, 1, 0, 0, 619816] 5363 
365 [656022, 1, 0, 1, 0, 0, 1405834, 1, 1411430] 11741 [1, 1, 0, 0, 619816] 5363 
366 [656022, 1, 0, 1, 0, 0, 1405834, 1, 1411430] 11741 [1, 1, 0, 0, 619816] 5363 
367 [656022, 1, 0, 1, 0, 0, 1405834, 1, 1411430] 11741 [1, 1, 0, 0, 619816] 5363 
368 [656022, 1, 0, 1, 0, 0, 1405834, 1, 1411430] 11741 [1, 1, 0, 0, 619816] 5363 
369 [656022, 1, 0, 1, 0, 0, 1405834, 1, 1411430] 11741 [1, 1, 0, 0, 619816] 5363 
370 [656022, 1, 1, 1, 0, 0, 1405834, 0, 1411430] 11741 [1, 1, 0, 0, 619816] 5363 
371 [656022, 0, 1, 1, 0, 0, 1405835, 0, 1411430] 11741 [0, 1, 0, 0, 619817] 5363 
372 [656022, 0, 1, 1, 0, 0, 1405835, 0, 1411430] 11741 [0, 1, 0, 0, 619817] 5363 
373 [656022, 0, 1, 1, 0, 0, 1405835, 0, 1411430] 11741 [0, 1, 0, 0, 619817] 5363 
374 [656022, 0, 1, 1, 0, 0, 1405835, 0, 1411430] 11741 [0, 1, 0, 0, 619817] 5363 
375 [656022, 0, 1, 1, 0, 0, 1405835, 0, 1411430] 11741 [0, 1, 0, 0, 619817] 5363 
376 [656021, 0, 1, 1, 0, 0, 1405835, 1, 1411431] 11741 [0, 1, 0, 0, 619817] 5363 
377 [656021, 0, 0, 1, 0, 0, 1405836, 1, 1411431] 11741 [0, 1, 0, 0, 619818] 5363 
378 [656021, 0, 0, 1, 0, 0, 1405836, 1, 1411431] 11741 [0, 1, 0, 0, 619818] 5363 
379 [656021, 0, 0, 1, 0, 0, 1405836, 1, 1411431] 11741 [0, 1, 0, 0, 619818] 5363 
380 [656021, 0, 0, 0, 0, 1, 1405836, 1, 1411431] 11741 [0, 0, 0, 1, 619818] 5363 
381 [656021, 0, 1, 0, 0, 0, 1405837, 0, 1411431] 11741 [0, 0, 0, 0, 619819] 5363 
382 [656021, 0, 1, 0, 0, 0, 1405837, 0, 1411431] 11741 [0, 0, 0, 0, 619819] 5363 
383 [656021, 0, 1, 0, 0, 0, 1405837, 0, 1411431] 11741 [0, 0, 0, 0, 619819] 5363 
384 [656021, 0, 1, 0, 0, 0, 1405837, 0, 1411431] 11741 [0, 0, 0, 0, 619819] 5363 
385 [656021, 0, 1, 0, 0, 0, 1405837, 0, 1411431] 11741 [0, 0, 0, 0, 619819] 5363 
386 [656021, 0, 1, 0, 0, 0, 1405837, 0, 1411431] 11741 [0, 0, 0, 0, 619819] 5363 
387 [656021, 0, 1, 0, 0, 0, 1405837, 0, 1411431] 11741 [0, 0, 0, 0, 619819] 5363 
388 [656020, 0, 0, 0, 0, 0, 1405838, 1, 1411432] 11741 [0, 0, 0, 0, 619820] 5363 
389 [656020, 0, 0, 0, 0, 0, 1405838, 1, 1411432] 11741 [0, 0, 0, 0, 619820] 5363 
390 [656020, 0, 0, 0, 0, 0, 1405838, 1, 1411432] 11741 [0, 0, 0, 0, 619820] 5363 
391 [656020, 0, 0, 0, 0, 0, 1405838, 1, 1411432] 11741 [0, 0, 0, 0, 619820] 5363 
392 [656020, 0, 0, 0, 0, 0, 1405838, 1, 1411432] 11741 [0, 0, 0, 0, 619820] 5363 
393 [656020, 1, 0, 0, 0, 0, 1405838, 0, 1411432] 11741 [1, 0, 0, 0, 619820] 5363 
394 [656020, 1, 0, 0, 0, 0, 1405838, 0, 1411432] 11741 [1, 0, 0, 0, 619820] 5363 
395 [656020, 1, 0, 0, 0, 0, 1405838, 0, 1411432] 11741 [1, 0, 0, 0, 619820] 5363 
396 [656020, 1, 0, 0, 0, 0, 1405838, 0, 1411432] 11741 [1, 0, 0, 0, 619820] 5363 
397 [656020, 1, 0, 0, 0, 0, 1405838, 0, 1411432] 11741 [1, 0, 0, 0, 619820] 5363 
398 [656020, 1, 0, 0, 0, 0, 1405838, 0, 1411432] 11741 [1, 0, 0, 0, 619820] 5363 
399 [656020, 1, 0, 0, 0, 0, 1405838, 0, 1411432] 11741 [1, 0, 0, 0, 619820] 5363 
400 [656020, 0, 0, 0, 0, 0, 1405839, 0, 1411432] 11741 [0, 0, 0, 0, 619821] 5363 
[656020, 0, 0, 0, 0, 0, 1405839, 0, 1411432] 0.6779701967592593 11741
882401 992134
