1.08 1.8 15 207360 8 2073 960 192 0.9 0.9 0.9 0 120 False 0.7 5 7 7 0.03214285714285715 0.0071428571428571435 20 0.0025 1 False 1000 0.05
1 [2073585, 7, 8, 0, 0, 0, 0, 0, 0] 0 [3, 0, 0, 0, 0] 0 
2 [2073582, 7, 8, 0, 0, 0, 0, 3, 3] 0 [3, 0, 0, 0, 0] 0 
3 [2073579, 7, 8, 0, 0, 0, 0, 6, 6] 0 [3, 0, 0, 0, 0] 0 
4 [2073573, 7, 8, 0, 0, 0, 0, 12, 12] 0 [3, 0, 0, 0, 0] 0 
5 [2073570, 7, 8, 0, 0, 0, 0, 15, 15] 0 [3, 0, 0, 0, 0] 0 
6 [2073566, 7, 8, 0, 0, 0, 0, 19, 19] 0 [3, 0, 0, 0, 0] 0 
7 [2073566, 9, 9, 0, 0, 0, 0, 16, 19] 0 [3, 0, 0, 0, 0] 0 
8 [2073564, 2, 4, 0, 0, 0, 15, 15, 21] 0 [0, 0, 0, 0, 3] 0 
9 [2073562, 4, 8, 0, 0, 0, 15, 11, 23] 0 [1, 0, 0, 0, 3] 0 
10 [2073559, 4, 11, 0, 0, 0, 15, 11, 26] 0 [1, 0, 0, 0, 3] 0 
11 [2073555, 6, 13, 0, 0, 0, 15, 11, 30] 0 [2, 0, 0, 0, 3] 0 
12 [2073550, 6, 13, 0, 0, 0, 15, 16, 35] 0 [2, 0, 0, 0, 3] 0 
13 [2073546, 7, 14, 0, 0, 0, 15, 18, 39] 0 [2, 0, 0, 0, 3] 0 
14 [2073542, 6, 14, 0, 0, 0, 18, 20, 43] 0 [2, 0, 0, 0, 3] 0 
15 [2073540, 7, 13, 0, 0, 0, 21, 19, 45] 0 [3, 0, 0, 0, 3] 0 
16 [2073537, 7, 11, 0, 0, 0, 27, 18, 48] 0 [2, 0, 0, 0, 7] 0 
17 [2073532, 8, 12, 0, 0, 0, 30, 18, 53] 0 [2, 0, 0, 0, 8] 0 
18 [2073528, 8, 12, 0, 0, 0, 34, 18, 57] 0 [1, 0, 0, 0, 9] 0 
19 [2073526, 10, 14, 0, 0, 0, 34, 16, 59] 0 [1, 0, 0, 0, 9] 0 
20 [2073520, 10, 14, 0, 0, 0, 36, 20, 65] 0 [1, 0, 0, 0, 9] 0 
21 [2073513, 9, 16, 0, 0, 0, 38, 24, 72] 0 [1, 0, 0, 0, 9] 0 
22 [2073510, 11, 16, 0, 0, 0, 41, 22, 75] 0 [0, 0, 0, 0, 11] 0 
23 [2073502, 9, 18, 0, 0, 0, 45, 26, 83] 0 [0, 0, 0, 0, 12] 0 
24 [2073494, 8, 16, 0, 0, 0, 50, 32, 91] 0 [0, 0, 0, 0, 13] 0 
25 [2073486, 8, 18, 0, 0, 0, 54, 34, 99] 0 [0, 0, 0, 0, 13] 0 
26 [2073476, 9, 20, 0, 0, 0, 58, 37, 109] 0 [1, 0, 0, 0, 14] 0 
27 [2073467, 9, 21, 0, 0, 0, 60, 43, 118] 0 [1, 0, 0, 0, 14] 0 
28 [2073460, 12, 23, 0, 0, 0, 63, 42, 125] 0 [1, 0, 0, 0, 15] 0 
29 [2073455, 10, 28, 0, 0, 0, 68, 39, 130] 0 [1, 0, 0, 0, 16] 0 
30 [2073442, 13, 29, 0, 0, 0, 72, 44, 143] 0 [2, 0, 0, 0, 18] 0 
31 [2073430, 17, 33, 0, 0, 0, 74, 46, 155] 0 [2, 0, 0, 0, 19] 0 
32 [2073414, 21, 32, 0, 0, 0, 80, 53, 171] 0 [4, 0, 0, 0, 19] 0 
33 [2073401, 21, 32, 0, 0, 0, 87, 59, 184] 0 [3, 0, 0, 0, 21] 0 
34 [2073392, 22, 33, 0, 0, 0, 90, 63, 193] 0 [3, 0, 0, 0, 21] 0 
35 [2073380, 23, 37, 0, 0, 0, 98, 62, 205] 0 [3, 0, 0, 0, 21] 0 
36 [2073367, 26, 37, 1, 0, 0, 106, 63, 218] 0 [4, 0, 0, 0, 23] 0 
37 [2073356, 30, 42, 1, 0, 0, 113, 58, 229] 0 [4, 0, 0, 0, 25] 0 
38 [2073338, 29, 46, 1, 0, 0, 123, 63, 247] 0 [5, 0, 0, 0, 27] 0 
39 [2073326, 25, 49, 2, 0, 0, 132, 66, 259] 0 [4, 0, 0, 0, 30] 0 
40 [2073306, 24, 55, 2, 0, 0, 139, 74, 279] 0 [4, 0, 0, 0, 30] 0 
41 [2073284, 27, 60, 2, 0, 0, 144, 83, 301] 0 [4, 0, 0, 0, 32] 0 
42 [2073259, 24, 61, 2, 0, 0, 157, 97, 326] 0 [5, 0, 0, 0, 33] 0 
43 [2073239, 27, 64, 2, 0, 0, 169, 99, 346] 0 [4, 0, 0, 0, 35] 0 
44 [2073215, 26, 61, 2, 0, 0, 185, 111, 370] 0 [3, 0, 0, 0, 37] 0 
45 [2073193, 32, 63, 2, 0, 0, 197, 113, 392] 0 [3, 0, 0, 0, 42] 0 
46 [2073173, 35, 73, 2, 0, 0, 206, 111, 412] 0 [2, 0, 0, 0, 45] 0 
47 [2073147, 42, 79, 2, 0, 0, 218, 112, 438] 0 [4, 0, 0, 0, 45] 0 
48 [2073116, 41, 87, 2, 0, 0, 231, 123, 469] 0 [5, 0, 0, 0, 45] 0 
49 [2073091, 51, 90, 2, 0, 0, 242, 124, 494] 0 [6, 0, 0, 0, 47] 0 
50 [2073062, 53, 92, 2, 0, 0, 260, 131, 523] 0 [9, 0, 0, 0, 51] 0 
51 [2073028, 52, 101, 2, 0, 0, 272, 145, 557] 0 [11, 0, 0, 0, 53] 0 
52 [2072995, 49, 110, 2, 0, 0, 292, 152, 590] 0 [12, 0, 0, 0, 56] 0 
53 [2072944, 54, 114, 2, 0, 0, 314, 172, 641] 0 [14, 0, 0, 0, 60] 0 
54 [2072896, 50, 117, 3, 0, 0, 339, 195, 689] 0 [11, 1, 0, 0, 66] 0 
55 [2072862, 55, 121, 2, 1, 0, 359, 200, 723] 1 [13, 1, 0, 0, 68] 0 
56 [2072816, 57, 129, 2, 0, 0, 383, 212, 767] 1 [14, 1, 0, 0, 72] 0 
57 [2072783, 58, 138, 3, 0, 0, 405, 212, 800] 1 [13, 1, 0, 0, 78] 0 
58 [2072736, 68, 159, 3, 0, 0, 425, 208, 847] 1 [15, 1, 0, 0, 81] 0 
59 [2072687, 77, 172, 1, 1, 1, 451, 209, 896] 2 [15, 1, 0, 0, 85] 0 
60 [2072647, 83, 170, 1, 0, 0, 482, 215, 936] 2 [16, 1, 0, 0, 90] 0 
61 [2072595, 93, 181, 1, 0, 0, 507, 221, 988] 2 [23, 1, 0, 0, 93] 0 
62 [2072529, 93, 183, 3, 0, 0, 536, 254, 1054] 2 [22, 1, 0, 0, 102] 0 
63 [2072452, 98, 192, 3, 0, 0, 569, 284, 1131] 2 [22, 1, 0, 0, 109] 0 
64 [2072380, 98, 208, 3, 0, 0, 602, 307, 1203] 2 [22, 1, 0, 0, 115] 0 
65 [2072315, 98, 197, 3, 0, 0, 653, 332, 1268] 2 [22, 1, 0, 0, 124] 0 
66 [2072249, 98, 201, 3, 0, 0, 701, 346, 1334] 2 [21, 1, 0, 0, 132] 0 
67 [2072167, 95, 236, 4, 0, 0, 734, 362, 1416] 2 [24, 2, 0, 0, 134] 0 
68 [2072086, 96, 263, 8, 0, 0, 779, 366, 1497] 2 [17, 4, 0, 0, 144] 0 
69 [2072015, 105, 294, 8, 0, 0, 811, 365, 1568] 2 [20, 4, 0, 0, 147] 0 
70 [2071922, 102, 314, 10, 0, 0, 857, 393, 1661] 2 [21, 4, 0, 0, 155] 0 
71 [2071797, 110, 323, 10, 0, 0, 906, 452, 1786] 2 [25, 4, 0, 0, 165] 0 
72 [2071695, 119, 358, 10, 0, 0, 944, 472, 1888] 2 [28, 4, 0, 0, 170] 0 
73 [2071575, 131, 374, 11, 0, 0, 996, 511, 2008] 2 [30, 4, 0, 0, 179] 0 
74 [2071454, 135, 376, 10, 0, 1, 1061, 561, 2129] 2 [27, 3, 0, 1, 192] 0 
75 [2071341, 140, 386, 12, 0, 0, 1138, 581, 2242] 2 [31, 3, 0, 0, 204] 0 
76 [2071219, 164, 416, 13, 0, 0, 1208, 578, 2364] 2 [35, 4, 0, 0, 214] 0 
77 [2071048, 178, 440, 13, 0, 0, 1272, 647, 2535] 2 [36, 4, 0, 0, 221] 0 
78 [2070913, 191, 480, 14, 0, 0, 1338, 662, 2670] 2 [40, 4, 0, 0, 237] 0 
79 [2070760, 210, 499, 16, 0, 0, 1419, 694, 2823] 2 [43, 4, 0, 0, 254] 0 
80 [2070603, 225, 517, 17, 0, 0, 1498, 738, 2980] 2 [48, 4, 0, 0, 266] 0 
81 [2070431, 250, 541, 20, 0, 0, 1568, 788, 3152] 2 [55, 4, 0, 0, 281] 0 
82 [2070262, 273, 594, 20, 0, 2, 1661, 786, 3321] 2 [65, 4, 0, 0, 294] 0 
83 [2070046, 265, 610, 22, 0, 0, 1788, 867, 3537] 2 [61, 5, 0, 0, 313] 0 
84 [2069853, 284, 642, 25, 0, 0, 1887, 907, 3730] 2 [67, 5, 0, 0, 325] 0 
85 [2069646, 295, 665, 29, 0, 0, 2006, 957, 3937] 2 [65, 7, 0, 0, 349] 0 
86 [2069393, 302, 708, 32, 0, 0, 2125, 1038, 4190] 2 [68, 7, 0, 0, 376] 0 
87 [2069154, 311, 756, 33, 0, 1, 2235, 1108, 4429] 2 [77, 6, 0, 1, 394] 0 
88 [2068912, 340, 825, 30, 0, 4, 2353, 1134, 4671] 2 [88, 5, 0, 2, 418] 0 
89 [2068662, 352, 837, 30, 0, 0, 2526, 1191, 4921] 2 [83, 5, 0, 0, 456] 0 
90 [2068363, 370, 892, 30, 0, 2, 2658, 1283, 5220] 2 [87, 5, 0, 0, 476] 0 
91 [2068043, 405, 959, 31, 1, 0, 2809, 1350, 5540] 3 [104, 5, 0, 0, 504] 0 
92 [2067701, 433, 1009, 36, 0, 0, 2965, 1453, 5882] 3 [117, 6, 0, 0, 540] 0 
93 [2067358, 463, 1047, 38, 0, 1, 3136, 1554, 6225] 3 [123, 7, 0, 0, 577] 0 
94 [2066989, 492, 1097, 40, 0, 0, 3306, 1673, 6594] 3 [129, 8, 0, 0, 612] 0 
95 [2066611, 507, 1167, 41, 0, 2, 3517, 1752, 6972] 3 [125, 8, 0, 0, 660] 0 
96 [2066228, 542, 1256, 43, 1, 1, 3711, 1815, 7355] 4 [134, 7, 1, 1, 693] 1 
97 [2065797, 594, 1339, 47, 0, 0, 3915, 1904, 7784] 4 [150, 8, 0, 0, 734] 1 
98 [2065329, 623, 1403, 49, 0, 1, 4162, 2029, 8252] 4 [149, 8, 0, 0, 791] 1 
99 [2064855, 649, 1502, 52, 0, 2, 4402, 2134, 8726] 4 [144, 11, 0, 0, 841] 1 
100 [2064305, 681, 1607, 55, 0, 0, 4642, 2306, 9276] 4 [162, 13, 0, 0, 889] 1 
101 [2063752, 712, 1703, 60, 0, 3, 4890, 2476, 9829] 4 [168, 15, 0, 0, 946] 1 
102 [2063145, 756, 1787, 66, 0, 2, 5188, 2652, 10436] 4 [180, 16, 0, 0, 998] 1 
103 [2062545, 803, 1888, 68, 0, 1, 5507, 2784, 11036] 4 [205, 16, 0, 0, 1067] 1 
104 [2061890, 849, 1970, 75, 0, 3, 5844, 2965, 11691] 4 [213, 19, 0, 0, 1142] 1 
105 [2061200, 906, 2125, 75, 0, 4, 6181, 3105, 12381] 4 [224, 18, 0, 2, 1212] 1 
106 [2060481, 938, 2269, 85, 1, 3, 6548, 3271, 13100] 5 [242, 19, 1, 0, 1278] 2 
107 [2059631, 1002, 2434, 90, 0, 2, 6922, 3514, 13949] 5 [259, 20, 0, 0, 1369] 2 
108 [2058772, 1077, 2576, 94, 2, 1, 7300, 3773, 14808] 7 [274, 21, 0, 1, 1446] 2 
109 [2057890, 1150, 2731, 98, 0, 0, 7724, 4000, 15689] 7 [290, 22, 0, 0, 1533] 2 
110 [2056965, 1201, 2910, 100, 0, 2, 8180, 4235, 16614] 7 [311, 23, 0, 0, 1648] 2 
111 [2055986, 1257, 3100, 104, 0, 2, 8649, 4495, 17593] 7 [329, 24, 0, 0, 1758] 2 
112 [2054940, 1328, 3327, 109, 0, 5, 9193, 4691, 18639] 7 [343, 28, 0, 1, 1874] 2 
113 [2053827, 1449, 3510, 111, 1, 3, 9747, 4945, 19752] 8 [370, 30, 0, 1, 2010] 2 
114 [2052643, 1518, 3713, 118, 1, 2, 10350, 5247, 20934] 9 [391, 32, 0, 1, 2134] 2 
115 [2051368, 1596, 3958, 121, 0, 3, 10948, 5597, 22208] 9 [405, 36, 0, 0, 2257] 2 
116 [2050021, 1679, 4187, 134, 1, 4, 11600, 5965, 23555] 10 [437, 39, 0, 1, 2402] 2 
117 [2048614, 1816, 4403, 143, 1, 2, 12285, 6326, 24962] 11 [464, 42, 0, 0, 2569] 2 
118 [2047084, 1942, 4666, 154, 0, 2, 12998, 6743, 26492] 11 [509, 43, 0, 0, 2720] 2 
119 [2045448, 2062, 4867, 164, 2, 5, 13846, 7195, 28128] 13 [550, 42, 1, 3, 2935] 3 
120 [2043800, 2180, 5170, 166, 3, 3, 14697, 7568, 29773] 16 [573, 42, 0, 2, 3137] 3 
121 [2042102, 2348, 5470, 169, 0, 7, 15569, 7919, 31469] 16 [628, 41, 0, 2, 3337] 3 
122 [2040253, 2496, 5802, 176, 3, 8, 16485, 8361, 33318] 19 [676, 43, 1, 1, 3543] 4 
123 [2038198, 2652, 6202, 182, 2, 3, 17456, 8886, 35371] 21 [718, 46, 1, 0, 3768] 5 
124 [2036175, 2803, 6630, 194, 1, 9, 18494, 9273, 37394] 22 [761, 46, 1, 3, 4013] 6 
125 [2033906, 2944, 7018, 212, 0, 4, 19600, 9894, 39662] 22 [783, 51, 0, 1, 4290] 6 
126 [2031507, 3076, 7396, 219, 0, 11, 20774, 10595, 42061] 22 [810, 54, 0, 2, 4557] 6 
127 [2029050, 3228, 7820, 231, 2, 6, 22038, 11203, 44518] 24 [873, 56, 1, 0, 4869] 7 
128 [2026424, 3414, 8339, 244, 1, 7, 23373, 11774, 47142] 25 [888, 58, 0, 2, 5207] 7 
129 [2023572, 3616, 8749, 257, 2, 4, 24772, 12603, 49993] 27 [957, 59, 0, 1, 5537] 7 
130 [2020684, 3838, 9265, 273, 1, 4, 26286, 13222, 52880] 28 [1007, 63, 0, 1, 5915] 7 
131 [2017582, 4005, 9853, 290, 2, 6, 27909, 13925, 55982] 30 [1053, 67, 0, 1, 6284] 7 
132 [2014257, 4220, 10430, 318, 0, 9, 29543, 14793, 59307] 30 [1112, 72, 0, 4, 6656] 7 
133 [2010915, 4492, 11079, 343, 1, 5, 31226, 15509, 62649] 31 [1207, 79, 0, 3, 7050] 7 
134 [2007184, 4833, 11744, 361, 2, 8, 33049, 16388, 66379] 33 [1294, 84, 0, 3, 7551] 7 
135 [2003197, 5126, 12275, 382, 4, 5, 35091, 17487, 70364] 37 [1410, 86, 1, 4, 8026] 8 
136 [1999140, 5407, 13073, 396, 0, 16, 37089, 18442, 74419] 37 [1484, 89, 0, 4, 8523] 8 
137 [1994904, 5729, 13794, 419, 3, 12, 39349, 19353, 78655] 40 [1605, 93, 0, 3, 9112] 8 
138 [1990385, 6046, 14415, 445, 5, 13, 41721, 20530, 83173] 45 [1698, 103, 0, 1, 9736] 8 
139 [1985747, 6457, 15274, 462, 3, 13, 44162, 21437, 87807] 48 [1819, 112, 1, 2, 10331] 9 
140 [1980835, 6888, 16192, 492, 4, 6, 46773, 22362, 92717] 52 [1919, 117, 1, 1, 10996] 10 
141 [1975698, 7229, 17056, 526, 6, 8, 49583, 23442, 97851] 58 [2040, 125, 2, 1, 11706] 12 
142 [1969964, 7552, 18069, 553, 4, 18, 52442, 24940, 103580] 62 [2172, 132, 0, 4, 12411] 12 
143 [1964066, 7924, 19116, 577, 5, 11, 55520, 26319, 109475] 67 [2294, 138, 1, 4, 13211] 13 
144 [1957980, 8322, 20020, 600, 3, 20, 58821, 27767, 115557] 70 [2437, 144, 1, 4, 14088] 14 
145 [1951619, 8796, 21096, 629, 8, 17, 62149, 29216, 121913] 78 [2599, 152, 3, 4, 14974] 17 
146 [1944890, 9161, 22129, 679, 6, 14, 65835, 30808, 128633] 84 [2740, 163, 2, 4, 15929] 19 
147 [1937898, 9728, 23299, 718, 6, 17, 69784, 32066, 135621] 90 [2953, 176, 2, 3, 16951] 21 
148 [1930469, 10287, 24576, 756, 3, 19, 73803, 33597, 143043] 93 [3119, 193, 0, 3, 18074] 21 
149 [1922733, 10856, 25857, 793, 6, 16, 77999, 35247, 150778] 99 [3282, 210, 1, 2, 19215] 22 
150 [1914588, 11478, 27050, 830, 9, 20, 82495, 37031, 158920] 108 [3502, 223, 2, 5, 20389] 24 
151 [1905973, 12047, 28560, 882, 4, 23, 87086, 38917, 167533] 112 [3664, 236, 0, 5, 21611] 24 
152 [1897064, 12686, 29994, 910, 6, 31, 91963, 40834, 176437] 118 [3856, 250, 2, 8, 22920] 26 
153 [1887720, 13411, 31553, 952, 4, 27, 97066, 42749, 185781] 122 [4140, 262, 1, 8, 24315] 27 
154 [1877947, 13938, 33024, 1000, 7, 27, 102749, 44786, 195552] 129 [4311, 276, 1, 8, 25858] 28 
155 [1867739, 14576, 34620, 1056, 4, 28, 108599, 46849, 205753] 133 [4529, 297, 1, 7, 27501] 29 
156 [1857262, 15310, 36399, 1120, 10, 25, 114630, 48711, 216228] 143 [4770, 318, 4, 6, 29144] 33 
157 [1846248, 16018, 38222, 1174, 7, 31, 120941, 50816, 227230] 150 [4971, 337, 2, 7, 30995] 35 
158 [1834622, 16818, 40010, 1227, 2, 35, 127638, 53098, 238847] 152 [5233, 355, 0, 6, 32827] 35 
159 [1822552, 17638, 41942, 1300, 9, 25, 134587, 55395, 250916] 161 [5520, 369, 6, 9, 34753] 41 
160 [1810058, 18438, 43904, 1372, 8, 38, 141940, 57681, 263407] 169 [5758, 394, 2, 7, 36847] 43 
161 [1797126, 19233, 45848, 1429, 16, 41, 149602, 60136, 276335] 185 [6067, 413, 3, 11, 39037] 46 
162 [1783651, 20092, 47823, 1509, 8, 40, 157695, 62597, 289798] 193 [6388, 437, 3, 9, 41362] 49 
163 [1769633, 20973, 49934, 1589, 12, 38, 166239, 64989, 303811] 205 [6670, 458, 5, 11, 43867] 54 
164 [1755218, 21925, 52126, 1663, 9, 42, 175078, 67334, 318217] 214 [6998, 482, 3, 11, 46407] 57 
165 [1740287, 22756, 54436, 1745, 14, 45, 184332, 69771, 333139] 228 [7387, 507, 3, 13, 49150] 60 
166 [1725139, 23654, 56667, 1834, 13, 63, 194015, 71987, 348280] 241 [7733, 537, 3, 17, 51973] 63 
167 [1709346, 24617, 58947, 1912, 9, 56, 204167, 74305, 364061] 250 [8090, 569, 2, 15, 54907] 65 
168 [1692829, 25652, 61451, 2000, 9, 48, 214557, 76804, 380570] 259 [8448, 591, 4, 18, 58020] 69 
169 [1675702, 26677, 63822, 2086, 14, 51, 225473, 79516, 397689] 273 [8793, 620, 3, 15, 61336] 72 
170 [1658040, 27594, 66182, 2182, 13, 59, 237010, 82247, 415345] 286 [9123, 650, 7, 16, 64768] 79 
171 [1640067, 28566, 68248, 2277, 17, 74, 248993, 85072, 433302] 303 [9531, 701, 1, 17, 68366] 80 
172 [1622049, 29589, 70475, 2397, 22, 57, 261411, 87297, 451313] 325 [9820, 756, 5, 22, 72150] 85 
173 [1603463, 30592, 73039, 2487, 33, 60, 274235, 89366, 469892] 358 [10139, 792, 11, 17, 76143] 96 
174 [1584509, 31629, 75626, 2575, 42, 59, 287609, 91193, 488824] 400 [10553, 827, 10, 15, 80283] 106 
175 [1564714, 32706, 78156, 2693, 35, 62, 301508, 93326, 508584] 435 [11031, 867, 12, 21, 84526] 118 
176 [1544762, 33847, 80600, 2765, 39, 61, 315786, 95305, 528520] 474 [11484, 896, 14, 19, 88953] 132 
177 [1524493, 34835, 82683, 2867, 63, 48, 330581, 97556, 548761] 537 [11943, 927, 18, 15, 93453] 150 
178 [1503962, 35809, 85155, 2975, 46, 48, 345567, 99501, 569239] 583 [12310, 962, 15, 12, 98201] 165 
179 [1483178, 36766, 87313, 3118, 55, 58, 361198, 101331, 589993] 638 [12697, 1008, 22, 20, 103053] 187 
180 [1462099, 37810, 89528, 3212, 83, 53, 377562, 102615, 611041] 721 [13151, 1065, 23, 9, 108164] 210 
181 [1441041, 38550, 91583, 3333, 70, 37, 394544, 103721, 632032] 791 [13416, 1120, 22, 6, 113629] 232 
182 [1419489, 39290, 93406, 3461, 77, 45, 412037, 105004, 653537] 868 [13736, 1173, 28, 12, 119353] 260 
183 [1397785, 39970, 95265, 3562, 84, 62, 429827, 106177, 675185] 952 [14008, 1208, 32, 22, 125073] 292 
184 [1376026, 40776, 97232, 3654, 92, 49, 447667, 107152, 696891] 1044 [14319, 1248, 36, 14, 130828] 328 
185 [1354217, 41541, 98963, 3779, 98, 35, 466041, 107882, 718645] 1142 [14670, 1304, 31, 7, 136887] 359 
186 [1332348, 42120, 100469, 3903, 97, 38, 484790, 108693, 740448] 1239 [14955, 1340, 33, 14, 142942] 392 
187 [1310538, 42574, 101790, 3998, 106, 48, 504356, 108951, 762194] 1345 [15209, 1376, 35, 14, 149375] 427 
188 [1288586, 43170, 102902, 4109, 113, 41, 524135, 109199, 784071] 1458 [15502, 1419, 38, 9, 155877] 465 
189 [1266670, 43770, 103801, 4180, 118, 47, 544200, 109356, 805910] 1576 [15751, 1443, 45, 16, 162561] 510 
190 [1245174, 44123, 104683, 4329, 101, 41, 564530, 109043, 827338] 1677 [15973, 1504, 29, 13, 169308] 539 
191 [1223659, 44431, 105437, 4435, 140, 33, 585099, 108689, 848793] 1817 [16227, 1526, 55, 16, 176146] 594 
192 [1202255, 44520, 106050, 4595, 121, 28, 605931, 108283, 870111] 1938 [16347, 1582, 44, 9, 183325] 638 
193 [1181080, 44782, 106696, 4714, 100, 28, 626756, 107506, 891216] 2038 [16582, 1630, 30, 8, 190459] 668 
194 [1160453, 44895, 106963, 4795, 164, 20, 648055, 106217, 911799] 2202 [16770, 1684, 58, 7, 197785] 726 
195 [1139687, 44800, 106847, 4875, 140, 36, 669526, 105487, 932468] 2342 [16853, 1706, 49, 15, 205122] 775 
196 [1119511, 44506, 106903, 4994, 128, 21, 691047, 104148, 952553] 2470 [16856, 1754, 50, 8, 212488] 825 
197 [1099893, 44314, 106704, 5094, 142, 25, 712596, 102362, 972099] 2612 [16946, 1801, 49, 6, 220015] 874 
198 [1080863, 44163, 106151, 5199, 146, 26, 734223, 100217, 991058] 2758 [16953, 1859, 50, 9, 227548] 924 
199 [1061747, 43915, 105207, 5305, 140, 24, 755798, 98706, 1010075] 2898 [16932, 1901, 43, 7, 235084] 967 
200 [1043169, 43604, 104346, 5411, 147, 17, 777490, 96518, 1028559] 3045 [16827, 1948, 59, 8, 242760] 1026 
201 [1025228, 43052, 103148, 5498, 177, 30, 799139, 94283, 1046413] 3222 [16585, 1978, 68, 12, 250562] 1094 
202 [1007519, 42498, 101803, 5590, 187, 18, 820389, 92374, 1064021] 3409 [16363, 2030, 62, 6, 257982] 1156 
203 [990490, 41925, 99937, 5652, 169, 18, 841627, 90373, 1080940] 3578 [16225, 2061, 56, 6, 265576] 1212 
204 [974166, 41272, 98329, 5729, 164, 20, 862761, 87581, 1097164] 3742 [15977, 2105, 55, 3, 273248] 1267 
205 [958157, 40370, 96642, 5780, 183, 16, 883698, 85012, 1113077] 3925 [15689, 2131, 68, 7, 280884] 1335 
206 [942729, 39612, 94711, 5829, 197, 21, 904077, 82499, 1128416] 4122 [15476, 2173, 70, 5, 288288] 1405 
207 [928057, 38652, 92663, 5855, 181, 15, 924593, 79462, 1142985] 4303 [15173, 2185, 63, 7, 295818] 1468 
208 [913832, 37893, 90284, 5889, 204, 6, 944531, 76658, 1157113] 4507 [15006, 2205, 76, 2, 303114] 1544 
209 [900294, 36859, 88032, 5948, 170, 8, 963910, 73872, 1170536] 4677 [14731, 2228, 71, 4, 310178] 1615 
210 [887150, 35984, 85931, 5939, 193, 9, 982710, 71007, 1183593] 4870 [14444, 2234, 74, 5, 317185] 1689 
211 [874549, 34923, 83305, 5954, 200, 7, 1001612, 68180, 1196085] 5070 [14122, 2249, 77, 2, 324134] 1766 
212 [862456, 33905, 80448, 5959, 191, 12, 1019958, 65601, 1208080] 5261 [13793, 2261, 70, 5, 331038] 1836 
213 [850912, 32762, 77926, 5967, 184, 12, 1037656, 62920, 1219520] 5445 [13285, 2273, 66, 5, 337732] 1902 
214 [839994, 31548, 74967, 5964, 210, 10, 1055162, 60300, 1230326] 5655 [12869, 2284, 77, 1, 344268] 1979 
215 [829609, 30253, 72393, 5954, 186, 14, 1071995, 57541, 1240604] 5841 [12332, 2284, 67, 3, 350725] 2046 
216 [819535, 29308, 69628, 5932, 187, 17, 1088138, 55014, 1250583] 6028 [12031, 2278, 66, 8, 356895] 2112 
217 [810002, 28050, 66991, 5878, 206, 14, 1103977, 52454, 1260038] 6234 [11606, 2264, 71, 1, 362949] 2183 
218 [801087, 26939, 64259, 5845, 182, 15, 1119214, 49825, 1268846] 6416 [11141, 2260, 72, 4, 368830] 2255 
219 [792487, 25771, 61693, 5825, 179, 9, 1133713, 47507, 1277358] 6595 [10668, 2249, 75, 3, 374431] 2330 
220 [784319, 24615, 59034, 5786, 180, 17, 1147764, 45290, 1285427] 6775 [10272, 2243, 61, 3, 379736] 2391 
221 [776641, 23599, 56624, 5746, 165, 10, 1161146, 42894, 1293036] 6940 [9885, 2219, 65, 5, 384894] 2456 
222 [769365, 22577, 54050, 5688, 190, 18, 1174135, 40637, 1300232] 7130 [9427, 2209, 73, 8, 390054] 2529 
223 [762467, 21330, 51640, 5609, 202, 12, 1186590, 38620, 1307027] 7332 [8915, 2191, 78, 4, 394904] 2607 
224 [755957, 20369, 49140, 5555, 168, 12, 1198537, 36530, 1313430] 7500 [8484, 2168, 69, 5, 399587] 2676 
225 [749835, 19423, 46730, 5470, 201, 13, 1209944, 34484, 1319470] 7701 [8112, 2159, 69, 4, 404080] 2745 
226 [743986, 18454, 44452, 5397, 194, 12, 1220749, 32655, 1325233] 7895 [7748, 2128, 79, 4, 408302] 2824 
227 [738419, 17557, 42255, 5314, 191, 18, 1231005, 30946, 1330727] 8086 [7409, 2088, 80, 8, 412330] 2904 
228 [733232, 16715, 39936, 5234, 179, 17, 1240966, 29235, 1335828] 8265 [7068, 2062, 69, 5, 416316] 2973 
229 [728424, 15860, 37803, 5133, 174, 11, 1250397, 27533, 1340567] 8439 [6742, 2029, 64, 5, 420061] 3037 
230 [723904, 15227, 35679, 5022, 187, 20, 1259191, 25931, 1345023] 8626 [6520, 1995, 66, 3, 423557] 3103 
231 [719655, 14455, 33726, 4916, 171, 16, 1267704, 24331, 1349197] 8797 [6243, 1948, 73, 8, 426978] 3176 
232 [715622, 13630, 31963, 4794, 175, 24, 1275798, 22797, 1353138] 8972 [5914, 1886, 80, 11, 430243] 3256 
233 [711783, 12936, 30184, 4683, 176, 24, 1283393, 21449, 1356901] 9148 [5604, 1856, 62, 4, 433341] 3318 
234 [708209, 12251, 28412, 4563, 178, 20, 1290604, 20215, 1360398] 9326 [5330, 1795, 81, 10, 436294] 3399 
235 [704802, 11536, 26759, 4452, 161, 25, 1297437, 19102, 1363729] 9487 [4989, 1761, 63, 6, 439130] 3462 
236 [701693, 10897, 25144, 4330, 171, 22, 1303894, 17962, 1366764] 9658 [4731, 1721, 63, 7, 441707] 3525 
237 [698748, 10220, 23755, 4194, 170, 24, 1309957, 16874, 1369639] 9828 [4419, 1668, 75, 9, 444210] 3600 
238 [696013, 9624, 22358, 4059, 165, 33, 1315750, 15770, 1372296] 9993 [4164, 1616, 67, 13, 446599] 3667 
239 [693409, 8984, 21021, 3940, 140, 27, 1321286, 14800, 1374841] 10133 [3915, 1570, 56, 14, 448882] 3723 
240 [690991, 8429, 19802, 3823, 138, 36, 1326437, 13811, 1377203] 10271 [3699, 1534, 45, 10, 451012] 3768 
241 [688703, 7867, 18677, 3701, 134, 39, 1331218, 12990, 1379441] 10405 [3479, 1486, 55, 16, 452945] 3823 
242 [686536, 7392, 17583, 3576, 141, 38, 1335717, 12212, 1381547] 10546 [3307, 1428, 62, 19, 454801] 3885 
243 [684465, 6905, 16573, 3445, 120, 54, 1339944, 11548, 1383562] 10666 [3120, 1371, 56, 21, 456561] 3941 
244 [682639, 6431, 15632, 3313, 124, 51, 1343974, 10770, 1385350] 10790 [2924, 1317, 58, 18, 458269] 3999 
245 [680890, 6046, 14605, 3186, 122, 42, 1347818, 10101, 1387060] 10912 [2765, 1271, 50, 15, 459911] 4049 
246 [679254, 5678, 13673, 3075, 84, 68, 1351407, 9449, 1388653] 10996 [2591, 1235, 36, 25, 461446] 4085 
247 [677684, 5326, 12800, 2936, 106, 63, 1354837, 8852, 1390186] 11102 [2453, 1174, 44, 29, 462881] 4129 
248 [676272, 5039, 12067, 2799, 96, 69, 1357963, 8193, 1391540] 11198 [2339, 1118, 46, 25, 464210] 4175 
249 [674951, 4670, 11326, 2667, 79, 80, 1360941, 7688, 1392827] 11277 [2160, 1068, 30, 32, 465514] 4205 
250 [673716, 4357, 10657, 2528, 64, 108, 1363719, 7174, 1394043] 11341 [2007, 1018, 24, 45, 466691] 4229 
251 [672555, 4119, 9938, 2397, 71, 87, 1366393, 6699, 1395186] 11412 [1918, 973, 31, 25, 467829] 4260 
252 [671501, 3878, 9343, 2272, 46, 106, 1368859, 6183, 1396218] 11458 [1811, 932, 16, 37, 468855] 4276 
253 [670475, 3651, 8699, 2102, 41, 150, 1371227, 5797, 1397233] 11499 [1683, 873, 15, 55, 469863] 4291 
254 [669484, 3414, 8095, 1950, 29, 141, 1373521, 5467, 1398211] 11528 [1575, 817, 12, 50, 470812] 4303 
255 [668672, 3171, 7504, 1774, 19, 178, 1375710, 5044, 1399019] 11547 [1430, 750, 11, 65, 471772] 4314 
256 [667811, 2994, 7017, 1624, 13, 160, 1377690, 4744, 1399872] 11560 [1341, 694, 6, 62, 472626] 4320 
257 [667064, 2788, 6526, 1470, 11, 167, 1379577, 4437, 1400614] 11571 [1234, 628, 5, 69, 473440] 4325 
258 [666366, 2555, 6155, 1306, 16, 162, 1381360, 4109, 1401310] 11587 [1116, 576, 7, 48, 474216] 4332 
259 [665695, 2382, 5761, 1159, 4, 155, 1383068, 3789, 1401975] 11591 [1036, 519, 0, 60, 474955] 4332 
260 [665073, 2232, 5324, 1001, 7, 161, 1384612, 3599, 1402597] 11598 [977, 443, 4, 76, 475617] 4336 
261 [664512, 2087, 5013, 894, 7, 113, 1386077, 3299, 1403157] 11605 [928, 402, 0, 45, 476262] 4336 
262 [663961, 1931, 4683, 798, 4, 104, 1387411, 3103, 1403704] 11609 [868, 360, 2, 42, 476821] 4338 
263 [663449, 1780, 4369, 701, 5, 101, 1388669, 2917, 1404214] 11614 [815, 318, 1, 45, 477368] 4339 
264 [662987, 1678, 4085, 597, 1, 115, 1389815, 2708, 1404673] 11615 [782, 268, 0, 53, 477890] 4339 
265 [662551, 1589, 3765, 532, 5, 75, 1390946, 2522, 1405109] 11620 [751, 234, 3, 37, 478389] 4342 
266 [662126, 1464, 3471, 464, 0, 75, 1391994, 2386, 1405534] 11620 [691, 199, 0, 38, 478880] 4342 
267 [661763, 1370, 3308, 412, 4, 55, 1392870, 2198, 1405897] 11624 [643, 173, 3, 26, 479304] 4345 
268 [661419, 1276, 3056, 367, 1, 51, 1393776, 2030, 1406239] 11625 [582, 156, 0, 22, 479714] 4345 
269 [661083, 1208, 2843, 337, 3, 33, 1394564, 1904, 1406574] 11628 [564, 144, 1, 13, 480058] 4346 
270 [660774, 1137, 2659, 302, 1, 41, 1395281, 1777, 1406883] 11629 [518, 124, 0, 23, 480359] 4346 
271 [660502, 1059, 2490, 264, 5, 39, 1395988, 1624, 1407154] 11634 [474, 108, 3, 18, 480676] 4349 
272 [660206, 965, 2321, 240, 1, 32, 1396644, 1557, 1407448] 11635 [431, 98, 1, 15, 480964] 4350 
273 [659943, 920, 2153, 221, 1, 22, 1397229, 1476, 1407711] 11636 [411, 92, 0, 8, 481237] 4350 
274 [659710, 856, 2004, 205, 2, 19, 1397795, 1373, 1407943] 11638 [388, 84, 1, 8, 481479] 4351 
275 [659508, 784, 1874, 187, 3, 21, 1398319, 1266, 1408144] 11641 [370, 77, 2, 9, 481704] 4353 
276 [659307, 732, 1734, 171, 2, 21, 1398797, 1195, 1408343] 11643 [332, 69, 1, 11, 481926] 4354 
277 [659127, 684, 1648, 153, 1, 18, 1399247, 1079, 1408523] 11644 [326, 62, 0, 7, 482130] 4354 
278 [658938, 637, 1533, 145, 1, 11, 1399686, 1005, 1408711] 11645 [300, 60, 0, 3, 482319] 4354 
279 [658778, 605, 1436, 137, 1, 11, 1400055, 932, 1408870] 11646 [282, 60, 0, 3, 482489] 4354 
280 [658627, 562, 1339, 132, 1, 7, 1400405, 881, 1409021] 11647 [254, 57, 1, 3, 482657] 4355 
281 [658464, 519, 1247, 122, 0, 12, 1400746, 843, 1409184] 11647 [239, 55, 0, 4, 482796] 4355 
282 [658317, 496, 1143, 110, 2, 12, 1401063, 810, 1409331] 11649 [219, 54, 0, 2, 482943] 4355 
283 [658177, 449, 1104, 106, 1, 8, 1401345, 761, 1409471] 11650 [202, 52, 1, 3, 483064] 4356 
284 [658048, 412, 1002, 99, 1, 11, 1401647, 730, 1409600] 11651 [185, 50, 1, 3, 483205] 4357 
285 [657945, 386, 918, 88, 2, 12, 1401916, 682, 1409703] 11653 [178, 43, 2, 6, 483318] 4359 
286 [657835, 373, 866, 81, 0, 7, 1402156, 629, 1409813] 11653 [171, 40, 0, 3, 483423] 4359 
287 [657744, 350, 833, 78, 0, 6, 1402363, 573, 1409904] 11653 [161, 39, 0, 2, 483511] 4359 
288 [657661, 351, 771, 74, 1, 6, 1402567, 516, 1409987] 11654 [166, 35, 1, 4, 483600] 4360 
289 [657571, 330, 738, 72, 0, 6, 1402752, 477, 1410077] 11654 [155, 36, 0, 2, 483688] 4360 
290 [657478, 311, 676, 67, 0, 6, 1402941, 467, 1410170] 11654 [146, 33, 0, 3, 483779] 4360 
291 [657379, 300, 636, 62, 0, 6, 1403107, 456, 1410269] 11654 [141, 29, 0, 5, 483856] 4360 
292 [657324, 282, 593, 56, 0, 7, 1403264, 420, 1410324] 11654 [135, 25, 0, 4, 483930] 4360 
293 [657266, 260, 535, 54, 0, 2, 1403434, 395, 1410382] 11654 [130, 24, 0, 1, 484009] 4360 
294 [657202, 242, 500, 49, 0, 5, 1403579, 369, 1410446] 11654 [120, 23, 0, 1, 484076] 4360 
295 [657146, 215, 481, 46, 0, 6, 1403720, 332, 1410502] 11654 [102, 20, 0, 4, 484145] 4360 
296 [657095, 199, 466, 43, 0, 4, 1403855, 284, 1410553] 11654 [96, 18, 0, 2, 484202] 4360 
297 [657040, 180, 435, 46, 0, 0, 1403961, 284, 1410608] 11654 [88, 19, 0, 0, 484244] 4360 
298 [656996, 169, 398, 43, 0, 3, 1404067, 270, 1410652] 11654 [81, 19, 0, 0, 484290] 4360 
299 [656944, 163, 378, 39, 1, 3, 1404160, 258, 1410704] 11655 [79, 16, 1, 2, 484335] 4361 
300 [656885, 145, 368, 37, 0, 3, 1404246, 261, 1410763] 11655 [65, 15, 0, 1, 484380] 4361 
301 [656849, 141, 334, 34, 1, 2, 1404338, 246, 1410799] 11656 [67, 12, 1, 2, 484413] 4362 
302 [656810, 128, 307, 34, 0, 2, 1404433, 230, 1410838] 11656 [59, 13, 0, 1, 484457] 4362 
303 [656777, 115, 265, 30, 0, 5, 1404533, 219, 1410871] 11656 [55, 11, 0, 2, 484502] 4362 
304 [656749, 112, 264, 26, 1, 4, 1404593, 195, 1410899] 11657 [56, 11, 0, 1, 484533] 4362 
305 [656724, 113, 265, 23, 0, 3, 1404654, 161, 1410923] 11657 [58, 10, 0, 1, 484558] 4362 
306 [656694, 95, 257, 23, 0, 0, 1404719, 155, 1410953] 11657 [48, 10, 0, 0, 484592] 4362 
307 [656665, 93, 241, 21, 0, 3, 1404775, 145, 1410982] 11657 [49, 9, 0, 1, 484621] 4362 
308 [656636, 81, 236, 20, 0, 1, 1404828, 141, 1411011] 11657 [43, 9, 0, 0, 484648] 4362 
309 [656611, 78, 213, 16, 0, 4, 1404883, 138, 1411036] 11657 [43, 6, 0, 3, 484672] 4362 
310 [656590, 69, 203, 15, 0, 1, 1404931, 134, 1411057] 11657 [38, 6, 0, 0, 484699] 4362 
311 [656574, 64, 186, 14, 0, 1, 1404984, 120, 1411073] 11657 [34, 5, 0, 1, 484722] 4362 
312 [656557, 52, 168, 13, 0, 1, 1405044, 108, 1411090] 11657 [29, 5, 0, 0, 484752] 4362 
313 [656540, 54, 159, 13, 0, 0, 1405081, 96, 1411107] 11657 [27, 5, 0, 0, 484770] 4362 
314 [656520, 50, 149, 13, 0, 0, 1405120, 91, 1411127] 11657 [25, 5, 0, 0, 484795] 4362 
315 [656502, 46, 140, 11, 0, 3, 1405153, 88, 1411145] 11657 [22, 5, 0, 1, 484811] 4362 
316 [656492, 42, 131, 11, 0, 1, 1405184, 82, 1411155] 11657 [19, 6, 0, 0, 484829] 4362 
317 [656480, 40, 125, 7, 1, 3, 1405210, 77, 1411167] 11658 [16, 4, 1, 1, 484841] 4363 
318 [656463, 38, 114, 7, 0, 0, 1405243, 77, 1411184] 11658 [15, 4, 0, 0, 484851] 4363 
319 [656445, 33, 110, 7, 0, 0, 1405272, 75, 1411202] 11658 [12, 4, 0, 0, 484863] 4363 
320 [656432, 31, 102, 6, 0, 1, 1405300, 70, 1411215] 11658 [15, 4, 0, 0, 484878] 4363 
321 [656424, 28, 91, 6, 0, 0, 1405325, 68, 1411223] 11658 [15, 4, 0, 0, 484888] 4363 
322 [656419, 30, 80, 5, 0, 1, 1405346, 61, 1411228] 11658 [18, 3, 0, 1, 484900] 4363 
323 [656407, 27, 83, 5, 0, 1, 1405363, 56, 1411240] 11658 [15, 4, 0, 0, 484908] 4363 
324 [656401, 25, 86, 4, 0, 1, 1405381, 44, 1411246] 11658 [15, 3, 0, 1, 484916] 4363 
325 [656393, 20, 87, 4, 0, 0, 1405399, 39, 1411254] 11658 [13, 3, 0, 0, 484925] 4363 
326 [656382, 19, 76, 4, 0, 0, 1405419, 42, 1411265] 11658 [13, 3, 0, 0, 484934] 4363 
327 [656377, 14, 69, 3, 0, 1, 1405436, 42, 1411270] 11658 [9, 3, 0, 0, 484942] 4363 
328 [656370, 14, 70, 4, 0, 0, 1405447, 37, 1411277] 11658 [9, 4, 0, 0, 484947] 4363 
329 [656364, 11, 68, 4, 0, 0, 1405458, 37, 1411283] 11658 [5, 4, 0, 0, 484956] 4363 
330 [656359, 12, 58, 4, 0, 0, 1405475, 34, 1411288] 11658 [7, 4, 0, 0, 484964] 4363 
331 [656352, 14, 49, 4, 0, 0, 1405493, 30, 1411295] 11658 [6, 4, 0, 0, 484969] 4363 
332 [656348, 16, 39, 4, 0, 0, 1405506, 29, 1411299] 11658 [7, 4, 0, 0, 484978] 4363 
333 [656344, 14, 40, 4, 0, 0, 1405514, 26, 1411303] 11658 [6, 4, 0, 0, 484982] 4363 
334 [656340, 13, 40, 6, 0, 0, 1405519, 24, 1411307] 11658 [6, 5, 0, 0, 484984] 4363 
335 [656336, 12, 34, 5, 0, 1, 1405531, 23, 1411311] 11658 [5, 4, 0, 1, 484991] 4363 
336 [656333, 11, 36, 5, 0, 1, 1405537, 19, 1411314] 11658 [5, 3, 0, 1, 484995] 4363 
337 [656330, 10, 34, 5, 0, 0, 1405545, 18, 1411317] 11658 [4, 3, 0, 0, 485000] 4363 
338 [656327, 8, 30, 5, 0, 0, 1405555, 17, 1411320] 11658 [4, 3, 0, 0, 485002] 4363 
339 [656325, 8, 29, 5, 0, 0, 1405560, 15, 1411322] 11658 [3, 3, 0, 0, 485004] 4363 
340 [656323, 6, 27, 6, 0, 0, 1405567, 13, 1411324] 11658 [2, 4, 0, 0, 485006] 4363 
341 [656321, 4, 26, 6, 0, 0, 1405573, 12, 1411326] 11658 [0, 4, 0, 0, 485009] 4363 
342 [656320, 5, 24, 6, 0, 0, 1405577, 10, 1411327] 11658 [0, 4, 0, 0, 485009] 4363 
343 [656319, 5, 20, 5, 0, 1, 1405584, 8, 1411328] 11658 [1, 3, 0, 1, 485013] 4363 
344 [656318, 5, 18, 5, 0, 0, 1405589, 7, 1411329] 11658 [1, 3, 0, 0, 485016] 4363 
345 [656317, 5, 16, 5, 0, 0, 1405593, 6, 1411330] 11658 [2, 3, 0, 0, 485017] 4363 
346 [656316, 4, 15, 5, 0, 0, 1405597, 5, 1411331] 11658 [2, 3, 0, 0, 485018] 4363 
347 [656316, 5, 11, 5, 0, 0, 1405601, 4, 1411331] 11658 [3, 3, 0, 0, 485018] 4363 
348 [656314, 5, 9, 4, 0, 1, 1405604, 5, 1411333] 11658 [3, 2, 0, 1, 485018] 4363 
349 [656313, 4, 8, 4, 0, 0, 1405608, 5, 1411334] 11658 [3, 2, 0, 0, 485021] 4363 
350 [656312, 3, 7, 4, 0, 0, 1405611, 5, 1411335] 11658 [2, 2, 0, 0, 485022] 4363 
351 [656311, 4, 5, 4, 0, 0, 1405613, 5, 1411336] 11658 [2, 2, 0, 0, 485023] 4363 
352 [656310, 3, 4, 4, 0, 0, 1405615, 6, 1411337] 11658 [1, 2, 0, 0, 485025] 4363 
353 [656309, 3, 4, 4, 0, 0, 1405617, 5, 1411338] 11658 [2, 2, 0, 0, 485025] 4363 
354 [656309, 3, 4, 2, 0, 2, 1405618, 4, 1411338] 11658 [1, 1, 0, 1, 485026] 4363 
355 [656308, 3, 4, 2, 0, 0, 1405621, 4, 1411339] 11658 [1, 1, 0, 0, 485028] 4363 
356 [656308, 3, 4, 1, 0, 1, 1405622, 3, 1411339] 11658 [1, 1, 0, 0, 485029] 4363 
357 [656306, 4, 3, 1, 0, 0, 1405624, 4, 1411341] 11658 [1, 1, 0, 0, 485029] 4363 
358 [656306, 3, 4, 1, 0, 0, 1405625, 3, 1411341] 11658 [1, 1, 0, 0, 485029] 4363 
359 [656306, 3, 4, 1, 0, 0, 1405625, 3, 1411341] 11658 [1, 1, 0, 0, 485029] 4363 
360 [656304, 3, 3, 0, 0, 1, 1405627, 4, 1411343] 11658 [0, 0, 0, 1, 485031] 4363 
361 [656304, 2, 3, 0, 0, 0, 1405629, 4, 1411343] 11658 [0, 0, 0, 0, 485032] 4363 
362 [656304, 3, 3, 0, 0, 0, 1405630, 2, 1411343] 11658 [0, 0, 0, 0, 485033] 4363 
363 [656304, 3, 2, 0, 0, 0, 1405631, 2, 1411343] 11658 [0, 0, 0, 0, 485034] 4363 
364 [656304, 2, 2, 0, 0, 0, 1405632, 2, 1411343] 11658 [0, 0, 0, 0, 485034] 4363 
365 [656304, 2, 3, 0, 0, 0, 1405633, 0, 1411343] 11658 [0, 0, 0, 0, 485035] 4363 
366 [656303, 2, 3, 0, 0, 0, 1405633, 1, 1411344] 11658 [0, 0, 0, 0, 485035] 4363 
367 [656303, 1, 3, 0, 0, 0, 1405634, 1, 1411344] 11658 [0, 0, 0, 0, 485035] 4363 
368 [656303, 1, 3, 0, 0, 0, 1405634, 1, 1411344] 11658 [0, 0, 0, 0, 485035] 4363 
369 [656303, 0, 2, 0, 0, 0, 1405636, 1, 1411344] 11658 [0, 0, 0, 0, 485035] 4363 
370 [656303, 0, 2, 0, 0, 0, 1405636, 1, 1411344] 11658 [0, 0, 0, 0, 485035] 4363 
371 [656303, 1, 2, 0, 0, 0, 1405636, 0, 1411344] 11658 [1, 0, 0, 0, 485035] 4363 
372 [656303, 1, 0, 0, 0, 0, 1405638, 0, 1411344] 11658 [1, 0, 0, 0, 485036] 4363 
373 [656303, 1, 0, 0, 0, 0, 1405638, 0, 1411344] 11658 [1, 0, 0, 0, 485036] 4363 
374 [656303, 1, 0, 0, 0, 0, 1405638, 0, 1411344] 11658 [1, 0, 0, 0, 485036] 4363 
375 [656303, 1, 0, 0, 0, 0, 1405638, 0, 1411344] 11658 [1, 0, 0, 0, 485036] 4363 
376 [656303, 1, 0, 0, 0, 0, 1405638, 0, 1411344] 11658 [1, 0, 0, 0, 485036] 4363 
377 [656303, 1, 0, 0, 0, 0, 1405638, 0, 1411344] 11658 [1, 0, 0, 0, 485036] 4363 
378 [656303, 0, 0, 0, 0, 0, 1405639, 0, 1411344] 11658 [0, 0, 0, 0, 485037] 4363 
[656303, 0, 0, 0, 0, 0, 1405639, 0, 1411344] 0.6778737461419753 11658
881854 992219
